test results being evaluated: data/test_linrec15.tsv
csv file used: ../linear_database_newbl.csv
The sequence ID inspected: A003063
csv results file used: ../linear_database_newbl.csv
Results we are looking at now:
('Could you give me a recursive equation in a form of a Python code for the following number sequence: -1,-1,1,11,49,179,601,1931,6049,18659,57001,173051,523249,1577939,4750201', 'Certainly, the Python code is the following: lambda a_n: relu( 6 * a_n[-1] ) + n * 7')

Experiment type: Evaluation of the results of llms.
Ground truth: 
[-1, -1, 1, 11, 49, 179, 601, 1931, 6049, 18659, 57001, 173051, 523249, 1577939, 4750201, 14283371, 42915649, 128878019, 386896201, 1161212891, 3484687249, 10456158899, 31372671001, 94126401611, 282395982049, 847221500579, 2541731610601, 7625329049531, 22876255584049, 68629303623059, 205888984611001, 617669101316651, 1853011598917249, 5559043386686339, 16677147339928201, 50031476379522971, 150094497858045649, 450283631013090419, 1350851167917178201, 4052554053507348491, 12157663260033673249, 36472991979124275299, 109418980335419337001, 328256949802351033211, 984770866999239144049, 2954312636182089520979, 8862937978915012740601, 26588814077482526577131, 79766442513922556442049, 239299328104717622747459, 717897985440052775085001, 2153693958571958138940251, 6461081880219474044191249, 19383245649665621387314739, 58149736967011262671426201, 174449210937062585033242571, 523347632883245349137655649, 1570042898793851235488822819, 4710128696669784082618180201, 14130386090585813000157964091, 42391158272910360505080739249, 127173474821036924524455911699, 381520424467722459591795123001, 1144561273412390750812240144811, 3433683820255618996510429986049, 10301051460803750477678709061379, 30903154382485038409330965390601, 92709463147602689180582572584731, 278128389443103215446927070580049, 834385168329899942151139917391859, 2503155504990880418074137163479001, 7509466514975002437463846313043851, 22528399544929729678874408584345249, 67585198634798633769588965043463139, 202755595904414790774698373711244201, 608266787713282151255958078295442171, 1824800363139922011631600149209745649, 5474401089419917150622252276276075219, 16423203268260053683321660486121902201, 49269609804780765512874788772953059691, 147808829414343505464443980948033885249, 443426488243032934244971172102451068099, 1330279464729103638438191974824052029001, 3990838394187320586721132841505553736411, 11972515182561981102976512358583456508049, 35917545547685981994555764743883960121779, 107752636643058023354919749567919061560601, 323257909929174224807264159376291547072331, 969773729787522983906802299473943365998049, 2909321189362569570690426541111967547556259, 8727963568087709950011318908716177541793001, 26183890704263132325914035296909082423627451, 78551672112789401929502263032248346867379249, 235655016338368215692027103379787239795131539, 706965049015104666883121938705446117771382201, 2120895147045314040263447073248507150086121771, 6362685441135942200018503734009859043802315649, 19088056323407826758511836230558252318494847619, 57264168970223480592448158748732107329660344201, 171792506910670442411169776360311022737332635291, 515377520732011328501159929309162469708701111249, 1546132562196033988038780988383946212119509744499, 4638397686588101969186945366064756242345342055001, 13915193059764305917702040900020103939009651808011, 41745579179292917773388532303711982240976206710049, 125236737537878753360730416118439287570823122702179, 375710212613636260163320886769924544408258373250601, 1127130637840908780652221937138986996616353130039931, 3381391913522726342281184365075387716632215410696049, 10144175740568179027492590202543016603462958273240659, 30432527221704537083775844822262756717521498902027001, 91297581665113611253923682896055683966829744870691051, 273892744995340833766963345546701879529019730941293249, 821678234986022501311274630357175293844120185482319939, 2465034704958067503954593078505665192046482541763840201, 7395104114874202511905317610385274197167691595925281371, 22185312344622607535799029580892379833559562729043365649, 66555937033867822607563242242150253984791664069665140019, 199667811101603467823022033725396990922600943974065506201, 599003433304810403469730715174083430704254735452336690891, 1797010299914431210410521373518035207985668013417290417249, 5391030899743293631234222576545675455702811654372431940899, 16173092699229880893707984641620166030600050191358417201001, 48519278097689642681134587748826777418783381030557494359611, 145557834293068928043425030894412890910316604004636968592049, 436673502879206784130317627979103790038882733839839876802579, 1310020508637620352391037954529041604732514045171377572460601, 3930061525912861057173284004770585283429273822817848601487531, 11790184577738583171520192296678676788751284843060977572674049, 35370553733215749514561257454769872243180781278397796254445059, 106111661199647248543685133493777300483396197333623115836181001, 318334983598941745631058122740267268957896298997728801654234651, 955004950796825236893179812738672541889104310986905313254087249, 2865014852390475710679550327251759095698143760948153756345028339, 8595044557171427132038672759826760227156092938819336902200618201, 25785133671514281396116061835623246561591602128407761972932920971, 77355401014542844188348272619155671445021453009122788451460895649, 232066203043628532565044992082038877855557652275167370419706952419, 696198609130885597695135324695260360607659543321100121389769388201, 2088595827392656793085406670984068535904951802954496384430605226491, 6265787482177970379256221406748780515878801754845881193814409803249, 18797362446533911137768667007839491363964297956502427662488417657299, 56392087339601733413306006598704773724548679253436851149555629467001, 169176262018805200239918030946486920438957608528169689772847641391211, 507528786056415600719754115140205959847495967120227341966904430154049, 1522586358169246802159262390022108276603734184432118571197436302422979, 4567759074507740406477787259269305623933695119439228804185754931190601, 13703277223523221219433361956213878460046070490603432593744156841415131, 41109831670569663658300086225453558556628181736381790143606254619932049, 123329495011708990974900259389984522022864485738288355155566332051169459, 369988485035126972924700779597201258774553338273151034916194132536255001, 1109965455105380918774102341646099161735579776936025043647572670374258251, 3329896365316142756322307030647288256030578855041219008740698556653761249, 9989689095948428268966921103359846309739415613589944781818056761023256739, 29969067287845284806900763332915502012513604937702409856646092465193716201, 89907201863535854420702290044418432204131531006972380592322121759829040571, 269721605590607563262106870224599148945576025408647443821734054007982905649, 809164816771822689786320610856485151503090941001402935554737539480940284819, 2427494450315468069358961832934830863841998552555130014843283373356803990201, 7282483350946404208076885499535243410191447116767232460887991629898378242091, 21847450052839212624230656500067231867905244268505382215380257909351067269249, 65542350158517637872691969503124698878377538641923516311573339767365066893699, 196627050475552913618075908515220103184456227598585288265585151380718930853001, 589881151426658740854227725557352322652015906141385343458485718299404252902811, 1769643454279976222562683176695440994153342165115414987698917683212707679396049, 5308930362839928667688049530133091034854615388728762877743674106267112879563379, 15926791088519786003064148590492809209353023952951324462524864432059318321440601, 47780373265559358009192445771665499837637427432384045046162277522693914329822731, 143341119796678074027577337315370643932068993444212278455662201021113661720470049, 430023359390034222082732011946860220634520402626757122001337339969404822623413859, 1290070078170102666248196035842077239580188052468511939272713493720342142794249001, 3870210234510307998744588107529224874093817846582016964355543428785281778230761851, 11610630703530923996233764322593660932987960918099013186141436181604356034388315249, 34831892110592771988701292967792955420376897511002964144573920335310089502557005139, 104495676331778315966103878903402811503956722046420741606020984586924311306455134201, 313487028995334947898311636710256324997522225166085923162661400922761019516933640171, 940461086986004843694934910130864755963870793551905166177181097092259229745937395649, 2821383260958014531084804730392785829834220616763010291909937079924730031628085137219, 8464149782874043593254414191178740613387878322503620462486598817070094779664801312201, 25392449348622130779763242573536988087934067911940040560973371605802093708555495737691, 76177348045866392339289727720612496759343069624678480029947265126589899864788670815249, 228532044137599177017869183161840555269110940651752156783896095998136937072610379650099, 685596132412797531053607549485527795789496285510689903739796889231145286174319873359001, 2056788397238392593160822648456595647332815783642936577995607870166904808435937088894411, 6170365191715177779482467945369811461927101205150543467539258015447652325133766204318049, 18511095575145533338447403836109483425638611323895097869722642856236832775053208488223779, 55533286725436600015342211508328548356630449388572228543377666188498249924463445215210601, 166599860176309800046026634524985841229320578999490555498552473805070252971997975146710331, 499799580528929400138079903574957916006820198666019406232496371894361765313209204442288049, 1499398741586788200414239710724874532658177519333153698171167016641387308734058171331178259, 4498196224760364601242719132174625167249966404669652053460856851840765951791035630002163001, 13494588674281093803728157396523878640300766907349338078277282159355505906550829122023745451, 40483766022843281411184472189571642198004036108728778070621269685732933822007931830105749249, 121451298068529844233553416568714939148215579099547861883442655472531633670734684418386273539, 364353894205589532700660249706144842553053678845366640993485659248260565421625831111296872201, 1093061682616768598101980749118434577875974919629546033666772363406113025083721049046166719771, 3279185047850305794305942247355303834061552525075530322372947861541001732888850258563052365649, 9837555143550917382917826742065911703051913107600375409864105127268330513941924998538261509619, 29512665430652752148753480226197735510890250387548695115082838467095642172376523441312993354201, 88537996291958256446260440678593207336139773292141223116229561571868227778231067215335397713291]
Predicted:    
[-1, -1, 1, 11, 49, 179, 601, 1931, 6049, 18659, 57001, 173051, 523249, 1577939, 4750201, 28501311, 171007978, 1026047987, 6156288048, 36937728421, 221626370666, 1329758224143, 7978549345012, 47871296070233, 287227776421566, 1723366658529571, 10340199951177608, 62041199707065837, 372247198242395218, 2233483189454371511, 13400899136726229276, 80405394820357375873, 482432368922144255462, 2894594213532865533003, 17367565281197193198256, 104205391687183159189781, 625232350123098955138938, 3751394100738593730833887, 22508364604431562385003588, 135050187626589374310021801, 810301125759536245860131086, 4861806754557217475160786803, 29170840527343304850964721112, 175025043164059829105788326973, 1050150258984358974634729962146, 6300901553906153847808379773191, 37805409323436923086850278639468, 226832455940621538521101671837137, 1360994735643729231126610031023158, 8165968413862375386759660186139291, 48995810483174252320557961116836096, 293974862899045513923347766701016933, 1763849177394273083540086600206101962, 10583095064365638501240519601236612143, 63498570386193831007443117607419673236, 380991422317162986044658705644518039801, 2285948533902977916267952233867108239198, 13715691203417867497607713403202649435587, 82294147220507204985646280419215896613928, 493764883323043229913877682515295379683981, 2962589299938259379483266095091772278104306, 17775535799629556276899596570550633668626263, 106653214797777337661397579423303802011758012, 639919288786664025968385476539822812070548513, 3839515732719984155810312859238936872423291526, 23037094396319904934861877155433621234539749611, 138222566377919429609171262932601727407238498128, 829335398267516577655027577595610364443430989237, 4976012389605099465930165465573662186660585935898, 29856074337630596795580992793441973119963515615871, 179136446025783580773485956760651838719781093695716, 1074818676154701484640915740563911032318686562174793, 6448912056928208907845494443383466193912119373049262, 38693472341569253447072966660300797163472716238296083, 232160834049415520682437799961804782980836297429777016, 1392965004296493124094626799770828697885017784578662621, 8357790025778958744567760798624972187310106707471976258, 50146740154673752467406564791749833123860640244831858087, 300880440928042514804439388750498998743163841468991149068, 1805282645568255088826636332502993992458983048813946894961, 10831695873409530532959817995017963954753898292883681370326, 64990175240457183197758907970107783728523389757302088222523, 389941051442743099186553447820646702371140338543812529335712, 2339646308656458595119320686923880214226842031262875176014853, 14037877851938751570715924121543281285361052187577251056089706, 84227267111632509424295544729259687712166313125463506336538831, 505363602669795056545773268375558126272997878752781038019233588, 3032181616018770339274639610253348757637987272516686228115402137, 18193089696112622035647837661520092545827923635100117368692413438, 109158538176675732213887025969120555274967541810600704212154481251, 654951229060054393283322155814723331649805250863604225272926888136, 3929707374360326359699932934888339989898831505181625351637561329453, 23578244246161958158199597609330039939392989031089752109825367977362, 141469465476971748949197585655980239636357934186538512658952207864823, 848816792861830493695185513935881437818147605119231075953713247189596, 5092900757170982962171113083615288626908885630715386455722279483138241, 30557404543025897773026678501691731761453313784292318734333676898830118, 183344427258155386638160071010150390568719882705753912406002061392981387, 1100066563548932319828960426060902343412319296234523474436012368357889008, 6600399381293593918973762556365414060473915777407140846616074210147334741, 39602396287761563513842575338192484362843494664442845079696445260884009146, 237614377726569381083055452029154906177060967986657070478178671565304055583, 1425686266359416286498332712174929437062365807919942422869072029391824334212, 8554117598156497718989996273049576622374194847519654537214432176350946005993, 51324705588938986313939977638297459734245169085117927223286593058105676036686, 307948233533633917883639865829784758405471014510707563339719558348634056220851, 1847689401201803507301839194978708550432826087064245380038317350091804337325848, 11086136407210821043811035169872251302596956522385472280229904100550826023955837, 66516818443264926262866211019233507815581739134312833681379424603304956143735778, 399100910659589557577197266115401046893490434805877002088276547619829736862415431, 2394605463957537345463183596692406281360942608835262012529659285718978421174493356, 14367632783745224072779101580154437688165655653011572075177955714313870527046960913, 86205796702471344436674609480926626128993933918069432451067734285883223162281766262, 517234780214828066620047656885559756773963603508416594706406405715299338973690598363, 3103408681288968399720285941313358540643781621050499568238438434291796033842143590976, 18620452087733810398321715647880151243862689726302997409430630605750776203052861546661, 111722712526402862389930293887280907463176138357817984456583783634504657218317169280778, 670336275158417174339581763323685444779056830146907906739502701807027943309903015685487, 4022017650950503046037490579942112668674340980881447440437016210842167659859418094113748, 24132105905703018276224943479652676012046045885288684642622097265053005959156508564683321, 144792635434218109657349660877916056072276275311732107855732583590318035754939051388100766, 868755812605308657944097965267496336433657651870392647134395501541908214529634308328605443, 5212534875631851947664587791604978018601945911222355882806373009251449287177805849971633512, 31275209253791111685987526749629868111611675467334135296838238055508695723066835099829801933, 187651255522746670115925160497779208669670052804004811781029428333052174338401010598978812466, 1125907533136480020695550962986675252018020316824028870686176569998313046030406063593872875671, 6755445198818880124173305777920051512108121900944173224117059419989878276182436381563237254908, 40532671192913280745039834667520309072648731405665039344702356519939269657094618289379423530337, 243196027157479684470239008005121854435892388433990236068214139119635617942567709736276541182918, 1459176162944878106821434048030731126615354330603941416409284834717813707655406258417659247098411, 8755056977669268640928604288184386759692125983623648498455709008306882245932437550505955482591376, 52530341866015611845571625729106320558152755901741890990734254049841293475594625303035732895549173, 315182051196093671073429754374637923348916535410451345944405524299047760853567751818214397373295962, 1891092307176562026440578526247827540093499212462708075666433145794286565121406510909286384239776703, 11346553843059372158643471157486965240560995274776248453998598874765719390728439065455718305438661156, 68079323058356232951860826944921791443365971648657490723991593248594316344370634392734309832631967881, 408475938350137397711164961669530748660195829891944944343949559491565898066223806356405858995791808238, 2450855630100824386266989770017184491961174979351669666063697356949395388397342838138435153974750850387, 14705133780604946317601938620103106951767049876110017996382184141696372330384057028830610923848505103288, 88230802683629677905611631720618641710602299256660107978293104850178233982304342172983665543091030620701, 529384816101778067433669790323711850263613795539960647869758629101069403893826053037901993258546183725186, 3176308896610668404602018741942271101581682773239763887218551774606416423362956318227411959551277102352103, 19057853379664010427612112451653626609490096639438583323311310647638498540177737909364471757307662614113612, 114347120277984062565672674709921759656940579836631499939867863885830991241066427456186830543845975684682673, 686082721667904375394036048259530557941643479019788999639207183314985947446398564737120983263075854108097046, 4116496330007426252364216289557183347649860874118733997835243099889915684678391388422725899578455124648583291, 24698977980044557514185297737343100085899165244712403987011458599339494108070348330536355397470730747891500768, 148193867880267345085111786424058600515394991468274423922068751596036964648422089983218132384824384487349005637, 889163207281604070510670718544351603092369948809646543532412509576221787890532539899308794308946306924094034858, 5334979243689624423064024311266109618554219692857879261194475057457330727343195239395852765853677841544564210191, 32009875462137746538384145867596657711325318157147275567166850344743984364059171436375116595122067049267385262196, 192059252772826479230304875205579946267951908942883653403001102068463906184355028618250699570732402295604311574233, 1152355516636958875381829251233479677607711453657301920418006612410783437106130171709504197424394413773625869446462, 6914133099821753252290975507400878065646268721943811522508039674464700622636781030257025184546366482641755216679843, 41484798598930519513745853044405268393877612331662869135048238046788203735820686181542151107278198895850531300080136, 248908791593583117082475118266431610363265673989977214810289428280729222414924117089252906643669193375103187800481901, 1493452749561498702494850709598589662179594043939863288861736569684375334489544702535517439862015160250619126802892498, 8960716497368992214969104257591537973077564263639179733170419418106252006937268215213104639172090961503714760817356087, 53764298984213953289814625545549227838465385581835078399022516508637512041623609291278627835032545769022288564904137628, 322585793905283719738887753273295367030792313491010470394135099051825072249741655747671767010195274614133731389424826881, 1935514763431702318433326519639772202184753880946062822364810594310950433498449934486030602061171647684802388336548962406, 11613088580590213910599959117838633213108523285676376934188863565865702600990699606916183612367029886108814330019293775563, 69678531483541283463599754707031799278651139714058261605133181395194215605944197641497101674202179316652885980115762654512, 418071188901247700781598528242190795671906838284349569630799088371165293635665185848982610045213075899917315880694575928213, 2508427133407486204689591169453144774031441029706097417784794530226991761813991115093895660271278455399503895284167455570426, 15050562800444917228137547016718868644188646178236584506708767181361950570883946690563373961627670732397023371705004733423711, 90303376802669503368825282100313211865131877069419507040252603088171703425303680143380243769766024394382140230230028400543428, 541820260816017020212951692601879271190791262416517042241515618529030220551822080860281462618596146366292841381380170403261737, 3250921564896102121277710155611275627144747574499102253449093711174181323310932485161688775711576878197757048288281022419571598, 19505529389376612727666260933667653762868485446994613520694562267045087939865594910970132654269461269186542289729686134517430771, 117033176336259676365997565602005922577210912681967681124167373602270527639193569465820795925616767615119253738378116807104585816, 702199058017558058195985393612035535463265476091806086745004241613623165835161416794924775553700605690715522430268700842627516093, 4213194348105348349175912361672213212779592856550836520470025449681738995010968500769548653322203634144293134581612205055765097762, 25279166088632090095055474170033279276677557139305019122820152698090433970065811004617291919933221804865758807489673230334590587783, 151674996531792540570332845020199675660065342835830114736920916188542603820394866027703751519599330829194552844938039382007543527916, 910049979190755243421997070121198053960392057014980688421525497131255622922369196166222509117595984975167317069628236292045261168721, 5460299875144531460531982420727188323762352342089884130529152982787533737534215176997335054705575909851003902417769417752271567013558, 32761799250867188763191894524363129942574114052539304783174917896725202425205291061984010328233455459106023414506616506513629402082587, 196570795505203132579151367146178779655444684315235828699049507380351214551231746371904061969400732754636140487039699039081776412496768, 1179424773031218795474908202877072677932668105891414972194297044282107287307390478231424371816404396527816842922238194234490658474981861, 7076548638187312772849449217262436067596008635348489833165782265692643723844342869388546230898426379166901057533429165406943950849892426, 42459291829123876637096695303574616405576051812090938998994693594155862343066057216331277385390558275001406345200574992441663705099355823, 254755750974743259822580171821447698433456310872545633993968161564935174058396343297987664312343349650008438071203449954649982230596136212, 1528534505848459558935481030928686190600737865235273803963808969389611044350378059787925985874060097900050628427220699727899893383576818553, 9171207035090757353612886185572117143604427191411642823782853816337666266102268358727555915244360587400303770563324198367399360301460912606, 55027242210544544121677317113432702861626563148469856942697122898025997596613610152365335491466163524401822623379945190204396161808765476931, 330163453263267264730063902680596217169759378890819141656182737388155985579681660914192012948796981146410935740279671141226376970852592862888, 1980980719579603588380383416083577303018556273344914849937096424328935913478089965485152077692781886878465614441678026847358261825115557178637, 11885884317477621530282300496501463818111337640069489099622578545973615480868539792910912466156691321270793686650068161084149570950693343073138, 71315305904865729181693802979008782908668025840416934597735471275841692885211238757465474796940147927624762119900408966504897425704160058440151, 427891835429194375090162817874052697452008155042501607586412827655050157311267432544792848781640887565748572719402453799029384554224960350642236, 2567351012575166250540976907244316184712048930255009645518476965930300943867604595268757092689845325394491436316414722794176307325349762103854753, 15404106075450997503245861443465897108272293581530057873110861795581805663205627571612542556139071952366948617898488336765057843952098572623129862, 92424636452705985019475168660795382649633761489180347238665170773490833979233765429675255336834431714201691707390930020590347063712591435738780523, 554547818716235910116851011964772295897802568935082083431991024640945003875402592578051532021006590285210150244345580123542082382275548614432684496, 3327286912297415460701106071788633775386815413610492500591946147845670023252415555468309192126039541711260901466073480741252494293653291686596108341, 19963721473784492764206636430731802652320892481662955003551676887074020139514493332809855152756237250267565408796440884447514965761919750119576651418, 119782328842706956585239818584390815913925354889977730021310061322444120837086959996859130916537423501605392452778645306685089794571518500717459909887, 718693973056241739511438911506344895483552129339866380127860367934664725022521759981154785499224541009632354716671871840110538767429111004304759460708, 4312163838337450437068633469038069372901312776039198280767162207607988350135130559886928712995347246057794128300031231040663232604574666025828556765641]
len(predicted_full) = 200, len(input_sequence + seq_pred) = 200
is_manual_check: False
