test results being evaluated: data/test_linrec15.tsv
csv file used: ../linear_database_newbl.csv
The sequence ID inspected: A003222
csv results file used: ../linear_database_newbl.csv
Results we are looking at now:
('Could you give me a recursive equation in a form of a Python code for the following number sequence: 2,10,108,982,8120,65426,524132,4194094,33554160,268435114,2147483228', 'Certainly, the Python code is the following: lambda a_n: n + a_n[-1] * 8 + -9')

Experiment type: Evaluation of the results of llms.
Ground truth: 
[2, 10, 108, 982, 8120, 65426, 524132, 4194094, 33554160, 268435114, 2147483228, 17179868678, 137438952872, 1099511627074, 8796093021396, 70368744176734, 562949953420256, 4503599627369306, 36028797018962636, 288230376151710262, 2305843009213692312, 18446744073709549810, 147573952589676410948, 1180591620717411301262, 9444732965739290425040, 75557863725914323416586, 604462909807314587350332, 4835703278458516698821734, 38685626227668133590594440, 309485009821345068724777634, 2475880078570760549798244788, 19807040628566084398385983678, 158456325028528675187087896512, 1267650600228229401496703200954, 10141204801825835211973625638316, 81129638414606681695789005139094, 649037107316853453566312041147256, 5192296858534827628530496329214546, 41538374868278621028243970633754916, 332306998946228968225951765070079982, 2658455991569831745807614120560682672, 21267647932558653966460912964485506410, 170141183460469231731687303715884098588, 1361129467683753853853498429727072838342, 10889035741470030830827987437816582758760, 87112285931760246646623899502532662124546, 696898287454081973172991196020261297053332, 5575186299632655785383929568162090376486174, 44601490397061246283071436545296723011951520, 356811923176489970264571492362373784095676954, 2854495385411919762116571938898990272765483148, 22835963083295358096932575511191922182123935478, 182687704666362864775460604089535377456991556952, 1461501637330902918203684832716283019655932531634, 11692013098647223345629478661730264157247460332036, 93536104789177786765035829293842113257979682738254, 748288838313422294120286634350736906063837461991056, 5986310706507378352962293074805895248510699696016586, 47890485652059026823698344598447161988085597568223996, 383123885216472214589586756787577295904684780545886502, 3064991081731777716716694054300618367237478244367189832, 24519928653854221733733552434404946937899825954937619810, 196159429230833773869868419475239575503198607639501063028, 1569275433846670190958947355801916604025588861116008612222, 12554203470773361527671578846415332832204710888928069009280, 100433627766186892221372630771322662657637687111424552189306, 803469022129495137770981046170581301261101496891396417633132, 6427752177035961102167848369364650410088811975131171341187414, 51422017416287688817342786954917203280710495801049370729625400, 411376139330301510538742295639337626245683966408394965837133074, 3291009114642412084309938365114701009965471731267159726697198308, 26328072917139296674479506920917608079723773850137277813577724078, 210624583337114373395836055367340864637790190801098222508621934192, 1684996666696914987166688442938726917102321526408785780068975619114, 13479973333575319897333507543509815336818572211270286240551805102556, 107839786668602559178668060348078522694548577690162289924414440974214, 862718293348820473429344482784628181556388621521298319395315527951656, 6901746346790563787434755862277025452451108972170386555162524223775426, 55213970774324510299478046898216203619608871777363092441300193790369876, 441711766194596082395824375185729628956870974218904739530401550323129822, 3533694129556768659166595001485837031654967793751237916243212402585213792, 28269553036454149273332760011886696253239742350009903329945699220681890010, 226156424291633194186662080095093570025917938800079226639565593765455304268, 1809251394333065553493296640760748560207343510400633813116524750123642622902, 14474011154664524427946373126085988481658748083205070504932198000989141176600, 115792089237316195423570985008687907853269984665640564039457584007913129610866, 926336713898529563388567880069503262826159877325124512315660672063305037089732, 7410693711188236507108543040556026102609279018600996098525285376506440296925454, 59285549689505892056868344324448208820874232148807968788202283012051522375616080, 474284397516047136454946754595585670566993857190463750305618264096412179005145994, 3794275180128377091639574036764685364535950857523710002444946112771297432041390268, 30354201441027016733116592294117482916287606860189680019559568902170379456331349478, 242833611528216133864932738352939863330300854881517440156476551217363035650651028232, 1942668892225729070919461906823518906642406839052139521251812409738904285205208463394, 15541351137805832567355695254588151253139254712417116170014499277911234281641667949876, 124330809102446660538845562036705210025114037699336929360115994223289874253133343846974, 994646472819573284310764496293641680200912301594695434880927953786318994025066751029056, 7957171782556586274486115970349133441607298412757563479047423630290551952200534008491066, 63657374260452690195888927762793067532858387302060507832379389042324415617604272068192556, 509258994083621521567111422102344540262867098416484062659035112338595324940834176545809942, 4074071952668972172536891376818756322102936787331872501272280898708762599526673412366754552, 32592575621351777380295131014550050576823494298654980010178247189670100796213387298934317010, 260740604970814219042361048116400404614587954389239840081425977517360806369707098391474822308, 2085924839766513752338888384931203236916703635113918720651407820138886450957656787131798870382, 16687398718132110018711107079449625895333629080911349765211262561111091607661254297054391260720, 133499189745056880149688856635597007162669032647290798121690100488888732861290034376435130389226, 1067993517960455041197510853084776057301352261178326384973520803911109862890320275011481043423132, 8543948143683640329580086824678208458410818089426611079788166431288878903122562200091848347700294, 68351585149469122636640694597425667667286544715412888638305331450311031224980497600734786781923560, 546812681195752981093125556779405341338292357723303109106442651602488249799843980805878294255715714, 4374501449566023848745004454235242730706338861786424872851541212819905998398751846447026354046059028, 34996011596528190789960035633881941845650710894291398982812329702559247987190014771576210832368811678, 279968092772225526319680285071055534765205687154331191862498637620473983897520118172609686658950839072, 2239744742177804210557442280568444278121645497234649534899989100963791871180160945380877493271607064474, 17917957937422433684459538244547554224973163977877196279199912807710334969441287563047019946172856873996, 143343663499379469475676305956380433799785311823017570233599302461682679755530300504376159569382855356534, 1146749307995035755805410447651043470398282494584140561868794419693461438044242404035009276555062843223256, 9173994463960286046443283581208347763186259956673124494950355357547691504353939232280074212440502746163506, 73391955711682288371546268649666782105490079653384995959602842860381532034831513858240593699524021969692036, 587135645693458306972370149197334256843920637227079967676822742883052256278652110865924749596192175757926862, 4697085165547666455778961193578674054751365097816639741414581943064418050229216886927397996769537406063812112, 37576681324381331646231689548629392438010920782533117931316655544515344401833735095419183974156299248510900810, 300613450595050653169853516389035139504087366260264943450533244356122755214669880763353471793250393988087617148, 2404907604760405225358828131112281116032698930082119547604265954848982041717359046106827774346003151904701354662, 19239260838083241802870625048898248928261591440656956380834127638791856333738872368854622194768025215237611261640, 153914086704665934422965000391185991426092731525255651046673021110334850669910978950836977558144201721900890524386, 1231312693637327475383720003129487931408741852202045208373384168882678805359287831606695820465153613775207124633332, 9850501549098619803069760025035903451269934817616361666987073351061430442874302652853566563721228910201656997511934, 78804012392788958424558080200287227610159478540930893335896586808491443542994421222828532509769831281613255980547840, 630432099142311667396464641602297820881275828327447146687172694467931548343955369782628260078158650252906047844842234, 5043456793138493339171717132818382567050206626619577173497381555743452386751642958261026080625269202023248382759204588, 40347654345107946713373737062547060536401653012956617387979052445947619094013143666088208645002153616185987062074110678, 322781234760863573706989896500376484291213224103652939103832419567580952752105149328705669160017228929487896496593366712, 2582249878086908589655919172003011874329705792829223512830659356540647622016841194629645353280137831435903171972747422354, 20657999024695268717247353376024094994637646342633788102645274852325180976134729557037162826241102651487225375781979874916, 165263992197562149737978827008192759957101170741070304821162198818601447809077836456297302609928821211897803006255839502894, 1322111937580497197903830616065542079656809365928562438569297590548811582472622691650378420879430569695182424050046716534256, 10576895500643977583230644928524336637254474927428499508554380724390492659780981533203027367035444557561459392400373732792746, 84615164005151820665845159428194693098035799419427996068435045795123941278247852265624218936283556460491675139202989862868316, 676921312041214565326761275425557544784286395355423968547480366360991530225982818124993751490268451683933401113623918903480582, 5415370496329716522614090203404460358274291162843391748379842930887932241807862544999950011922147613471467208908991351228386472, 43322963970637732180912721627235682866194329302747133987038743447103457934462900359999600095377180907771737671271930809827641410, 346583711765101857447301773017885462929554634421977071896309947576827663475703202879996800763017447262173901370175446478621688788, 2772669694120814859578414184143083703436437075375816575170479580614621307805625623039974406104139578097391210961403571828974075742, 22181357552966518876627313473144669627491496603006532601363836644916970462445004984319795248833116624779129687691228574631793179360, 177450860423732151013018507785157357019931972824052260810910693159335763699560039874558361990664932998233037501529828597054346016346, 1419606883389857208104148062281258856159455782592418086487285545274686109596480318996466895925319463985864300012238628776434768720332, 11356855067118857664833184498250070849275646260739344691898284362197488876771842551971735167402555711886914400097909030211478150360374, 90854840536950861318665475986000566794205170085914757535186274897579911014174740415773881339220445695095315200783272241691825203488920, 726838724295606890549323807888004534353641360687318060281490199180639288113397923326191050713763565560762521606266177933534601628525554, 5814709794364855124394590463104036274829130885498544482251921593445114304907183386609528405710108524486100172850129423468276813028826948, 46517678354918840995156723704832290198633047083988355858015372747560914439257467092876227245680868195888801382801035387746214504231246478, 372141426839350727961253789638658321589064376671906846864122981980487315514059736743009817965446945567110411062408283101969716033850611152, 2977131414714805823690030317109266572712515013375254774912983855843898524112477893944078543723575564536883288499266264815757728270805537034, 23817051317718446589520242536874132581700120107002038199303870846751188192899823151552628349788604516295066307994130118526061826166444952636, 190536410541747572716161940294993060653600960856016305594430966774009505543198585212421026798308836130360530463953040948208494609331560286054, 1524291284333980581729295522359944485228807686848130444755447734192076044345588681699368214386470689042884243711624327585667956874652482962056, 12194330274671844653834364178879555881830461494785043558043581873536608354764709453594945715091765512343073949692994620685343654997219864378786, 97554642197374757230674913431036447054643691958280348464348654988292866838117675628759565720734124098744591597543956965482749239977758915721396, 780437137578998057845399307448291576437149535666242787714789239906342934704941405030076525765872992789956732780351655723861993919822071326471102, 6243497100631984462763194459586332611497196285329942301718313919250743477639531240240612206126983942319653862242813245790895951358576570612477632, 49947976805055875702105555676690660891977570282639538413746511354005947821116249921924897649015871538557230897942505966327167610868612564900538810, 399583814440447005616844445413525287135820562261116307309972090832047582568929999375399181192126972308457847183540047730617340886948900519205037228, 3196670515523576044934755563308202297086564498088930458479776726656380660551439995003193449537015778467662777468320381844938727095591204153641033622, 25573364124188608359478044506465618376692515984711443667838213813251045284411519960025547596296126227741302219746563054759509816764729633229129013880, 204586912993508866875824356051724947013540127877691549342705710506008362275292159680204380770369009821930417757972504438076078534117837065833032865106, 1636695303948070935006594848413799576108321023021532394741645684048066898202337277441635046162952078575443342063780035504608628272942696526664263684132, 13093562431584567480052758787310396608866568184172259157933165472384535185618698219533080369303616628603546736510240284036869026183541572213314110245614, 104748499452676539840422070298483172870932545473378073263465323779076281484949585756264642954428933028828373892081922272294952209468332577706512882746800, 837987995621412318723376562387865382967460363787024586107722590232610251879596686050117143635431464230626991136655378178359617675746660621652103062765674, 6703903964971298549787012499102923063739682910296196688861780721860882015036773488400937149083451713845015929093243025426876941405973284973216824502926108, 53631231719770388398296099992823384509917463282369573510894245774887056120294187907207497192667613710760127432745944203415015531247786279785734596024219078, 429049853758163107186368799942587076079339706258956588087153966199096448962353503257659977541340909686081019461967553627320124249982290238285876768194572392, 3432398830065304857490950399540696608634717650071652704697231729592771591698828026061279820330727277488648155695740429018560993999858321906287014145557408514, 27459190640522438859927603196325572869077741200573221637577853836742172733590624208490238562645818219909185245565923432148487951998866575250296113164460107156, 219673525124179510879420825570604582952621929604585773100622830693937381868724993667921908501166545759273481964527387457187903615990932602002368905315681706014, 1757388200993436087035366604564836663620975436836686184804982645551499054949799949343375268009332366074187855716219099657503228927927460816018951242525454506656, 14059105607947488696282932836518693308967803494693489478439861164411992439598399594747002144074658928593502845729752797260025831423419686528151609940203636921626, 112472844863579909570263462692149546471742427957547915827518889315295939516787196757976017152597271428748022765838022378080206651387357492225212879521629096251276, 899782758908639276562107701537196371773939423660383326620151114522367516134297574063808137220778171429984182126704179024641653211098859937801703036173032770898422, 7198262071269114212496861612297570974191515389283066612961208916178940129074380592510465097766225371439873457013633432197133225688790879502413624289384262168085592, 57586096570152913699974892898380567793532123114264532903689671329431521032595044740083720782129802971518987656109067457577065805510327036019308994315074097345593010, 460688772561223309599799143187044542348256984914116263229517370635452168260760357920669766257038423772151901248872539660616526444082616288154471954520592778765662468, 3685510180489786476798393145496356338786055879312930105836138965083617346086082863365358130056307390177215209990980317284932211552660930305235775636164742230126228302, 29484081443918291814387145163970850710288447034503440846689111720668938768688662906922865040450459121417721679927842538279457692421287442441886205089317937841010765200, 235872651551346334515097161311766805682307576276027526773512893765351510149509303255382920323603672971341773439422740306235661539370299539535089640714543502728087070666, 1886981212410770676120777290494134445458460610208220214188103150122812081196074426043063362588829383770734187515381922449885292314962396316280717125716348021824697524732, 15095849699286165408966218323953075563667684881665761713504825200982496649568595408344506900710635070165873500123055379599082338519699170530245737005730784174597581167654, 120766797594289323271729746591624604509341479053326093708038601607859973196548763266756055205685080561326988000984443036792658708157593364241965896045846273396780650321480, 966134380754314586173837972732996836074731832426608749664308812862879785572390106134048441645480644490615904007875544294341269665260746913935727168366770187174245203562594, 7729075046034516689390703781863974688597854659412869997314470502903038284579120849072387533163845155924927232063004354354730157322085975311485817346934161497393961629502068, 61832600368276133515125630254911797508782837275302959978515764023224306276632966792579100265310761247399417856504034834837841258576687802491886538775473291979151693037028478, 494660802946209068121005042039294380070262698202423679828126112185794450213063734340632802122486089979195342852032278678702730068613502419935092310203786335833213544297250432, 3957286423569672544968040336314355040562101585619389438625008897486355601704509874725062416979888719833562742816258229429621840548908019359480738481630290686665708354379036794, 31658291388557380359744322690514840324496812684955115509000071179890844813636078997800499335839109758668501942530065835436974724391264154875845907853042325493325666835033338476, 253266331108459042877954581524118722595974501479640924072000569439126758509088631982403994686712878069348015540240526683495797795130113239006767262824338603946605334680267762774, 2026130648867672343023636652192949780767796011837127392576004555513014068072709055859231957493703024554784124321924213467966382361040905912054138102594708831572842677442143168056, 16209045190941378744189093217543598246142368094697019140608036444104112544581672446873855659949624196438272994575393707743731058888327247296433104820757670652582741419537146421266, 129672361527531029953512745740348785969138944757576153124864291552832900356653379574990845279596993571506183956603149661949848471106617978371464838566061365220661931356297172457956, 1037378892220248239628101965922790287753111558060609224998914332422663202853227036599926762236775948572049471652825197295598787768852943826971718708528490921765295450850377380762542]
Predicted:    
[2, 10, 108, 982, 8120, 65426, 524132, 4194094, 33554160, 268435114, 2147483228, 17179865826, 137438926611, 1099511412892, 8796091303141, 70368730425134, 562949843401079, 4503598747208640, 36028789977669129, 288230319821353042, 2305842558570824347, 18446740468566594788, 147573923748532758317, 1180591389988262066550, 9444731119906096532415, 75557848959248772259336, 604462791673990178074705, 4835702333391921424597658, 38685618667135371396781283, 309484949337082971174250284, 2475879594696663769394002293, 19807036757573310155152018366, 158456294060586481241216146951, 1267650352484691849929729175632, 10141202819877534799437833405081, 81129622559020278395502667240674, 649036980472162227164021337925419, 5192295843777297817312170703403380, 41538366750218382538497365627227069, 332306934001747060307978925017816582, 2658455472013976482463831400142532687, 21267643776111811859710651201140261528, 170141150208894494877685209609122092257, 1361129201671155959021481676872976738090, 10889033613369247672171853414983813904755, 87112268906953981377374827319870511238076, 696898151255631851018998618558964089904645, 5575185210045054808151988948471712719237198, 44601481680360438465215911587773701753897623, 356811853442883507721727292702189614031181024, 2854494827543068061773818341617516912249448233, 22835958620344544494190546732940135297995585906, 182687668962756355953524373863521082383964687291, 1461501351702050847628194990908168659071717498372, 11692010813616406781025559927265349272573739987021, 93536086508931254248204479418122794180589919896214, 748288692071450033985635835344982353444719359169759, 5986309536571600271885086682759858827557754873358120, 47890476292572802175080693462078870620462038986865009, 383123810340582417400645547696630964963696311894920122, 3064990482724659339205164381573047719709570495159361027, 24519923861797274713641315052584381757676563961274888268, 196159390894378197709130520420675054061412511690199106197, 1569275127155025581673044163365400432491300093521592849630, 12554201017240204653384353306923203459930400748172742797095, 100433608137921637227074826455385627679443205985381942376816, 803468865103373097816598611643085021435545647883055539014585, 6427750920826984782532788893144680171484365183064444312116738, 51422007366615878260262311145157441371874921464515554496933963, 411376058932927026082098489161259530974999371716124435975471764, 3291008471463416208656787913290076247799994973728995487803774173, 26328067771707329669254303306320609982399959789831963902430193446, 210624542173658637354034426450564879859199678318655711219441547631, 1684996337389269098832275411604519038873597426549245689755532381112, 13479970699114152790658203292836152310988779412393965518044259048961, 107839765592913222325265626342689218487910235299151724144354072391754, 862718124743305778602125010741513747903281882393213793154832579134099, 6901744997946446228817000085932109983226255059145710345238660633072860, 55213959983571569830536000687456879865810040473165682761909285064582949, 441711679868572558644288005499655038926480323785325462095274280516663662, 3533693438948580469154304043997240311411842590282603696762194244133309367, 28269547511588643753234432351977922491294740722260829574097553953066475008, 226156380092709150025875458815823379930357925778086636592780431624531800137, 1809251040741673200207003670526587039442863406224693092742243452996254401170, 14474008325933385601656029364212696315542907249797544741937947623970035209435, 115792066607467084813248234913701570524343257998380357935503580991760281675556, 926336532859736678505985879309612564194746063987042863484028647934082253404525, 7410692262877893428047887034476900513557968511896342907872229183472658027236278, 59285538103023147424383096275815204108463748095170743262977833467781264217890303, 474284304824185179395064770206521632867709984761365946103822667742250113743122504, 3794274438593481435160518161652173062941679878090927568830581341938000909944980113, 30354195508747851481284145293217384503533439024727420550644650735504007279559840986, 242833564069982811850273162345739076028267512197819364405157205884032058236478727971, 1942668512559862494802185298765912608226140097582554915241257647072256465891829823852, 15541348100478899958417482390127300865809120780660439321930061176578051727134638590901, 124330784803831199667339859121018406926472966245283514575440489412624413817077108727294, 994646278430649597338718872968147255411783729962268116603523915300995310536616869818439, 7957170227445196778709750983745178043294269839698144932828191322407962484292934958547600, 63657361819561574229678007869961424346354158717585159462625530579263699874343479668380889, 509258894556492593837424062959691394770833269740681275701004244634109598994747837347047202, 4074071156451940750699392503677531158166666157925450205608033957072876791957982698776377707, 32592569251615526005595140029420249265333329263403601644864271656583014335663861590211021748, 260740554012924208044761120235361994122666634107228813158914173252664114685310892721688174077, 2085924432103393664358088961882895952981333072857830505271313386021312917482487141773505392710, 16687395456827149314864711695063167623850664582862644042170507088170503339859897134188043141775, 133499163654617194518917693560505340990805316662901152337364056705364026718879177073504345134296, 1067993309236937556151341548484042727926442533303209218698912453642912213751033416588034761074465, 8543946473895500449210732387872341823411540266425673749591299629143297710008267332704278088595818, 68351571791164003593685859102978734587292322131405389996730397033146381680066138661634224708766643, 546812574329312028749486872823829876698338577051243119973843176265171053440529109293073797670133244, 4374500594634496229995894982590639013586708616409944959790745410121368427524232874344590381361066053, 34996004757075969839967159860725112108693668931279559678325963280970947420193862994756723050888528526, 279968038056607758719737278885800896869549351450236477426607706247767579361550903958053784407108228311, 2239744304452862069757898231086407174956394811601891819412861649982140634892407231664430275256865826592, 17917954435622896558063185848691257399651158492815134555302893199857125079139257853315442202054926612841, 143343635484983172464505486789530059197209267942521076442423145598857000633114062826523537616439412902834, 1146749083879865379716043894316240473577674143540168611539385164790856005064912502612188300931515303222779, 9173992671038923037728351154529923788621393148321348892315081318326848040519300020897506407452122425782340, 73391941368311384301826809236239390308971145186570791138520650546614784324154400167180051259616979406258829, 587135530946491074414614473889915122471769161492566329108165204372918274593235201337440410076935835250070742, 4697084247571928595316915791119320979774153291940530632865321634983346196745881610699523280615486682000566047, 37576673980575428762535326328954567838193226335524245062922573079866769573967052885596186244923893456004528488, 300613391844603430100282610631636542705545810684193960503380584638934156591736423084769489959391147648036228017, 2404907134756827440802260885053092341644366485473551684027044677111473252733891384678155919675129181184289824250, 19239257078054619526418087080424738733154931883788413472216357416891786021871131077425247357401033449474318594115, 153914056624436956211344696643397909865239455070307307777730859335134288174969048619401978859208267595794548753036, 1231312452995495649690757573147183278921915640562458462221846874681074305399752388955215830873666140766356390024405, 9850499623963965197526060585177466231375325124499667697774774997448594443198019111641726646989329126130851120195358, 78803996991711721580208484681419729851002600995997341582198199979588755545584152893133813175914633009046808961562983, 630431975933693772641667877451357838808020807967978732657585599836710044364673223145070505407317064072374471692503984, 5043455807469550181133343019610862710464166463743829861260684798693680354917385785160564043258536512578995773540031993, 40347646459756401449066744156886901683713331709950638890085478389549442839339086281284512346068292100631966188320256066, 322781171678051211592533953255095213469706653679605111120683827116395542714712690250276098768546336805055729506562048651, 2582249373424409692740271626040761707757653229436840888965470616931164341717701522002208790148370694440445836052496389332, 20657994987395277541922173008326093662061225835494727111723764935449314733741612176017670321186965555523566688419971114781, 165263959899162220335377384066608749296489806683957816893790119483594517869932897408141362569495724444188533507359768918374, 1322111679193297762683019072532869994371918453471662535150320955868756142959463179265130900555965795553508268058878151347119, 10576893433546382101464152580262959954975347627773300281202567646950049143675705434121047204447726364428066144471025210777080, 84615147468371056811713220642103679639802781022186402249620541175600393149405643472968377635581810915424529155768201686216769, 676921179746968454493705765136829437118422248177491217996964329404803145195245147783747021084654487323396233246145613489734282, 5415369437975747635949646121094635496947377985419929743975714635238425161561961182269976168677235898587169865969164907917874387, 43322955503805981087597168968757083975579023883359437951805717081907401292495689458159809349417887188697358927753319263342995228, 346583644030447848700777351750056671804632191066875503614445736655259210339965515665278474795343097509578871422026554106743961957, 2772669152243582789606218814000453374437057528535004028915565893242073682719724125322227798362744780076630971376212432853951695790, 22181353217948662316849750512003626995496460228280032231324527145936589461757793002577822386901958240613047771009699462831613566455, 177450825743589298534798004096029015963971681826240257850596217167492715694062344020622579095215665924904382168077595702652908531776, 1419606605948714388278384032768232127711773454609922062804769737339941725552498752164980632761725327399235057344620765621223268254345, 11356852847589715106227072262145857021694187636879376502438157898719533804419990017319845062093802619193880458756966124969786146034898, 90854822780717720849816578097166856173553501095035012019505263189756270435359920138558760496750420953551043670055728999758289168279323, 726838582245741766798532624777334849388428008760280096156042105518050163482879361108470083974003367628408349360445831998066313346234724, 5814708657965934134388260998218678795107424070082240769248336844144401307863034888867760671792026941027266794883566655984530506769877933, 46517669263727473075106087985749430360859392560657926153986694753155210462904279110942085374336215528218134359068533247876244054159023606, 372141354109819784600848703885995442886875140485263409231893558025241683703234232887536682994689724225745074872548265983009952433272188991, 2977130832878558276806789631087963543095001123882107273855148464201933469625873863100293463957517793805960598980386127864079619466177512072, 23817046663028466214454317048703708344760008991056858190841187713615467757006990904802347711660142350447684791843089022912636955729420096721, 190536373304227729715634536389629666758080071928454865526729501708923742056055927238418781693281138803581478334744712183301095645835360773914, 1524290986433821837725076291117037334064640575427638924213836013671389936448447417907350253546249110428651826677957697466408765166682886191459, 12194327891470574701800610328936298672517124603421111393710688109371119491587579343258802028369992883429214613423661579731270121333463089531820, 97554623131764597614404882631490389380136996827368891149685504874968955932700634746070416226959943067433716907389292637850160970667704716254709, 780436985054116780915239061051923115041095974618951129197484038999751647461605077968563329815679544539469735259114341102801287765341637730037822, 6243495880432934247321912488415384920328767796951609033579872311998013179692840623748506638525436356315757882072914728822410302122733101840302727, 49947967043463473978575299907323079362630142375612872268638978495984105437542724989988053108203490850526063056583317830579282416981864814722421968, 399583736347707791828602399258584634901041139004902978149111827967872843500341799919904424865627926804208504452666542644634259335854918517779375897, 3196669890781662334628819194068677079208329112039223825192894623742982748002734399359235398925023414433668035621332341157074074686839348142235007330, 25573359126253298677030553552549416633666632896313790601543156989943861984021875194873883191400187315469344284970658729256592597494714785137880058795, 204586873010026389416244428420395333069333063170510324812345255919550895872175001558991065531201498523754754279765269834052740779957718281103040470516, 1636694984080211115329955427363162664554664505364082598498762047356407166977400012471928524249611988190038034238122158672421926239661746248824323764285, 13093559872641688922639643418905301316437316042912660787990096378851257335819200099775428193996895905520304273904977269379375409917293969990594590114438, 104748478981133511381117147351242410531498528343301286303920771030810058686553600798203425551975167244162434191239818155035003279338351759924756720915663, 837987831849068091048937178809939284251988226746410290431366168246480469492428806385627404415801337953299473529918545240280026234706814079398053767325464, 6703902654792544728391497430479514274015905813971282323450929345971843755939430451085019235326410703626395788239348361922240209877654512635184430138603873, 53631221238340357827131979443836114192127246511770258587607434767774750047515443608680153882611285629011166305914786895377921679021236101081475441108831146, 429049769906722862617055835550688913537017972094162068700859478142198000380123548869441231060890285032089330447318295163023373432169888808651803528870649331, 3432398159253782900936446684405511308296143776753296549606875825137584003040988390955529848487122280256714643578546361304186987457359110469214428230965194812, 27459185274030263207491573475244090466369150214026372396855006601100672024327907127644238787896978242053717148628370890433495899658872883753715425847721558661, 219673482192242105659932587801952723730953201712210979174840052808805376194623257021153910303175825936429737189026967123467967197270983070029723406781772469454, 1757387857537936845279460702415621789847625613697687833398720422470443009556986056169231282425406607491437897512215736987743737578167864560237787254254179755799, 14059102860303494762235685619324974318781004909581502667189763379763544076455888449353850259403252859931503180097725895901949900625342916481902298034033438046560, 112472822882427958097885484954599794550248039276652021337518107038108352611647107594830802075226022879452025440781807167215599205002743331855218384272267504372649, 899782583059423664783083879636798356401984314213216170700144856304866820893176860758646416601808183035616203526254457337724793640021946654841747074178140034981362, 7198260664475389318264671037094386851215874513705729365601158850438934567145414886069171332814465464284929628210035658701798349120175573238733976593425120279851067, 57586085315803114546117368296755094809726996109645834924809270803511476537163319088553370662515723714279437025680285269614386792961404585909871812747400962238808708, 460688682526424916368938946374040758477815968877166679398474166428091812297306552708426965300125789714235496205442282156915094343691236687278974501979207697910469837, 3685509460211399330951511570992326067822527751017333435187793331424734498378452421667415722401006317713883969643538257255320754749529893498231796015833661583283758870, 29484075681691194647612092567938608542580222008138667481502346651397875987027619373339325779208050541711071757148306058042566037996239147985854368126669292666270071135, 235872605453529557180896740543508868340641776065109339852018773211183007896220954986714606233664404333688574057186448464340528303969913183886834945013354341330160569256, 1886980843628236457447173924348070946725134208520874718816150185689464063169767639893716849869315234669508592457491587714724226431759305471094679560106834730641284554225, 15095846749025891659577391394784567573801073668166997750529201485515712505358141119149734798954521877356068739659932701717793811454074443768757436480854677845130276433978, 120766773992207133276619131158276540590408589345335982004233611884125700042865128953197878391636175018848549917279461613742350491632595550150059491846837422761042211472003, 966134191937657066212953049266212324723268714762687856033868895073005600342921031625583027133089400150788399338235692909938803933060764401200475934774699382088337691776204, 7729073535501256529703624394129698597786149718101502848270951160584044802743368253004664217064715201206307194705885543279510431464486115209603807478197595056706701534209813, 61832588284010052237628995153037588782289197744812022786167609284672358421946946024037313736517721609650457557647084346236083451715888921676830459825580760453653612273678686, 494660706272080417901031961224300710258313581958496182289340874277378867375575568192298509892141772877203660461176674769888667613727111373414643678604646083629228898189429671, 3957285650176643343208255689794405682066508655667969458314726994219030939004604545538388079137134183017629283689413398159109340909816890987317149428837168669033831185515437552, 31658285201413146745666045518355245456532069245343755666517815953752247512036836364307104633097073464141034269515307185272874727278535127898537195430697349352270649484123500601, 253266281611305173965328364146841963652256553962750045332142527630017980096294690914456837064776587713128274156122457482182997818228281023188297563445578794818165195872988004994, 2026130252890441391722626913174735709218052431702000362657140221040143840770357527315654696518212701705026193248979659857463982545826248185506380507564630358545321566983904040139, 16209042023123531133781015305397885673744419453616002901257121768321150726162860218525237572145701613640209545991837278859711860366609985484051044060517042868362572535871232321300, 129672336184988249070248122443183085389955355628928023210056974146569205809302881748201900577165612909121676367934698230877694882932879883872408352484136342946900580286969858570589, 1037378689479905992561984979545464683119642845031424185680455793172553646474423053985615204617324903272973410943477585847021559063463039070979266819873090743575204642295758868564902]
len(predicted_full) = 200, len(input_sequence + seq_pred) = 200
is_manual_check: False
