test results being evaluated: data/test_linrec15.tsv
csv file used: ../linear_database_newbl.csv
The sequence ID inspected: A004798
csv results file used: ../linear_database_newbl.csv
Results we are looking at now:
('Could you give me a recursive equation in a form of a Python code for the following number sequence: 1,4,10,22,45,88,167,310,566,1020,1819,3216,5645,9848,17090', 'Certainly, the Python code is the following: lambda a_n: a_n[-1] + n + a_n[-1]')

Experiment type: Evaluation of the results of llms.
Ground truth: 
[1, 4, 10, 22, 45, 88, 167, 310, 566, 1020, 1819, 3216, 5645, 9848, 17090, 29522, 50793, 87080, 148819, 253610, 431086, 731064, 1237175, 2089632, 3523225, 5930668, 9968122, 16730830, 28045221, 46954360, 78524159, 131181406, 218933030, 365044788, 608135635, 1012268592, 1683650213, 2798252960, 4647483314, 7713650570, 12794628321, 21209687624, 35139219115, 58185218642, 96295652830, 159288398448, 263362793327, 435237460800, 718965265201, 1187154006100, 1959435562474, 3232857139846, 5331876564765, 8790585138328, 14487896999255, 23869768867462, 39314387892758, 64732165516140, 106551284190859, 175336189244880, 288444943755581, 474391342858184, 780003966791330, 1282173199684802, 2107122736688985, 3462019396621928, 5686811163771907, 9339223051102970, 15334095736045006, 25171772799027240, 41312384068121639, 67789126412077536, 111212995558177225, 182418576593161468, 299159511852223450, 490522482769176382, 804154328646076053, 1318093539763720120, 2160136930782940079, 3539536261268271790, 5798868045145967366, 9498904950230606244, 15557468492287696195, 25476569583245792112, 41713929713172100565, 68290587074783994608, 111784496203960809362, 182955150473115620090, 299399693287451959761, 489894957565313926280, 801494811267887762779, 1311130043053069912226, 2144565288955947774910, 3507376040863876010208, 5735562473309672208095, 9378240366518254964352, 15332725835662482341473, 25065191050359999220900, 40971064730036298646474, 66963628472589376866550, 109435213738832571596301, 178826735439821923545304, 292190362943261366307335, 477373405376090136100822, 779848489076965219822070, 1273862922203675919584988, 2080637159788875420483067, 3398066858251406184806160, 5549196542807370731103341, 9061322702084720886461720, 14795071070685124713931394, 24155004899588822667311666, 39433238922885957544527945, 64370017901905767442043048, 105068193856834722380059315, 171484922870214474445794122, 279864764870566178843033518, 456708046995771619929699480, 745242819264845747430784919, 1215979232914116282659408160, 1983920426230968894047168761, 3236626399850590955962476364, 5279971940839072493222520250, 8612750196152681871653771182, 14048299107212285430557941125, 22912778129048516790362136568, 37368383032164882774752151647, 60940195782801029607096786430, 99374919232457622977663510246, 162040490054337993222557367060, 264207124743366667433832519859, 430764705293355052527798599856, 702280635988943163066651475205, 1144871237730170050570879143488, 1866286576119206491718980042610, 3042118412697341655347737678442, 4958500290064606538206045637313, 8081674602857971697750989724360, 13171326094266660131293569686539, 21465207798564737228578300144370, 34979892195615584654742144889246, 57000665398404614577724460825424, 92879481301028679221740896564815, 151334635810666066483143664032192, 246567529929935998377837158089105, 401710067670076090217611726255348, 654438912347727366625032385970602, 1066118196694992760228858517986150, 1736687640467624708269688811343101, 2828905585264711353300559642475800, 4607823505259334527788058674351799, 7505059118153138232108440850507046, 12223442930568563577134132279071190, 19907392383506884977500028417470028, 32420285956016722540129248738645355, 52796019316250064671381820486111312, 85974096890934518350758700596856733, 139996248802578771315140695785064040, 227954269907575209098147202456116834, 371160575519610088138535879017472930, 604308826450703324394178868324077881, 983873439803287547415458514968330984, 1601780285110483033849876937769677155, 2607655781603236878188318774842056602, 4245036142259678371001418589193050510, 6910294056098340005075943562720472328, 11248532406139401590926791227180204807, 18309630802254549566738370063852724320, 29802169756192142343250225640251658281, 48506611446261691066309295327275158940, 78947598638067023751465284939916322714, 128487838407756904316001043862751763486, 209107882804865307907598556370617873525, 340301795295091781561958291396879706168, 553788197941468038648047766498957436175, 901174587160540338726855667790807067982, 1466425898867499845070243962916194286278, 2386148193717512170009289769228401062020, 3882584914039975468987064399292424838179, 6317291636901923079116074974190055097840, 10278445901541297442130390846299538623541, 16722865418187054855393438098975881606544, 27207008550071585525698052696578766802770, 44262699078345707943412686825344282867162, 72008229968847594259606159303016030700465, 117142276497710670555835461939242929056008, 190560376257505933958753656834234556275387, 309983869996681642010717770176335697338690, 504235333286600282608912114005404062140286, 820191507557159668755199222579431780012480, 1334090232150050402139121361977361671212479, 2169917435287378265804899948347011300818176, 3529306754323887313629610699507116650683585, 5740158972077892420030679400827089479747908, 9335699595754865219942048242489911337330570, 15183027219652469966850654538445667552223702, 24692129336580132999952387818219950831598573, 40155727729225113106840654289078657061011800, 65301830759970554059990339076996018511844199, 106192103356353485260065902268185124869279350]
Predicted:    
[1, 4, 10, 22, 45, 88, 167, 310, 566, 1020, 1819, 3216, 5645, 9848, 17090, 34195, 68406, 136829, 273676, 547371, 1094762, 2189545, 4379112, 8758247, 17516518, 35033061, 70066148, 140132323, 280264674, 560529377, 1121058784, 2242117599, 4484235230, 8968470493, 17936941020, 35873882075, 71747764186, 143495528409, 286991056856, 573982113751, 1147964227542, 2295928455125, 4591856910292, 9183713820627, 18367427641298, 36734855282641, 73469710565328, 146939421130703, 293878842261454, 587757684522957, 1175515369045964, 2351030738091979, 4702061476184010, 9404122952368073, 18808245904736200, 37616491809472455, 75232983618944966, 150465967237889989, 300931934475780036, 601863868951560131, 1203727737903120322, 2407455475806240705, 4814910951612481472, 9629821903224963007, 19259643806449926078, 38519287612899852221, 77038575225799704508, 154077150451599409083, 308154300903198818234, 616308601806397636537, 1232617203612795273144, 2465234407225590546359, 4930468814451181092790, 9860937628902362185653, 19721875257804724371380, 39443750515609448742835, 78887501031218897485746, 157775002062437794971569, 315550004124875589943216, 631100008249751179886511, 1262200016499502359773102, 2524400032999004719546285, 5048800065998009439092652, 10097600131996018878185387, 20195200263992037756370858, 40390400527984075512741801, 80780801055968151025483688, 161561602111936302050967463, 323123204223872604101935014, 646246408447745208203870117, 1292492816895490416407740324, 2584985633790980832815480739, 5169971267581961665630961570, 10339942535163923331261923233, 20679885070327846662523846560, 41359770140655693325047693215, 82719540281311386650095386526, 165439080562622773300190773149, 330878161125245546600381546396, 661756322250491093200763092891, 1323512644500982186401526185882, 2647025289001964372803052371865, 5294050578003928745606104743832, 10588101156007857491212209487767, 21176202312015714982424418975638, 42352404624031429964848837951381, 84704809248062859929697675902868, 169409618496125719859395351805843, 338819236992251439718790703611794, 677638473984502879437581407223697, 1355276947969005758875162814447504, 2710553895938011517750325628895119, 5421107791876023035500651257790350, 10842215583752046071001302515580813, 21684431167504092142002605031161740, 43368862335008184284005210062323595, 86737724670016368568010420124647306, 173475449340032737136020840249294729, 346950898680065474272041680498589576, 693901797360130948544083360997179271, 1387803594720261897088166721994358662, 2775607189440523794176333443988717445, 5551214378881047588352666887977435012, 11102428757762095176705333775954870147, 22204857515524190353410667551909740418, 44409715031048380706821335103819480961, 88819430062096761413642670207638962048, 177638860124193522827285340415277924223, 355277720248387045654570680830555848574, 710555440496774091309141361661111697277, 1421110880993548182618282723322223394684, 2842221761987096365236565446644446789499, 5684443523974192730473130893288893579130, 11368887047948385460946261786577787158393, 22737774095896770921892523573155574316920, 45475548191793541843785047146311148633975, 90951096383587083687570094292622297268086, 181902192767174167375140188585244594536309, 363804385534348334750280377170489189072756, 727608771068696669500560754340978378145651, 1455217542137393339001121508681956756291442, 2910435084274786678002243017363913512583025, 5820870168549573356004486034727827025166192, 11641740337099146712008972069455654050332527, 23283480674198293424017944138911308100665198, 46566961348396586848035888277822616201330541, 93133922696793173696071776555645232402661228, 186267845393586347392143553111290464805322603, 372535690787172694784287106222580929610645354, 745071381574345389568574212445161859221290857, 1490142763148690779137148424890323718442581864, 2980285526297381558274296849780647436885163879, 5960571052594763116548593699561294873770327910, 11921142105189526233097187399122589747540655973, 23842284210379052466194374798245179495081312100, 47684568420758104932388749596490358990162624355, 95369136841516209864777499192980717980325248866, 190738273683032419729554998385961435960650497889, 381476547366064839459109996771922871921300995936, 762953094732129678918219993543845743842601992031, 1525906189464259357836439987087691487685203984222, 3051812378928518715672879974175382975370407968605, 6103624757857037431345759948350765950740815937372, 12207249515714074862691519896701531901481631874907, 24414499031428149725383039793403063802963263749978, 48828998062856299450766079586806127605926527500121, 97657996125712598901532159173612255211853055000408, 195315992251425197803064318347224510423706110000983, 390631984502850395606128636694449020847412220002134, 781263969005700791212257273388898041694824440004437, 1562527938011401582424514546777796083389648880009044, 3125055876022803164849029093555592166779297760018259, 6250111752045606329698058187111184333558595520036690, 12500223504091212659396116374222368667117191040073553, 25000447008182425318792232748444737334234382080147280, 50000894016364850637584465496889474668468764160294735, 100001788032729701275168930993778949336937528320589646, 200003576065459402550337861987557898673875056641179469, 400007152130918805100675723975115797347750113282359116, 800014304261837610201351447950231594695500226564718411, 1600028608523675220402702895900463189391000453129437002, 3200057217047350440805405791800926378782000906258874185, 6400114434094700881610811583601852757564001812517748552, 12800228868189401763221623167203705515128003625035497287, 25600457736378803526443246334407411030256007250070994758, 51200915472757607052886492668814822060512014500141989701, 102401830945515214105772985337629644121024029000283979588, 204803661891030428211545970675259288242048058000567959363, 409607323782060856423091941350518576484096116001135918914, 819214647564121712846183882701037152968192232002271838017, 1638429295128243425692367765402074305936384464004543676224, 3276858590256486851384735530804148611872768928009087352639, 6553717180512973702769471061608297223745537856018174705470, 13107434361025947405538942123216594447491075712036349411133, 26214868722051894811077884246433188894982151424072698822460, 52429737444103789622155768492866377789964302848145397645115, 104859474888207579244311536985732755579928605696290795290426, 209718949776415158488623073971465511159857211392581590581049, 419437899552830316977246147942931022319714422785163181162296, 838875799105660633954492295885862044639428845570326362324791]
len(predicted_full) = 200, len(input_sequence + seq_pred) = 200
is_manual_check: False
