test results being evaluated: data/test_linrec15.tsv
csv file used: ../linear_database_newbl.csv
The sequence ID inspected: A006002
csv results file used: ../linear_database_newbl.csv
Results we are looking at now:
('Could you give me a recursive equation in a form of a Python code for the following number sequence: 0,2,9,24,50,90,147,224,324,450,605,792,1014,1274,1575', 'Certainly, the Python code is the following: lambda a_n: ( a_n[-1] + n * n ) + n * n')

Experiment type: Evaluation of the results of llms.
Ground truth: 
[0, 2, 9, 24, 50, 90, 147, 224, 324, 450, 605, 792, 1014, 1274, 1575, 1920, 2312, 2754, 3249, 3800, 4410, 5082, 5819, 6624, 7500, 8450, 9477, 10584, 11774, 13050, 14415, 15872, 17424, 19074, 20825, 22680, 24642, 26714, 28899, 31200, 33620, 36162, 38829, 41624, 44550, 47610, 50807, 54144, 57624, 61250, 65025, 68952, 73034, 77274, 81675, 86240, 90972, 95874, 100949, 106200, 111630, 117242, 123039, 129024, 135200, 141570, 148137, 154904, 161874, 169050, 176435, 184032, 191844, 199874, 208125, 216600, 225302, 234234, 243399, 252800, 262440, 272322, 282449, 292824, 303450, 314330, 325467, 336864, 348524, 360450, 372645, 385112, 397854, 410874, 424175, 437760, 451632, 465794, 480249, 495000, 510050, 525402, 541059, 557024, 573300, 589890, 606797, 624024, 641574, 659450, 677655, 696192, 715064, 734274, 753825, 773720, 793962, 814554, 835499, 856800, 878460, 900482, 922869, 945624, 968750, 992250, 1016127, 1040384, 1065024, 1090050, 1115465, 1141272, 1167474, 1194074, 1221075, 1248480, 1276292, 1304514, 1333149, 1362200, 1391670, 1421562, 1451879, 1482624, 1513800, 1545410, 1577457, 1609944, 1642874, 1676250, 1710075, 1744352, 1779084, 1814274, 1849925, 1886040, 1922622, 1959674, 1997199, 2035200, 2073680, 2112642, 2152089, 2192024, 2232450, 2273370, 2314787, 2356704, 2399124, 2442050, 2485485, 2529432, 2573894, 2618874, 2664375, 2710400, 2756952, 2804034, 2851649, 2899800, 2948490, 2997722, 3047499, 3097824, 3148700, 3200130, 3252117, 3304664, 3357774, 3411450, 3465695, 3520512, 3575904, 3631874, 3688425, 3745560, 3803282, 3861594, 3920499, 3980000]
Predicted:    
[0, 2, 9, 24, 50, 90, 147, 224, 324, 450, 605, 792, 1014, 1274, 1575, 2025, 2537, 3115, 3763, 4485, 5285, 6167, 7135, 8193, 9345, 10595, 11947, 13405, 14973, 16655, 18455, 20377, 22425, 24603, 26915, 29365, 31957, 34695, 37583, 40625, 43825, 47187, 50715, 54413, 58285, 62335, 66567, 70985, 75593, 80395, 85395, 90597, 96005, 101623, 107455, 113505, 119777, 126275, 133003, 139965, 147165, 154607, 162295, 170233, 178425, 186875, 195587, 204565, 213813, 223335, 233135, 243217, 253585, 264243, 275195, 286445, 297997, 309855, 322023, 334505, 347305, 360427, 373875, 387653, 401765, 416215, 431007, 446145, 461633, 477475, 493675, 510237, 527165, 544463, 562135, 580185, 598617, 617435, 636643, 656245, 676245, 696647, 717455, 738673, 760305, 782355, 804827, 827725, 851053, 874815, 899015, 923657, 948745, 974283, 1000275, 1026725, 1053637, 1081015, 1108863, 1137185, 1165985, 1195267, 1225035, 1255293, 1286045, 1317295, 1349047, 1381305, 1414073, 1447355, 1481155, 1515477, 1550325, 1585703, 1621615, 1658065, 1695057, 1732595, 1770683, 1809325, 1848525, 1888287, 1928615, 1969513, 2010985, 2053035, 2095667, 2138885, 2182693, 2227095, 2272095, 2317697, 2363905, 2410723, 2458155, 2506205, 2554877, 2604175, 2654103, 2704665, 2755865, 2807707, 2860195, 2913333, 2967125, 3021575, 3076687, 3132465, 3188913, 3246035, 3303835, 3362317, 3421485, 3481343, 3541895, 3603145, 3665097, 3727755, 3791123, 3855205, 3920005, 3985527, 4051775, 4118753, 4186465, 4254915, 4324107, 4394045, 4464733, 4536175, 4608375, 4681337, 4755065, 4829563, 4904835, 4980885, 5057717, 5135335, 5213743, 5292945]
len(predicted_full) = 200, len(input_sequence + seq_pred) = 200
is_manual_check: False
