test results being evaluated: data/test_linrec15.tsv
csv file used: ../linear_database_newbl.csv
The sequence ID inspected: A006130
csv results file used: ../linear_database_newbl.csv
Results we are looking at now:
('Could you give me a recursive equation in a form of a Python code for the following number sequence: 1,1,4,7,19,40,97,217,508,1159,2683,6160,14209,32689,75316', 'Certainly, the Python code is the following: lambda a_n: -9 + a_n[-2] * 3 - 3 - -9')

Experiment type: Evaluation of the results of llms.
Ground truth: 
[1, 1, 4, 7, 19, 40, 97, 217, 508, 1159, 2683, 6160, 14209, 32689, 75316, 173383, 399331, 919480, 2117473, 4875913, 11228332, 25856071, 59541067, 137109280, 315732481, 727060321, 1674257764, 3855438727, 8878212019, 20444528200, 47079164257, 108412748857, 249650241628, 574888488199, 1323839213083, 3048504677680, 7020022316929, 16165536349969, 37225603300756, 85722212350663, 197399022252931, 454565659304920, 1046762726063713, 2410459703978473, 5550747882169612, 12782126994105031, 29434370640613867, 67780751622928960, 156083863544770561, 359426118413557441, 827677709047869124, 1905956064288541447, 4388989191432148819, 10106857384297773160, 23273824958594219617, 53594397111487539097, 123415871987270197948, 284199063321732815239, 654446679283543409083, 1507043869248741854800, 3470383907099372082049, 7991515514845597646449, 18402667236143713892596, 42377213780680506831943, 97585215489111648509731, 224716856831153169005560, 517472503298488114534753, 1191623073791947621551433, 2744040583687411965155692, 6318909805063254829809991, 14551031556125490725277067, 33507760971315255214707040, 77160855639691727390538241, 177684138553637493034659361, 409166705472712675206274084, 942219121133625154310252167, 2169719237551763179929074419, 4996376600952638642859830920, 11505534313607928182647054177, 26494664116465844111226546937, 61011267057289628659167709468, 140495259406687160992847350279, 323529060578556046970350478683, 745014838798617529948892529520, 1715602020534285670859943965569, 3950646536930138260706621554129, 9097452598532995273286453450836, 20949392209323410055406318113223, 48241750004922395875265678465731, 111089926632892626041484632805400, 255815176647659813667281668202593, 589084956546337691791735566618793, 1356530486489317132793580571226572, 3123785356128330208168787271082951, 7193376815596281606549528984762667, 16564732883981272231055890798011520, 38144863330770117050704477752299521, 87839061982713933743872150146334081, 202273651975024284895985583403232644, 465790837923166086127602033842234887, 1072611793848238940815558784051932819, 2469984307617737199198364885578637480, 5687819689162454021645041237734435937, 13097772612015665619240135894470348377, 30161231679503027684175259607673656188, 69454549515550024541895667291084701319, 159938244554059107594421446114105669883, 368301893100709181220108447987359773840, 848116626762886504003372786329676783489, 1953022306065014047663698130291756105009, 4497372186353673559673816489280786455476, 10356439104548715702664910880156054770503, 23848555663609736381686360347998414136931, 54917872977255883489681092988466578448440, 126463539968085092634740174032461820859233, 291217158899852743103783452997861556204553, 670607778804108021008003975095247018782252, 1544259255503666250319354334088831687395911, 3556082591915990313343366259374572743742667, 8188860358426989064301429261641067805930400, 18857108134174960004331528039764786037158401, 43423689209455927197235815824687989454949601, 99995013611980807210230399943982347566424804, 230266081240348588801937847418046315931273607, 530251122076291010432629047249993358630548019, 1221049365797336776838442589504132306424368840, 2811802732026209808136329731254112382316012897, 6474950829418220138651657499766509301589119417, 14910359025496849563060646693528846448537158108, 34335211513751509979015619192828374353304516359, 79066288590242058668197559273414913698915990683, 182071923131496588605244416851900036758829539760, 419270788902222764609837094672144777855577511809, 965486558296712530425570345227844888132066131089, 2223298925003380824255081629244279221698798666516, 5119758599893518415531792664927813886094997059783, 11789655374903660888297037552660651551191393059331, 27148931174584216134892415547444093209476384238680, 62517897299295198799783528205426047863050563416673, 143964690823047847204460774847758327491479716132713, 331518382720933443603811359464036471080631406382732, 763412455190076985217193684007311453555070554780871, 1757967603352877316028627762399420866796964773929067, 4048204968923108271680208814421355227462176438271680, 9322107778981740219766092101619617827853070760058881, 21466722685751065034806718544883683510239600074873921, 49433046022696285694104994849742536993798812355050564, 113833214079949480798525150484393587524517612579672327, 262132352148038337880840135033621198505914049644824019, 603631994387886780276415586486801961079466887383841000, 1390029050832001793918935991587665556597209036318313057, 3200925033995662134748182751048071439835609698469836057, 7371012186491667516504990725811068109627236807424775228, 16973787288478653920749538978955282429134065902834283399, 39086823847953656470264511156388486758015776325108609083, 90008185713389618232513128093254334045417974033611459280, 207268657257250587643306661562419794319465303008937286529, 477293214397419442340846045842182796455719225109771664369, 1099099186169171205270766030529442179414115134136583523956, 2530978829361429532293304168055990568781272809465898517063, 5828276387868943148105602259644317107023618211875649088931, 13421212875953231744985514763812288813367436640273344640120, 30906042039560061189302321542745240134438291275900291906913, 71169680667419756424258865834182106574540601196720325827273, 163887806786099939992165830462417826977855475024421201548012, 377396848788359209264942427964964146701477278614582179029831, 869060269146659029241439919352217627635043703687845783673867, 2001250815511736657036267203247110067739475539531592320763360, 4608431622951713744760586961303762950644606650595129671784961, 10612184069486923715869388571045093153863033269189906634075041, 24437478938342064950151149454956382005796853220975295649429924, 56274031146802836097759315168091661467385953028545015551655047, 129586467961829030948212763532960807484776512691470902499944819, 298408561402237539241490709037235791886934371777105949154909960, 687167965287724632086128999636118214341263909851518656654744417, 1582393649494437249810601126747825590002067025182836504119474297, 3643897545357611146068988125656180233025858754737392474083707548, 8391078493840922895500791505899657003032059830285901986442130439, 19322771129913756333707755882868197702109636094498079408693253083, 44496006611436525020210130400567168711205815585355785368019644400, 102464320001177794021333398049171761817534723868850023594099403649, 235952339835487369081963789250873267951152170624917379698158336849, 543345299839020751145963983398388553403756342231467450480456547796, 1251202319345482858391855351151008357257212854106219589574931558343, 2881238218862545111829747301346174017468481880800621941016301201731, 6634845176898993687005313354799199089240120443119280709741095876760, 15278559833486629022494555258837721141645566085521146532789999481953, 35183095364183610083510495323235318409365927414878988662013287112233, 81018774864643497150994161099748481834302625671442428260383285558092, 186568060957194327401525647069454437062400407916079394246423146894791, 429624385551124818854508130368699882565308284930406679027573003569067, 989328568422707801059085071577063193752509508678644861766842444253440, 2278201725076082257622609462683162841448434363469864898849561454960641, 5246187430344205660799864677414352422705962889505799484150088787720961, 12080792605572452433667693065463840947051265979915394180698773152602884, 27819354896605069416067287097706898215169154648432792633149039515765767, 64061732713322426717070366294098421056322952588178975175245358973574419, 147519797403137634965272227587219115701830416533477353074692477520871720, 339704995543104915116483326469514378870799274298014278600428554441594977, 782264387752517820012300009231171725976290523898446337824505987004210137]
Predicted:    
[1, 1, 4, 7, 19, 40, 97, 217, 508, 1159, 2683, 6160, 14209, 32689, 75316, 98064, 225945, 294189, 677832, 882564, 2033493, 2647689, 6100476, 7943064, 18301425, 23829189, 54904272, 71487564, 164712813, 214462689, 494138436, 643388064, 1482415305, 1930164189, 4447245912, 5790492564, 13341737733, 17371477689, 40025213196, 52114433064, 120075639585, 156343299189, 360226918752, 469029897564, 1080680756253, 1407089692689, 3242042268756, 4221269078064, 9726126806265, 12663807234189, 29178380418792, 37991421702564, 87535141256373, 113974265107689, 262605423769116, 341922795323064, 787816271307345, 1025768385969189, 2363448813922032, 3077305157907564, 7090346441766093, 9231915473722689, 21271039325298276, 27695746421168064, 63813117975894825, 83087239263504189, 191439353927684472, 249261717790512564, 574318061783053413, 747785153371537689, 1722954185349160236, 2243355460114613064, 5168862556047480705, 6730066380343839189, 15506587668142442112, 20190199141031517564, 46519763004427326333, 60570597423094552689, 139559289013281978996, 181711792269283658064, 418677867039845936985, 545135376807850974189, 1256033601119537810952, 1635406130423552922564, 3768100803358613432853, 4906218391270658767689, 11304302410075840298556, 14718655173811976303064, 33912907230227520895665, 44155965521435928909189, 101738721690682562686992, 132467896564307786727564, 305216165072047688060973, 397403689692923360182689, 915648495216143064182916, 1192211069078770080548064, 2746945485648429192548745, 3576633207236310241644189, 8240836456945287577646232, 10729899621708930724932564, 24722509370835862732938693, 32189698865126792174797689, 74167528112507588198816076, 96569096595380376524393064, 222502584337522764596448225, 289707289786141129573179189, 667507753012568293789344672, 869121869358423388719537564, 2002523259037704881368034013, 2607365608075270166158612689, 6007569777113114644104102036, 7822096824225810498475838064, 18022709331339343932312306105, 23466290472677431495427514189, 54068127994018031796936918312, 70398871418032294486282542564, 162204383982054095390810754933, 211196614254096883458847627689, 486613151946162286172432264796, 633589842762290650376542883064, 1459839455838486858517296794385, 1900769528286871951129628649189, 4379518367515460575551890383152, 5702308584860615853388885947564, 13138555102546381726655671149453, 17106925754581847560166657842689, 39415665307639145179967013448356, 51320777263745542680499973528064, 118246995922917435539901040345065, 153962331791236628041499920584189, 354740987768752306619703121035192, 461886995373709884124499761752564, 1064222963306256919859109363105573, 1385660986121129652373499285257689, 3192668889918770759577328089316716, 4156982958363388957120497855773064, 9578006669756312278731984267950145, 12470948875090166871361493567319189, 28734020009268936836195952803850432, 37412846625270500614084480701957564, 86202060027806810508587858411551293, 112238539875811501842253442105872689, 258606180083420431525763575234653876, 336715619627434505526760326317618064, 775818540250261294577290725703961625, 1010146858882303516580280978952854189, 2327455620750783883731872177111884872, 3030440576646910549740842936858562564, 6982366862252351651195616531335654613, 9091321729940731649222528810575687689, 20947100586757054953586849594006963836, 27273965189822194947667586431727063064, 62841301760271164860760548782020891505, 81821895569466584843002759295181189189, 188523905280813494582281646346062674512, 245465686708399754529008277885543567564, 565571715842440483746844939038188023533, 736397060125199263587024833656630702689, 1696715147527321451240534817114564070596, 2209191180375597790761074500969892108064, 5090145442581964353721604451343692211785, 6627573541126793372283223502909676324189, 15270436327745893061164813354031076635352, 19882720623380380116849670508729028972564, 45811308983237679183494440062093229906053, 59648161870141140350549011526187086917689, 137433926949713037550483320186279689718156, 178944485610423421051647034578561260753064, 412301780849139112651449960558839069154465, 536833456831270263154941103735683782259189, 1236905342547417337954349881676517207463392, 1610500370493810789464823311207051346777564, 3710716027642252013863049645029551622390173, 4831501111481432368394469933621154040332689, 11132148082926756041589148935088654867170516, 14494503334444297105183409800863462120998064, 33396444248780268124767446805265964601511545, 43483510003332891315550229402590386362994189, 100189332746340804374302340415797893804534632, 130450530009998673946650688207771159088982564, 300567998239022413122907021247393681413603893, 391351590029996021839952064623313477266947689, 901703994717067239368721063742181044240811676, 1174054770089988065519856193869940431800843064, 2705111984151201718106163191226543132722435025, 3522164310269964196559568581609821295402529189, 8115335952453605154318489573679629398167305072, 10566492930809892589678705744829463886207587564, 24346007857360815462955468721038888194501915213, 31699478792429677769036117234488391658622762689, 73038023572082446388866406163116664583505745636, 95098436377289033307108351703465174975868288064, 219114070716247339166599218489349993750517236905, 285295309131867099921325055110395524927604864189, 657342212148742017499797655468049981251551710712, 855885927395601299763975165331186574782814592564, 1972026636446226052499392966404149943754655132133, 2567657782186803899291925495993559724348443777689, 5916079909338678157498178899212449831263965396396, 7702973346560411697875776487980679173045331333064]
len(predicted_full) = 200, len(input_sequence + seq_pred) = 200
is_manual_check: False
