test results being evaluated: data/test_linrec15.tsv
csv file used: ../linear_database_newbl.csv
The sequence ID inspected: A008812
csv results file used: ../linear_database_newbl.csv
Results we are looking at now:
('Could you give me a recursive equation in a form of a Python code for the following number sequence: 1,2,3,4,5,8,11,14,17,20,25,30,35,40,45', 'Certainly, the Python code is the following: lambda a_n: ( n ) // 4 + 1 * a_n[-5] + n')

Experiment type: Evaluation of the results of llms.
Ground truth: 
[1, 2, 3, 4, 5, 8, 11, 14, 17, 20, 25, 30, 35, 40, 45, 52, 59, 66, 73, 80, 89, 98, 107, 116, 125, 136, 147, 158, 169, 180, 193, 206, 219, 232, 245, 260, 275, 290, 305, 320, 337, 354, 371, 388, 405, 424, 443, 462, 481, 500, 521, 542, 563, 584, 605, 628, 651, 674, 697, 720, 745, 770, 795, 820, 845, 872, 899, 926, 953, 980, 1009, 1038, 1067, 1096, 1125, 1156, 1187, 1218, 1249, 1280, 1313, 1346, 1379, 1412, 1445, 1480, 1515, 1550, 1585, 1620, 1657, 1694, 1731, 1768, 1805, 1844, 1883, 1922, 1961, 2000, 2041, 2082, 2123, 2164, 2205, 2248, 2291, 2334, 2377, 2420, 2465, 2510, 2555, 2600, 2645, 2692, 2739, 2786, 2833, 2880, 2929, 2978, 3027, 3076, 3125, 3176, 3227, 3278, 3329, 3380, 3433, 3486, 3539, 3592, 3645, 3700, 3755, 3810, 3865, 3920, 3977, 4034, 4091, 4148, 4205, 4264, 4323, 4382, 4441, 4500, 4561, 4622, 4683, 4744, 4805, 4868, 4931, 4994, 5057, 5120, 5185, 5250, 5315, 5380, 5445, 5512, 5579, 5646, 5713, 5780, 5849, 5918, 5987, 6056, 6125, 6196, 6267, 6338, 6409, 6480, 6553, 6626, 6699, 6772, 6845, 6920, 6995, 7070, 7145, 7220, 7297, 7374, 7451, 7528, 7605, 7684, 7763, 7842, 7921, 8000]
Predicted:    
[1, 2, 3, 4, 5, 8, 11, 14, 17, 20, 25, 30, 35, 40, 45, 43, 50, 56, 62, 68, 68, 76, 83, 90, 98, 99, 108, 116, 125, 134, 136, 146, 156, 166, 176, 179, 191, 202, 213, 224, 229, 242, 254, 266, 279, 285, 299, 312, 326, 340, 347, 362, 377, 392, 407, 415, 432, 448, 464, 480, 490, 508, 525, 542, 560, 571, 590, 608, 627, 646, 658, 678, 698, 718, 738, 751, 773, 794, 815, 836, 851, 874, 896, 918, 941, 957, 981, 1004, 1028, 1052, 1069, 1094, 1119, 1144, 1169, 1187, 1214, 1240, 1266, 1292, 1312, 1340, 1367, 1394, 1422, 1443, 1472, 1500, 1529, 1558, 1580, 1610, 1640, 1670, 1700, 1723, 1755, 1786, 1817, 1848, 1873, 1906, 1938, 1970, 2003, 2029, 2063, 2096, 2130, 2164, 2191, 2226, 2261, 2296, 2331, 2359, 2396, 2432, 2468, 2504, 2534, 2572, 2609, 2646, 2684, 2715, 2754, 2792, 2831, 2870, 2902, 2942, 2982, 3022, 3062, 3095, 3137, 3178, 3219, 3260, 3295, 3338, 3380, 3422, 3465, 3501, 3545, 3588, 3632, 3676, 3713, 3758, 3803, 3848, 3893, 3931, 3978, 4024, 4070, 4116, 4156, 4204, 4251, 4298, 4346, 4387, 4436, 4484, 4533, 4582, 4624, 4674, 4724, 4774, 4824, 4867, 4919, 4970, 5021, 5072]
len(predicted_full) = 200, len(input_sequence + seq_pred) = 200
is_manual_check: False
