test results being evaluated: data/test_linrec15.tsv
csv file used: ../linear_database_newbl.csv
The sequence ID inspected: A010761
csv results file used: ../linear_database_newbl.csv
Results we are looking at now:
('Could you give me a recursive equation in a form of a Python code for the following number sequence: 0,1,2,3,3,5,5,6,7,8,8,10,10,11,12', 'Certainly, the Python code is the following: lambda a_n: n + a_n[-4] // -4')

Experiment type: Evaluation of the results of llms.
Ground truth: 
[0, 1, 2, 3, 3, 5, 5, 6, 7, 8, 8, 10, 10, 11, 12, 13, 13, 15, 15, 16, 17, 18, 18, 20, 20, 21, 22, 23, 23, 25, 25, 26, 27, 28, 28, 30, 30, 31, 32, 33, 33, 35, 35, 36, 37, 38, 38, 40, 40, 41, 42, 43, 43, 45, 45, 46, 47, 48, 48, 50, 50, 51, 52, 53, 53, 55, 55, 56, 57, 58, 58, 60, 60, 61, 62, 63, 63, 65, 65, 66, 67, 68, 68, 70, 70, 71, 72, 73, 73, 75, 75, 76, 77, 78, 78, 80, 80, 81, 82, 83, 83, 85, 85, 86, 87, 88, 88, 90, 90, 91, 92, 93, 93, 95, 95, 96, 97, 98, 98, 100, 100, 101, 102, 103, 103, 105, 105, 106, 107, 108, 108, 110, 110, 111, 112, 113, 113, 115, 115, 116, 117, 118, 118, 120, 120, 121, 122, 123, 123, 125, 125, 126, 127, 128, 128, 130, 130, 131, 132, 133, 133, 135, 135, 136, 137, 138, 138, 140, 140, 141, 142, 143, 143, 145, 145, 146, 147, 148, 148, 150, 150, 151, 152, 153, 153, 155, 155, 156, 157, 158, 158, 160, 160, 161, 162, 163, 163, 165, 165, 166]
Predicted:    
[0, 1, 2, 3, 3, 5, 5, 6, 7, 8, 8, 10, 10, 11, 12, 12, 13, 14, 15, 16, 16, 17, 18, 19, 20, 20, 21, 22, 23, 24, 24, 25, 26, 27, 28, 28, 29, 30, 31, 32, 32, 33, 34, 35, 36, 36, 37, 38, 39, 40, 40, 41, 42, 43, 44, 44, 45, 46, 47, 48, 48, 49, 50, 51, 52, 52, 53, 54, 55, 56, 56, 57, 58, 59, 60, 60, 61, 62, 63, 64, 64, 65, 66, 67, 68, 68, 69, 70, 71, 72, 72, 73, 74, 75, 76, 76, 77, 78, 79, 80, 80, 81, 82, 83, 84, 84, 85, 86, 87, 88, 88, 89, 90, 91, 92, 92, 93, 94, 95, 96, 96, 97, 98, 99, 100, 100, 101, 102, 103, 104, 104, 105, 106, 107, 108, 108, 109, 110, 111, 112, 112, 113, 114, 115, 116, 116, 117, 118, 119, 120, 120, 121, 122, 123, 124, 124, 125, 126, 127, 128, 128, 129, 130, 131, 132, 132, 133, 134, 135, 136, 136, 137, 138, 139, 140, 140, 141, 142, 143, 144, 144, 145, 146, 147, 148, 148, 149, 150, 151, 152, 152, 153, 154, 155, 156, 156, 157, 158, 159, 160]
len(predicted_full) = 200, len(input_sequence + seq_pred) = 200
is_manual_check: False
