test results being evaluated: data/test_linrec15.tsv
csv file used: ../linear_database_newbl.csv
The sequence ID inspected: A011889
csv results file used: ../linear_database_newbl.csv
Results we are looking at now:
('Could you give me a recursive equation in a form of a Python code for the following number sequence: 0,0,0,0,3,8,17,30,48,72,102,141,188,245,312', 'Certainly, the Python code is the following: lambda a_n: a_n[-1] - -4 - 5 * n // ( -9 )')

Experiment type: Evaluation of the results of llms.
Ground truth: 
[0, 0, 0, 0, 3, 8, 17, 30, 48, 72, 102, 141, 188, 245, 312, 390, 480, 582, 699, 830, 977, 1140, 1320, 1518, 1734, 1971, 2228, 2507, 2808, 3132, 3480, 3852, 4251, 4676, 5129, 5610, 6120, 6660, 7230, 7833, 8468, 9137, 9840, 10578, 11352, 12162, 13011, 13898, 14825, 15792, 16800, 17850, 18942, 20079, 21260, 22487, 23760, 25080, 26448, 27864, 29331, 30848, 32417, 34038, 35712, 37440, 39222, 41061, 42956, 44909, 46920, 48990, 51120, 53310, 55563, 57878, 60257, 62700, 65208, 67782, 70422, 73131, 75908, 78755, 81672, 84660, 87720, 90852, 94059, 97340, 100697, 104130, 107640, 111228, 114894, 118641, 122468, 126377, 130368, 134442, 138600, 142842, 147171, 151586, 156089, 160680, 165360, 170130, 174990, 179943, 184988, 190127, 195360, 200688, 206112, 211632, 217251, 222968, 228785, 234702, 240720, 246840, 253062, 259389, 265820, 272357, 279000, 285750, 292608, 299574, 306651, 313838, 321137, 328548, 336072, 343710, 351462, 359331, 367316, 375419, 383640, 391980, 400440, 409020, 417723, 426548, 435497, 444570, 453768, 463092, 472542, 482121, 491828, 501665, 511632, 521730, 531960, 542322, 552819, 563450, 574217, 585120, 596160, 607338, 618654, 630111, 641708, 653447, 665328, 677352, 689520, 701832, 714291, 726896, 739649, 752550, 765600, 778800, 792150, 805653, 819308, 833117, 847080, 861198, 875472, 889902, 904491, 919238, 934145, 949212, 964440, 979830, 995382, 1011099, 1026980, 1043027, 1059240, 1075620, 1092168, 1108884]
Predicted:    
[0, 0, 0, 0, 3, 8, 17, 30, 48, 72, 102, 141, 188, 245, 312, 325, 338, 352, 366, 381, 397, 413, 430, 447, 465, 483, 502, 521, 541, 562, 583, 605, 627, 650, 673, 697, 721, 746, 772, 798, 825, 852, 880, 908, 937, 966, 996, 1027, 1058, 1090, 1122, 1155, 1188, 1222, 1256, 1291, 1327, 1363, 1400, 1437, 1475, 1513, 1552, 1591, 1631, 1672, 1713, 1755, 1797, 1840, 1883, 1927, 1971, 2016, 2062, 2108, 2155, 2202, 2250, 2298, 2347, 2396, 2446, 2497, 2548, 2600, 2652, 2705, 2758, 2812, 2866, 2921, 2977, 3033, 3090, 3147, 3205, 3263, 3322, 3381, 3441, 3502, 3563, 3625, 3687, 3750, 3813, 3877, 3941, 4006, 4072, 4138, 4205, 4272, 4340, 4408, 4477, 4546, 4616, 4687, 4758, 4830, 4902, 4975, 5048, 5122, 5196, 5271, 5347, 5423, 5500, 5577, 5655, 5733, 5812, 5891, 5971, 6052, 6133, 6215, 6297, 6380, 6463, 6547, 6631, 6716, 6802, 6888, 6975, 7062, 7150, 7238, 7327, 7416, 7506, 7597, 7688, 7780, 7872, 7965, 8058, 8152, 8246, 8341, 8437, 8533, 8630, 8727, 8825, 8923, 9022, 9121, 9221, 9322, 9423, 9525, 9627, 9730, 9833, 9937, 10041, 10146, 10252, 10358, 10465, 10572, 10680, 10788, 10897, 11006, 11116, 11227, 11338, 11450, 11562, 11675, 11788, 11902, 12016, 12131]
len(predicted_full) = 200, len(input_sequence + seq_pred) = 200
is_manual_check: False
