test results being evaluated: data/test_linrec15.tsv
csv file used: ../linear_database_newbl.csv
The sequence ID inspected: A013733
csv results file used: ../linear_database_newbl.csv
Results we are looking at now:
('Could you give me a recursive equation in a form of a Python code for the following number sequence: 9,243,6561,177147,4782969,129140163,3486784401', 'Certainly, the Python code is the following: lambda a_n: a_n[-1] // -2 * -9')

Experiment type: Evaluation of the results of llms.
Ground truth: 
[9, 243, 6561, 177147, 4782969, 129140163, 3486784401, 94143178827, 2541865828329, 68630377364883, 1853020188851841, 50031545098999707, 1350851717672992089, 36472996377170786403, 984770902183611232881, 26588814358957503287787, 717897987691852588770249, 19383245667680019896796723, 523347633027360537213511521, 14130386091738734504764811067, 381520424476945831628649898809, 10301051460877537453973547267843, 278128389443693511257285776231761, 7509466514979724803946715958257547, 202755595904452569706561330872953769, 5474401089420219382077155933569751763, 147808829414345923316083210206383297601, 3990838394187339929534246675572349035227, 107752636643058178097424660240453423951129, 2909321189362570808630465826492242446680483, 78551672112789411833022577315290546060373041, 2120895147045314119491609587512844743630072107, 57264168970223481226273458862846808078011946889, 1546132562196033993109383389296863818106322566003, 41745579179292917813953351511015323088870709282081, 1127130637840908780976740490797413723399509150616187, 30432527221704537086371993251530170531786747066637049, 821678234986022501332043817791314604358242170799200323, 22185312344622607535965183080365494317672538611578408721, 599003433304810403471059943169868346577158542512617035467, 16173092699229880893718618465586445357583280647840659957609, 436673502879206784130402698570834024654748577491697818855443, 11790184577738583171520872861412518665678211592275841109096961, 318334983598941745631063567258138003973311712991447709945617947, 8595044557171427132038716315969726107279416250769088168531684569, 232066203043628532565045340531182604896544238770765380550355483363, 6265787482177970379256224194341930332206694446810665274859598050801, 169176262018805200239918053247232118969580750063887962421209147371627, 4567759074507740406477787437675267212178680251724974985372646979033929, 123329495011708990974900260817232214728824366796574324605061468433916083, 3329896365316142756322307042065269797678257903507506764336659647715734241, 89907201863535854420702290135762284537312963394702682637089810488324824507, 2427494450315468069358961833665581682507450011656972431201424883184770261689, 65542350158517637872691969508970705427701150314738255642438471845988797065603, 1769643454279976222562683176742209046547931058497932902345838739841697520771281, 47780373265559358009192445772039644256794138579444188363337645975725833060824587, 1290070078170102666248196035845070394933441741644993085810116441344597492642263849, 34831892110592771988701292967816900663202927024414813316873143916304132301341123923, 940461086986004843694934910131056317906479029659199959555574885740211572136210345921, 25392449348622130779763242573538520583474933800798398908000521914985712447677679339867, 685596132412797531053607549485540055753823212621556770516014091704614236087297342176409, 18511095575145533338447403836109581505353226740782032803932380476024584374357028238763043, 499799580528929400138079903574958700644537122001114885706174272852663778107639762446602161, 13494588674281093803728157396523884917402502294030101914066705367021922008906273586058258347, 364353894205589532700660249706144892769867561938812751679801044909591894240469386823572975369, 9837555143550917382917826742065912104786424172347944295354628212558981144492673444236470334963, 265613988875874769338781322035779626829233452653394495974574961739092490901302182994384699044001, 7171577699648618772147095694966049924389303221641651391313523966955497254335158940848386874188027, 193632597890512706847971583764083347958511186984324587565465147107798425867049291402906445603076729, 5228080143043843084895232761630250394879802048576763864267558971910557498410330867878474031283071683, 141158163862183763292171284564016760661754655311572624335224092241585052457078933432718798844642935441, 3811270424278961608888624683228452537867375693412460857051050490522796416341131202683407568805359256907, 102904301455531963439992866447168218522419143722136443140378363244115503241210542472452004357744699936489, 2778416139299363012879807394073541900105316880497683964790215807591118587512684646756204117659106898285203, 75017235761082801347754799639985631302843555773437467049335826804960201862842485462417511176795886253700481, 2025465365549235636389379590279612045176776005882811610332067323733925450296747107485272801773488928849912987, 54687564869829362182513248937549525219772952158835913478965817740815987158012171902102365647884201078947650649, 1476564251485392778927857721313837180933869708288569663932077079002031653266328641356763872492873429131586567523, 39867234790105605031052158475473603885214482123791380926166081133054854638190873316632624557307582586552837323121, 1076415339332851335838408278837787304900791017342367285006484190592481075231153579549080863047304729836926607724267, 29063214161986986067637023528620257232321357468243916695175073145996989031241146647825183302277227705597018408555209, 784706782373648623826199635272746945272676651642585750769726974941918703843510959491279949161485148051119497030990643, 21187083124088512843307390152364167522362269594349815270782628323431805003774795906264558627360098997380226419836747361, 572051244350389846769299534113832523103781279047445012311130964732658735101919489469143082938722672929266113335592178747, 15445383597460525862771087421073478123802094534281015332400536047781785847751826215666863239345512169090185060060988826169, 417025357131434198294819360368983909342656552425587413974814473290108217889299307823005307462328828565434996621646698306563, 11259684642548723353960122729962565552251726915490860177319990778832921883011081311221143301482878371266744908784460854277201, 304011485348815530556923313708989269910796626718253224787639751028488890841299195402970869140037716024202112537180443065484427, 8208310104418019325036929470142710287591508921392837069266273277769200052715078275880213466781018332653457038503871962768079529, 221624372819286521775997095693853177764970740877606600870189378499768401423307113448765763603087494981643340039604542994738147283, 5983858066120736087951921583734035799654210003695378223495113219493746838429292063116675617283362364504370181069322660857929976641, 161564167785259874374701882760818966590663670099775212034368056926331164637590885704150241666650783841617994888871711843164109369307, 4362232530202016608116950834542112097947919092693930724927937537010941445214953914012056524999571163723685861999536219765430952971289, 117780278315454448419157672532637026644593815502736129573054313499295419020803755678325526174988421420539518273987477933666635730224803, 3180067514517270107317257158381199719404033018573875498472466464480976313561701403314789206724687378354566993397661904208999164716069681, 85861822891966292897565943276292392423908891501494638458756594540986360466165937889499308581566559215573308821736871413642977447333881387, 2318269218083089908234280468459894595445540070540355238386428052606631732586480323016481331702297098820479338186895528168360391078014797449, 62593268888243427522325572648417154077029581904589591436433557420379056779834968721444995955962021668152942131046179260545730559106399531123, 1690018259982572543102790461507263160079798711423918968783706050350234533055544155479014890810974585040129437538246840034734725095872787340321, 45630493019529458663775342460696105322154565208445812157160063359456332392499692197933402051896313796083494813532664680937837577588565258188667, 1232023311527295383921934246438794843698173260628036928243321710705320974597491689344201855401200472494254359965381946385321614594891261971094009, 33264629411236975365892224653847460779850678036956997062569686189043666314132275612293450095832412757344867719065312552403683594062064073219538243, 898144994103398334879090065653881441055968306997838920689381527104178990481571441531923152587475144448311428414763438914899457039675729976927532561, 24249914840791755041735431772654798908511144288941650858613301231812832743002428921361925119861828900104408567198612850702285340071244709377043379147, 654747700701377386126856657861679570529800895801424573182559133258946484061065580876771978236269380302819031314362546968961704181923607153180171236969, 17678187918937189425425129762265348404304624186638463475929096597991555069648770683672843412379273268176113845487788768161966012911937393135864623398163, 477311073811304114486478503581164406916224853039238513850085608145771986880516808459166772134240378240755073828170296740373082348622309614668344831750401, 12887398992905211091134919596691438986738071032059439873952311419935843645773953828397502847624490212500386993360598011990073223412802359596045310457260827, 347959772808440699460642829110668852641927917865604876596712408338267778435896753366732576885861235737510448820736146323731977032145663709093223382346042329, 9394913865827898885437356385988059021332053782371331668111235025133230017769212340901779575918253364912782118159875950740763379867932920145517031323343142883, 253662674377353269906808622421677593575965452124025955039003345678597210479768733204348048549792840852645117190316650670000611256434188843928959845730264857841, 6848892208188538287483832805385295026551067207348700786053090333322124682953755796517397310844406703021418164138549568090016503923723098786081915834717151161707, 184920089621090533762063485745402965716878814598414921223433438999697366439751406505969727392798980981578290431740838338430445605940523667224211727537363081366089, 4992842419769444411575714115125880074355727994157202873032702852991828893873287975661182639605572486502613841657002635137622031360394139015053716643508803196884403, 134806745333774999112544281108398762007604655842244477571882977030779380134578775342851931269350457135570573724739071148715794846730641753406450349374737686315878881, 3639782124011924976038695589926766574205325707740600894440840379831043263633626934257002144272462342660405490567954921015326460861727327341974159433117917530528729787, 98274117348321974353044780928022697503543794108996224149902690255438168118107927224939057895356483251830948245334782867413814443266637838233302304694183773324275704249, 2653401168404693307532209085056612832595682440942898052047372636896830539188914035073354563174625047799435602624039137420172989968199221632299162226742961879755444014723, 71641831546926719303369645296528546480083425905458247405279061196214424558100678946980573205714876290584761270849056710344670729141378984072077380122059970753396988397521, 1934329451767021421190980423006270754962252499447372679942534652297789463068718331568475476554301659845788554312924531179306109686817232569946089263295619210341718686733067, 52226895197709578372156471421169310383980817485079062358448435612040315502855394952348837866966144815836290966448962341841264961544065279388544410108981718679226404541792809, 1410126170338158616048224728371571380367482072097134683678107761525088518577095663713418622408085910027579856094121983229714153961689762543490699072942506404339112922628405843, 38073406599130282633302067666032427269922015946622636459308909561177390001581582920262302805018319570744656114541293547202282156965623588674248874969447672917156048910966957761, 1027981978176517631099155826982875536287894430558811184401340558151789530042702738847082175735494628410105715092614925774461618238071836894204719624175087168763213320596107859547, 27755513410765976039677207328537639479773149625087901978836195070098317311152973948871218744858354967072854307500602995910463692427939596143527429852727353556606759656094912207769, 749398862090681353071284597870516265953875039877373353428577266892654567401130296619522906111175584110967066302516280889582519695554369095875240606023638546028382510714562629609763, 20233769276448396532924684142503939180754626076689080542571586206101673319830518008727118465001740770996110790167939584018728031779967965588631496362638240742766327789293190999463601, 546311770464106706388966471847606357880374904070605174649432827564745179635423986235632198555047000816894991334534368768505656858059135070893050401791232500054690850310916156985517227, 14750417802530881072502094739885371662770122409906339715534686344248119850156447628362069360986269022056164766032427956749652735167596646914112360848363277501476652958394736238608965129, 398261280668333788957556557976905034894793305067471172319436531294699235954224085965775872746629263595516448682875554832240623849525109466681033742905808492539869629876657878442442058483, 10753054578045012301854027065376435942159419236821721652624786344956879370764050321075948564158990117078944114437639980470496843937177955600387911058456829298576480006669762717945935579041, 290332473607215332150058730765163770438304319394186484620869231313835743010629358669050611232292733161131491089816279472703414786303804801210473598578334391061564960180083593384540260634107, 7838976787394813968051585730659421801834216623643035084763469245473565061286992684064366503271903795350550259425039545762992199230202729632682787161615028558662253924862257021382587037120889, 211652373259659977137392814727804388649523848838361947288613669627786256654748802469737895588341402474464857004476067735600789379215473700082435253363605771083880855971280939577329850002264003, 5714614078010819382709605997650718493537143918635772576792569079950228929678217666682923180885217866810551139120853828861221313238817789902225751840817355819264783111224585368587905950061128081, 154294580106292123333159361936569399325502885803165859573399365158656181101311877000438925883900882403884880756263053379252975457448080327360095299702068607120149144003063804951873460651650458187, 4165953662869887329995302772287373781788577916685478208481782859283716889735420679011850998865323824904891780419102441239830337351098168838722573091955852392244026888082722733700583437594562371049, 112480748897486957909873174851759092108291603750507911629008137200660356022856358333319976969363743272432078071315765913475419108479650558645509473482808014590588725978233513809915752815053184018323, 3036980220232147863566575720997495486923873301263713613983219704417829612617121674999639378172821068355666107925525679663836315928950565083428755784035816393945895601412304872867725326006435968494721, 81998465946267992316297544466932378146944579134120267577546932019281399540662285224990263210666168845602984913989193350923580530081665257252576406168967042636539181238132231567428583802173771149357467, 2213958580549235792540033700607174209967503636621247224593767164520597787597881701074737106687986558831280592677708220474936674312204961945819562966562110151186557893429570252320571762658691821032651609, 59776881674829366398580909916393703669122598188773675064031713442056140265142805929017901880575637088444576002298121952823290206429533972537128200097176974082037063122598396812655437591784679167881593443, 1613975805220392892761684567742629999066310151096889226728856262935515787158855760083483350775542201388003552062049292726228835573597417258502461402623778300215000704310156713941696814978186337532803022961, 43577346740950608104565483329051009974790374079616009121679119099258926253289105522254050470939639437476095905675330903608178560487130265979566457870842014105805019016374231276425814004411031113385681619947, 1176588362005666418823268049884377269319340100149632246285336215679991008838805849100859362715370264811854589453233934397420821133152517181448294362512734380856735513442104244463496978119097840061413403738569, 31767885774152993308228237346878186271622182704040070649704077823359757238647757925723202793314997149920073915237316228730362170595117963899103947787843828283131858862936814600514418409215641681658161900941363, 857732915902130819322162408365711029333798933009081907542010101230713445443489463994526475419504923047841995711407538175719778606068185025275806590271783363644560189299293994213889297048822325404770371325416801, 23158788729357532121698385025874197792012571191245211503634272733229263026974215527852214836326632922291733884208003530744434022363840995682446777937338150818403125111080937843775011020318202785928800025786253627, 625287295692653367285856395698603340384339422163620710598125363797190101728303819252009800580819088901876814873616095330099718603823706883426063004308130072096884377999185321781925297548591475220077600696228847929, 16882756983701640916718122683862290190377164398417759186149384822524132746664203119804264615682115400350674001587634573912692402303240085852503701116319511946615878205978003688111983033811969830942095218798178894083, 455834438559944304751389312464281835140183438757279498026033390208151584159933484234715144623417115809468198042866133495642694862187482318017599930140626822558628711561406099579023541912923185435436570907550830140241, 12307529841118496228287511436535609548784952846446546446702901535620092772318204074337308904832262126855641347157385604382352761279062022586475198113796924209082975212157964688633635631648926006756787414503872413786507, 332303305710199398163762808786461457817193726854056754060978341461742504852591510007107340430471077425102316373249411318323524554534674609834830349072516953645240330728265046593108162054521002182433260191604555172235689, 8972189254175383750421595837234459361064230625059532359646415219467047631019970770191898191622719090477762542077734105594735162972436214465540419424957957748421488929663156258013920375472067058925698025173322989650363603, 242249109862735361261383087605330402748734226876607373710453210925610286037539210795181251173813415442899588636098820851057849400255777790569591324473864859207380201100905218966375850137745810590993846679679720720559817281, 6540725966293854754057343365343920874215824125668399090182236694991477723013558691469893781692962216958288893174668162978561933806906000345378965760794351198599265429724440912092147953719136885956833860351352459455115066587, 176599601089934078359548270864285863603827251393046775434920390764769898521366084669687132105709979857873800115716040400421172212786462009325232075541447482362180166602559904626487994750416695920834514229486516405288106797849, 4768189229428220115707803313335718317303335787612262936742850550648787260076884286081552566854169456162592603124333090811371649745234474251781266039619082023778864498269117424915175858261250789862531884196135942942778883541923, 128741109194561943124110689460064394567190066265531099292056964867517256022075875724201919305062575316390000284356993451907034543121330804798094183069715214642029341453266170472709748173053771326288360873295670459455029855631921, 3476009948253172464350988615421738653314131789169339680885538051422965912596048644553451821236689533542530007677638823201489932664275931729548542942882310795334792219238186602763163200672451825809785743578983102405285806102061867, 93852268602835656537476692616386943639481558307572171383909527388420079640093313402943199173390617405648310207296248226440228181935450156697810659457822391474039389919431038274605406418156199296864215076632543764942716764755670409, 2534011252276562726511870700642447478266002074304448627365557239487342150282519461879466377681546669952504375596998702113886160912257154230840887805361204569799063527824638033414345973290217381015333807069078681653453352648403101043, 68418303811467193615820508917346081913182056006220112938870045466158238057628025470745592197401760088717618141118964957074926344630943164232703970744752523384574715251265226902187341278835869287414012790865124404643240521506883728161, 1847294202909614227627153740768344211655915512167943049349491227586272427555956687710130989329847522395375689810212053841023011305035465434283007210108318131383517311784161126359058214528568470760178345353358358925367494080685860660347, 49876943478559584145933151000745293714709718828534462332436263144829355544010830568173536711905883104675143624875725453707621305235957566725641194672924589547354967418172350411694571792271348710524815324540675690984922340178518237829369, 1346677473921108771940195077020122930297162408370430482975779104910392599688292425340685491221458843826228877871644587250105775241370854301592312256168963917778584120290653461115753438391326415184170013762598243656592903184819992421392963, 36360291795869936842385267079543319118023385026001623040346035832580600191583895484198508262979388783308179702534403855752855931517013066142992430916562025780021771247847643450125342836565813209972590371590152578728008385990139795377610001, 981727878488488294744402211147669616186631395702043822089342967479676205172765178073359723100443497149320851968428904105327110150959352785860795634747174696060587823691886373153384256587276956669259940032934119625656226421733774475195470027, 26506652719189183958098859700987079637039047683955183196412260121951257539664659807980712523711974423031663003147580410843831974075902525218241482138173716793635871239680932075141374927856477830070018380889221229892718113386811910830277690729, 715679623418107966868669211926651150200054287466789946303131023292683953570945814815479238140223309421854901084984671092783463300049368180892520017730690353428168523471385166028817123052124901411890496284008973207103389061443921592417497649683, 19323349832288915105454068722019581055401465761603328550184537628902466746415537000017939429786029354390082329294586119505153509101332940884098040478728639542560550133727399482778062322407372338121043399668242276591791504658985882995272436541441, 521730445471800707847259855494528688495839575563289870854982515980366602153219499000484364604222792568532222890953825226639144745735989403870647092925673267649134853610639786035007682704999053129268171791042541467978370625792618840872355786618907, 14086722027738619111876016098352274589387668540208826513084527931469898258136926473013077844314015399350370018055753281119256908134871713904507471508993178226526641047487274222945207433034974434490240638358148619635416006896400708703553606238710489, 380341494748942716020652434655511413913467050585638315853282254149687252969697014771353101796478415782459990487505338590219936519641536275421701730742815812116219308282156404019520600691944309731236497235670012730156232186202819134995947368445183203, 10269220358221453332557615735698808175663610365812234528038620862041555830181819398826533748504917226126419743162644141935938286030321479436385946730056026927137921323618222908527056218682496362743385425363090343714218269027476116644890578948019946481, 277268949671979239979055624863867820742917479876930332257042763275122007414909123768316411209632765105413333065391391832270333722818679944782420561711512727032723875737692018530230517904427401794071406484803439280283893263741855149412045631596538554987, 7486261641143439479434501871324431160058771956677118970940154608428294200202546341744543102660084657846159992765567579471299010516104358509125355166210843629883544644917684500316223983419539848439927975089692860567665118121030089034125232053106540984649, 202129064310872865944731550525759641321586842830282212215384174427563943405468751227102663771822285761846319804670324645725073283934817679746384589487692778006855705412777481508538047552327575907878055327421707235326958189267812403921381265433876606585523, 5457484736393567380507751864195510315682844756417619729815372709544226471947656283131771921839201715569850634726098765434576978666240077353152383916167705006185104046144992000730527283912844549512707493840386095353827871110230934905877294166714668377809121, 147352087882626319273709300333278778523436808423275732705015063157694114742586719644557841889658446320385967137604666666733578423988482088535114365736528035166997809245914784019724236665646802836843102333690424574553352519976235242458686942501296046200846267, 3978506372830910620390151108998527020132793827428444783035406705257741098049841430403061731020778050650421112715326000001806617447689016390448087874886256949508940849639699168532554389972463676594763763009641463512940518039358351546384547447534993247422849209, 107419672066434586750534079942960229543585433340568009141955981041959009647345718620882666737561007367561370043313802000048778671087603442542098372621928937636741402940271877550378968529256519268058621601260319514849393987062675491752382781083444817680416928643, 2900331145793733842264420158459926197676806700195336246832811488132893260478334402763832001914147198924156991169472654001317024119365292948636656060792081316192017879387340693860232150289926020237582783234028626900933637650692238277314335089253010077371257073361, 78308940936430813741139344278418007337273780905274078664485910179588118032915028874623464051681974370952238761575761658035559651222862909613189713641386195537184482743458198734226268057828002546414735147318772926325208216568690433487487047409831272089023940980747, 2114341405283631971010762295517286198106392084442400123941119574848879186888705779614833529395413308015710446562545564766960110583017298559556122268317427279503981034073371365824109237561356068753197848977606869010780621847354641704162150280065444346403646406480169, 57087217942658063217290581978966727348872586279944803346410228520919738045995056049600505293676159316424182057188730248707922985741467061108015301244570536546607487919981026877250949414156613856336341922395385463291076789878575326012378057561766997352898452974964563, 1541354884451767706866845713432101638419559829558509690353076170064832927241866513339213642929256301543452915544095716715113920615019610649916413133603404486758402173839487725685775634182228574121081231904675407508859073326721533802334207554167708928528258230324043201, 41616581880197728085404834262666744237328115398079761639533056591750489035530395860158768359089920141673228719690584351308075856605529487547743154607291921142476858693666168593515942122920171501269193261426236002739194979821481412663023603962528141070262972218749166427, 1123647710765338658305930525092002094407859115748153564267392527977263203959320688224286745695427843825177175431645777485318048128349296163789065174396881870846875184728986552024930437318844630534268218058508372073958264455179998141901637306988259808897100249906227493529, 30338488190664143774260124177484056549012196125200146235219598255386106506901658582055742133776551783279783736654435992103587299465430996422304759708715810512865629987682636904673121807608805024425241887579726045996873140289859949831344207288683014840221706747468142325283, 819139181147931881905023352792069526823329295380403948350929152895424875686344781715505037611966898148554160889669771786796857085566636903402228512135326883847372009667431196426174288805437735659481530964652603241915574787826218645446293596794441400685986082181639842782641, 22116757890994160811435630525385877224229890975270906605475087128176471643531309106318636015523106250010962344021083838243515141310299196391860169827653825863879044261020642303506705797746818862806001336045620287531720519271307903427049927113449917818521624218904275755131307, 597152463056842341908762024185418685054207056332314478347827352460764734375345345870603172419123868750295983288569263632574908815378078302580224585346653298324734195047557342194681056539164109295762036073231747763356454020325313392530348032063147781100083853910415445388545289, 16123116502534743231536574653006304496463590520972490915391338516440647828134324338506285655316344456257991548791370118079522538015208114169666063804359639054767823266284048239256388526557430950985574973977257189610624258548783461598319396865704990089702264055581217025490722803, 435324145568438067251487515631170221404516944066257254715566139943897491359626757139669712693541300318965771817366993188147108526410619082580983722717710254478731228189669302459922490217050635676610524297385944119486854980817153463154623715374034732421961129500692859688249515681, 11753751930347827815790162922041595977921957489788945877320285778485232266709922442771082242725615108612075839068908816079971930213086715229686560513378176870925743161121071166417907235860367163268484156029420491226145084482063143505174840315098937775392950496518707211582736923387, 317351302119391351026334398895123091403892852224301538687647716019101271201167905954819220553591607932526047654860538034159242115753341311201537133861210775514995065350268921493283495368229913408249072212794353263105917281015704874639720688507671319935609663406005094712733896931449, 8568485157223566477711028770168323467905107010056141544566488332515734322431533460780118954946973414178203286681234526922299537125340215402441502614252690938904866764457260880318654374942207662022724949745447538103859766587424031615272458589707125638261460911962137557243815217149123, 231349099245036294898197776794544733633437889271515821703295184977924826705651403441063211783568282182811488740393332226902087502384185815865920570584822655350431402640346043768603668123439606874613573643127083528804213697860448853612356381922092392233059444622977714045583010863026321, 6246425679615979962251339973452707808102823010330927185988969994403970321052587892908706718156343618935910195990619970126356362564373017028379855405790211694461647871289343181752299039332869385614566488364431255277713769842232119047533622311896494590292605004820398279230741293301710667]
Predicted:    
[9, 243, 6561, 177147, 4782969, 129140163, 3486784401, 15690529809, 70607384145, 317733228657, 1429799528961, 6434097880329, 28953440461485, 130290482076687, 586307169345096, 2638382262052932, 11872720179238194, 53427240806571873, 240422583629573433, 1081901626333080453, 4868557318498862043, 21908507933244879198, 98588285699601956391, 443647285648208803764, 1996412785416939616938, 8983857534376228276221, 40427358904693027242999, 181923115071118622593500, 818654017820033801670750, 3683943080190152107518375, 16577743860855684483832692, 74599847373850580177247114, 335699313182327610797612013, 1510646909320474248589254063, 6797911091942134118651643288, 30590599913739603533932394796, 137657699611828215902695776582, 619459648253226971562130994619, 2787568417139521372029589475790, 12544057877127846174133152641055, 56448260447075307783599186884752, 254017172011838885026196340981384, 1143077274053274982617883534416228, 5143847733239737421780475904873026, 23147314799578818398012141571928617, 104162916598104682791054637073678781, 468733124691471072559745866831554519, 2109299061111619826518856400741995340, 9491845775002289219334853803338979030, 42713305987510301487006842115025405635, 192209876943796356691530789517614325362, 864944446247083605111888552829264464129, 3892250008111876223003498487731690088585, 17515125036503443003515743194792605398637, 78818062664265493515820844376566724293871, 354681281989194720821193799694550259322424, 1596065768951376243695372098625476166950908, 7182295960281193096629174443814642751279086, 32320331821265368934831284997165892380755887, 145441493195694160206740782487246515713401496, 654486719380623720930333521192609320710306732, 2945190237212806744186500845366741943196380294, 13253356067457630348839253804150338744383711323, 59640102303559336569776642118676524349726700958, 268380460366017014563994889534044359573770154311, 1207712071647076565537977002903199618081965694404, 5434704322411844544920896513064398281368845624818, 24456169450853300452144034308789792266159805311681, 110052762528839852034648154389554065197719123902569, 495237431379779334155916694752993293389736057561565, 2228568441209007003701625126388469820253812259027047, 10028557985440531516657313068748114191142155165621716, 45128510934482391824957908809366513860139698245297722, 203078299205170763212310589642149312370628642103839749, 913852346423268434455397653389671905667828889467278875, 4112335558904707955049289440253523575505230002602754942, 18505510015071185797721802481140856089773535011712397239, 83274795067820336089748111165133852403980907552705787580, 374736577805191512403866500243102335817914083987176044110, 1686314600123361805817399251093960511180613377942292198495, 7588415700555128126178296629922822300312760200740314893232, 34147870652498076567802334834652700351407420903331417019544, 153665417936241344555110506755937151581333394064991376587948, 691494380713086050497997280401717182116000273292461194645766, 3111724713208887227240987761807727319522001229816075375905947, 14002761209439992522584444928134772937849005534172339191576766, 63012425442479966351630002176606478220320524903775526362095447, 283555914491159848582335009794729151991442362066989868629429516, 1276001615210219318620507544076281183961490629301454408832432822, 5742007268445986933792283948343265327826707831856544839745947699, 25839032708006941202065277767544693975220185243354451778856764650, 116275647186031235409293749953951122888490833595095033004855440925, 523240412337140559341821874792780052998208751177927648521849484167, 2354581855517132517038198436567510238491939380300674418348322678756, 10595618349827096326671892964553796073213727211353034882567452054402, 47680282574221933470023518340492082329461772451088656971553534244809, 214561271583998700615105832532214370482577976029898956371990904101645, 965525722127994152767976246394964667171600892134545303673959068457407, 4344865749575973687455893108777341002272204014605453866532815808058336, 19551895873091881593551518989498034510224918065724542399397671136262512, 87983531428913467170981835452741155296012131295760440797289520113181304, 395925891430110602269418259537335198832054590830921983587802840509315868, 1781666511435497710212382167918008394744245658739148926145112782291921406, 8017499301459739695955719755631037776349105464326170167653007520313646327, 36078746856568828631800738900339669993570974589467765754438533841411408476, 162354360854559728843103325051528514971069385652604945894973402286351338142, 730594623845518779793964962731878317369812235436722256527380310288581021639, 3287675807304834509072842332293452428164155059465250154373211396298614597380, 14794541132871755290827790495320535926738697767593625694679451283343765688210, 66575435097922898808725057228942411670324139954171315626057530775046945596945, 299589457940653044639262757530240852516458629793770920317258888487711255186257, 1348152560732938700876682408886083836324063834071969141427664998194700648338161, 6066686523298224153945070839987377263458287253323861136424492491876152917521729, 27300089354842008692752818779943197685562292639957375113910216213442688128847785, 122850402096789039117387684509744389585030316879808188012595972960492096579815037, 552826809435550676028244580293849753132636425959136846056681878322214434609167671, 2487720642459978042127100611322323889096863916816115807255068452449964955741254524, 11194742891069901189571952750950457500935887625672521132647808036024842300835645358, 50376343009814555353073787379277058754211494315526345096915136162111790353760404111, 226693543544165499088832043206746764393951724419868552936118112729503056591921818504, 1020120945948744745899744194430360439772782759889408488212531507282763754663648183268, 4590544256769351356548848874936621978977522419502338196956391782772436895986416824706, 20657449155462081104469819937214798905398850887760521886303763022475966031938875711177, 92958521199579364970114189717466595074294828994922348488366933601141847143724940700301, 418313345398107142365513853728599677834326730477150568197651201205138312146762233151359, 1882410054291482140644812341778698550254470287147177556889430405423122404660430049181120, 8470845244311669632901655538004143476145116292162299006002436824404050820971935221315040, 38118803599402513348057449921018645642653023314730345527010965709818228694373708495917680, 171534616197311310066258524644583905391938604916286554871549345694182029124681688231629560, 771905772887900895298163360900627574263723722123289496921972055623819131061067597042333020, 3473575977995554028841735124052824084186756749554802736148874250307186089774804186690498590, 15631091900979993129787808058237708378840405372996612312669934126382337403986618840107243655, 70339913554409969084045136262069687704781824178484755407014703568720518317939784780482596452, 316529610994844860878203113179313594671518208803181399331566166059242332430729031512171684034, 1424383249476801873951914009306911176021831939614316296992047747266590495938280641804772578153, 6409724622645608432783613041881100292098243728264423336464214862699657231722262888121476601693, 28843760801905237947526258688464951314442096777189905014088966882148457542750182996546644707623, 129796923608573570763868164098092280914989435497354572563400350969668058942375823484459901184308, 584086156238581068437406738441415264117452459738095576535301579363506265240691205680069555329386, 2628387703073614807968330322986368688528536068821430094408857107135778193583110425560312998982237, 11827744663831266635857486453438659098378412309696435424839856982111001871123996915021408495420071, 53224850987240699861358689040473965942702855393633959411779356419499508420057986117596338229390324, 239511829442583149376114100682132846742162849271352817353007103887747787890260937529183522032256458, 1077803232491624172192513453069597810339732821721087678088531967494865045506174218881325849145154061, 4850114546212308774866310538813190146528797697744894551398393853726892704777783984965966321153193279, 21825515457955389486898397424659355659379589639852025481292772341771017171500027932346848445189369760, 98214819560799252691042788410967100467208153379334114665817475537969577271750125695560818003352163920, 441966688023596637109692547849351952102436690207003515996178639920863097722875565630023681015084737640, 1988850096106184866993616465322083784460965105931515821982803879643883939752940045335106564567881319380, 8949825432477831901471274093949377030074342976691821198922617458397477728888230204007979540555465937210, 40274214446150243556620733422772196635334543395113195395151778562788649779997035918035907932499596717445, 181233965007676096004793300402474884859005445278009379278183003532548924009986661631161585696248185228507, 815552842534542432021569851811136981865524503751042206751823515896470158044939977340227135633116833528286, 3669987791405440944097064333150116418394860266879689930383205821534115711202229898031022110349025750877287, 16514945061324484248436789499175523882776871200958604686724426196903520700410034541139599496570615878947796, 74317252775960179117965552746289857472495920404313721090259917886065843151845155435128197734567771455265082, 334427637491820806030844987358304358626231641819411744906169630487296294183303199458076889805554971548692869, 1504924368713193627138802443112369613818042388187352852077763337192833323824864397561346004124997371969117915, 6772159659209371322124610994005663262181190746843087834349935017367749957211889789026057018562488173861030622, 30474718466442170949560749473025484679815358360793895254574707578154874807453504050617256583531196782374637799, 137136233098989769273023372628614681059169112623572528645586184101696936633540768227777654625890385520685870100, 617113048945453961728605176828766064766261006806076378905137828457636214850933457024999445816506734843086415450, 2777008720254542827778723295729447291448174530627343705073120228059362966829200556612497506174280306793888869525, 12496539241145442725004254830782512811516785387823046672829041026267133350731402504756238777784261380572499912867, 56234426585154492262519146738521307651825534245203710027730684618202100078291311271403074500029176212576249607906, 253054919633195215181336160323345884433214904103416695124788080781909450352310900721313835250131292956593123235577, 1138747138349378468316012721455056479949467068465375128061546363518592526585399053245912258625590818304669054560101, 5124362122572203107422057246547754159772601808094188076276958635833666369634295739606605163815158682371010745520459, 23059629551574913983399257609464893718976708136423846343246313861251498663354330828229723237168214070669548354842070, 103768332982087112925296659242592021735395186613907308544608412375631743985094488727033754567256963318012967596789315, 466957498419392008163834966591664097809278339762582888450737855690342847932925199271651895552656334931058354185551922, 2101308742887264036737257349662488440141752528931622998028320350606542815698163396722433529986953507189762593834983649, 9455889342992688165317658073481197980637886380192303491127441577729442670641735285250950884941290782353931672257426425, 42551502043467096743929461330665390912870488710865365710073487099782492017887808783629278982235808520592692525158418917, 191481759195601935347682575987994259107917199198894145695330691949021214080495139526331755420061138342667116363212885131, 861667916380208709064571591945974165985627396395023655628988113770595463362228127868492899390275122542002023634457983094, 3877505623710939190790572163756883746935323283777606450330446511967679585130026575408218047256238051439009106355060923923, 17448775306699226358557574736905976861208954776999229026487009303854558133085119589336981212653071231475540978597774157658, 78519488880146518613509086316076895875440296496496530619191541867345511598883038152016415456938820541639934403689983709461, 353337699960659333760790888422346031439481334234234387786361938403054802194973671684073869556224692437379704816604926692579, 1590019649822967001923558997900557141477666004054054745038628722813746609877381522578332413003011115968208671674722170116610, 7155088424203351508656015490552507136649497018243246352673829252661859744448216851602495858513550021856939022536249765524745, 32197897908915081788952069707486282114922736582094608587032231636978368850016975832211231363310975098356225601413123944861357, 144890540590117868050284313683688269517152314619425738641645042366402659825076391244950541134899387942603015206359057751876111, 652007432655530406226279411576597212827185415787415823887402690648811969212843760602277435107047245741713568428615759883442504, 2934033446949886828018257352094687457722334371043371207493312107919653861457796922710248457981712605837711057928770919475491268, 13203150511274490726082158084426093559750504669695170433719904485638442376560086152196118060917706726269699760679469137639710706, 59414177300735208267369711379917421018877271013628266951739570185372990694520387684882531274129680268213648923057611119378698177, 267363797853308437203163701209628394584947719561327201282828065834178458125341744581971390733583561206961420153759250037204141801, 1203137090339887967414236655443327775632264738025972405772726296253803061564037850618871258301126025431326390691916625167418638109, 5414116906529495853364064949494974990345191321116875825977268333142113777038170327784920662355067114440968758113624813253383871495, 24363526079382731340138292272727387456553360945025941216897707499139511996671766475032142980597802014984359411511311659640227421732, 109635867357222291030622315227273243554490124252616735476039683746127803985022949137644643412690109067429617351800902468381023397794, 493361403107500309637800418522729595995205559136775309642178576857575117932603271119400895357105490803433278083104061107714605290073, 2220126313983751393370101883352283181978425016115488893389803595859088030696714720037304029106974708615449751373968274984715723805333, 9990568412926881270165458475085274318902912572519700020254116181365896138135216240167868130981386188769523881182857237431220757124003, 44957557858170965715744563137883734435063106576338650091143522816146532621608473080755406589416237849462857465322857568440493407058018, 202309010361769345720850534120476804957783979593523925410145852672659396797238128863399329652373070322582858593952859057982220331761081, 910390546627962055743827403542145622310027908170857664345656337026967285587571579885296983435678816451622863672787865760919991492924869, 4096757459825829250847223315939655300395125586768859489555453516621352785144072109483836425460554674032302886527545395924139961718161915]
len(predicted_full) = 200, len(input_sequence + seq_pred) = 200
is_manual_check: False
