test results being evaluated: data/test_linrec15.tsv
csv file used: ../linear_database_newbl.csv
The sequence ID inspected: A015457
csv results file used: ../linear_database_newbl.csv
Results we are looking at now:
('Could you give me a recursive equation in a form of a Python code for the following number sequence: 1,1,12,133,1475,16358,181413,2011901,22312324,247447465,2744234439', 'Certainly, the Python code is the following: lambda a_n: n - a_n[-1] * -4 - 9 * -6 * n')

Experiment type: Evaluation of the results of llms.
Ground truth: 
[1, 1, 12, 133, 1475, 16358, 181413, 2011901, 22312324, 247447465, 2744234439, 30434026294, 337518523673, 3743137786697, 41512034177340, 460375513737437, 5105642685289147, 56622445051918054, 627952538256387741, 6964100365872183205, 77233056562850402996, 856527722557226616161, 9499038004692343180767, 105345945774173001604598, 1168304441520595360831345, 12956694802500721970749393, 143691947269028537039074668, 1593568114761814629400570741, 17672941209648989460445352819, 195995921420900698694299451750, 2173628076839556675097739322069, 24105904766656024124769431994509, 267338580510055822047561491261668, 2964830290377270066647945835872857, 32880471774660026555174965685863095, 364650019811637562173572568380366902, 4044030689702673210464473217869899017, 44848987606541042877282777964949256089, 497382894361654144860575030832311715996, 5516060825584736636343608117120378132045, 61174051975793757144640264319156471168491, 678430632559316065227386515627841560985446, 7523911010128270474645891936225413642008397, 83441451743970291286332197814107391623077813, 925379880193801474624300067891406721495864340, 10262620133875786512153632944619581328077585553, 113814201352827453108314262458706801330349305423, 1262218835014977770703610519990394395961919945206, 13998221386517582930848029982353045156911468702689, 155242654086708390010031940325873891121988075674785, 1721667416340309873041199373566965847498780301125324, 19093584233830116993463225049562498213608571388053349, 211751093988471596801136674918754446197193065569712163, 2348355618107017681805966649155861406382732292654887142, 26043662893165666096666769815633229916407248284773470725, 288828647442929344745140434621121390486862463425163065117, 3203158784765388458293211550647968525271894345961567187012, 35523575279862202385970467491748775168477700269002402122249, 393962486863249614703968353959884495378526597304987990531751, 4369110930775607964129622361050478224332270270623870297971510, 48454182725394937220129814325515144963033499574167561268218361, 537365120910119917385557579941717072817700765586467044248373481, 5959470512736714028461263193684402945957741921025305048000326652, 66091540761013974230459452710470149478352861896864822572251966653, 732966418883890430563515243008856047207839222786538353342771959835, 8128722148483808710429127125807886668764584312548786709342743524838, 90148910052205786245283913626895609403618266660823192156112950733053, 999766732722747457408552177021659590108565517581603900426585201588421, 11087582970002427817739357860865151100597838960058466096848550168205684, 122963179402749453452541488646538321696684794078224730965760637051850945, 1363682556400246415795695732972786689764130573820530506720215557738566079, 15123471299805460027205194551347191909102121106104060304888131772176077814, 167721866854260306715052835797791897689887462740965193860489665051675422033, 1860064006696668833892786388327058066497864211256721192770274447340605720177, 20628425940517617479535703107395430629166393786564898314333508585798338343980, 228772749352390461108785520569676794987328195863470602650438868891122327503957, 2537128668816812689676176429373840175489776548284741527469161066388143940887507, 28137188106337330047546726243681918725374870226995627404811210599160705677266534, 312046197838527443212690165109874946154613349045236642980392477657155906390819381, 3460645364330139205387138542452306326426121709724598700189128464827875675976279725, 38379145205470058702471214132085244536841952156015822345060805590763788342129896356, 425631242624500784932570493995389996231687595425898644495857989963229547439405139641, 4720322814074978692960746648081375203085405501840900911799498695186288810175586432407, 52349182197449266407500783622890517230171148115675808674290343637012406459370855896118, 580561326986016909175469366499877064734968034774274796328993278702322759863255001289705, 6438523779043635267337663815121538229314819530632698568293216409362562764955175870082873, 71404322896466004849889771332836797587197982871733959047554373781690513174370189572201308, 791886075640169688616125148476326311688492631119706248091391328007958207683027261164297261, 8782151154938332579627266404572426226160616925188502688052858981869230797687670062379471179, 97395548779961828064516055598773014799455278808193235816672840128569496982247397947338480230, 1080133187734518441289303877991075589020168683815314096671454100396133697602409047483102753709, 11978860613859664682246858713500604494021310800776648299202667944486040170608746920261468771029, 132847599940190829946004749726497725023254587492358445387900801489742575574298625170359259235028, 1473302459955958794088299105704975579749821773216719547566111484331654371487893623794213320356337, 16339174659455737564917294912481229102271294092876273468615127129137940661941128486906705783154735, 181204223713969072008178543142998495704734056794855727702332509904849001652840306979767976935058422, 2009585635513115529654881269485464681854345918836289278194272736082476958843184505264354452068797377, 22286646214358239898211872507483109996102539163994037787839332606812095548927869864887666949691829569, 247162693993453754409985478851799674638982276722770704944426931411015527997049753019028690898678922636, 2741076280142349538408052139877279531024907583114471792176535578127982903516475153074203266835159978565, 30399001775559298676898559017501874515912965690981960418886318290818827466678276436835264626085438686851, 337130095811294634984292201332397899206067530183916036399926036777135085036977515958262114153774985533926, 3738830055699800283504112773673878765782655797714058360818072722839304762873430951977718520317610279560037, 41464260708509097753529532711745064322815281305038558005398725988009487476644717987713165837647488060694333, 459845697849299875572328972602869586316750750153138196420204058590943667005965328816822542734439978947197700, 5099766937050807729049148231343310513807073532989558718627643370488389824542263334972761135916487256479869033, 56557282005408184895112959517379285238194559613038284101324281133963231736970862013517195037815799800225757063, 627229868996540841575291702922515448133947229276410683833194735844083938931221745483661906551890285058963196726, 6956085840967357442223321691665049214711614081653555806266466375418886559980410062333798167108608935448820921049, 77144174119637472706031830311238056809961702127465524552764324865451836098715732431155441744746588574995993328265, 855542001156979557208573455115283674124290337483774325886674039895389083645853466805043657359321083260404747531964, 9488106186846412602000339836579358472177155414448983109306178763714731756203103867286635672697278504439448216179869, 105224710056467518179212311657488226868072999896422588528254640440757438401879996006958036057029384632094335125510523, 1166959916807989112573335768068949854020980154275097456920107223612046554176883059943825032300020509457477134596795622, 12941783794944347756485905760415936621098854696922494614649434100173269534347593655389033391357254988664342815690262365, 143526581661195814433918299132644252686108381820422538218063882325518011432000413269223192337229825384765248107189681637, 1591734182068098306529587196219502716168291054721570415013352139680871395286352139616844149100885334221082071994776760372, 17652602584410277186259377457547174130537309983757697103364937418815103359581873949054508832446968501816668040049734045729, 195770362610581147355382739229238418152078700876056238552027663746647008350686965579216441306017538854204430512541851263391, 2171126591300802898095469508979169773803403019620376321175669238631932195217138495320435363198639895898065403678010097943030, 24078162866919413026405547338000105929989511916700195771484389288697901155739210414104005436491056393732923870970652928636721, 267030918127414346188556490226980335003688034103322529807503951414308844908348453050464495164600260226960227984355192312946961, 2961418262268477221100526939834783790970557887053248023654027854846095195147572193969213452247093918890295431698877768371053292, 32842631803080663778294352828409602035679824791689050790001810354721355991531642586711812469882633368020209976672010644394533173, 364230368096155778782338408052340406183448630595632806713673941756781011101995640647799150620956060967112605175090994856710918195, 4039376680860794230384016841404154070053614761343649924640415169679312478113483689712502469300399304006258866902672954068214633318, 44797373857564892313006523663498035176773211005375781977758240808229218270350316227485326312925348405035960141104493489607071884693, 496810489114074609673455777139882541014558935820477251679981064060200713451966962192051091911479231759401820419052101339746005364941, 5509712754112385598721020072202205986336921505030625550457549945470437066241986900340047337339196897758455984750677608226813130899044, 61103650784350316195604676571364148390720695491157358306713030464235008442113822865932571802642645107102417652676505791834690445254425, 677649871381965863750372462357207838284264571907761566924300885052055529929494038425598337166408293075885050164192241318408408028697719, 7515252235985974817449701762500650369517630986476534594474022766036845837666548245547514280633133868941837969458791160294327178760929334, 83345424467227688855697091849864361902978205423149642106138551311457359744261524739448255424130880851436102714210895004556007374398920393, 924314921375490552230117712111008631302277890641122597761998087192067803024543320379478323946072823234738967825778636210410408297149053657, 10250809559597623763386991925070959306228035002475498217488117510424203193014238048913709818830931936433564748797775893319070498643038510620, 113683220076949351949487028887891560999810662917871602990131290701858302926181161858430286331086324124003951204601313462720185893370572670477, 1260766230406040495207744309691878130304145327099063131108932315230865535381007018491646859460780497300477027999412223983241115325719337885867, 13982111754543394799234674435498550994345409261007566045188386758241379192117258365266545740399671794429251259198135777278372454476283289415014, 155063995530383383286789163100175939068103647198182289628181186655886036648670849036423650003857170236022240879178905774045338114564835521451021, 1719686062588760610953915468537433880743485528441012751955181439972987782327496597765926695782828544390673900930166099291777091714689474025376245, 19071610684006750103779859317011948627246444460049322561135177026358751642251133424461617303614971158533435151111005997983593346976149049800589716, 211507403586663011752532367955668868780454374588983560924442128729919255847089964266843717035547511288258460563151232077111303908452329021831863121, 2345653050137299879381635906829369505212244564938868492729998593055470565960240740359742504694637595329376501345774558846207936339951768289951084047, 26013690955096961684950527343078733426115144588916536980954426652340095481409738108224011268676561059911399975366671379385398603647921780211293787638, 288496253556203878413837436680695437192478835043020775283228691768796520861467359930823866460136809254354776230379159732085592576467091350614182748065, 3199472480073339624237162330830728542543382330062145065096470036109101824957550697347286542330181462857813938509537428432326916944785926636967304016353, 35482693534362939745022623075818709405169684465726616491344399088968916595394525030750975832092132900690308099835290872487681678969112284357254526927948, 393509101358065676819486016164836531999409911453054926469884860014767184374297326035608020695343643370451203036697737025796825385605021054566767100223781, 4364082808473085384759368800889020561398678710449330807660077859251407944712665111422439203480872209975653541503510398156252760920624343884591692629389539, 48398419994562004909172542825944062707384875726395693810730741311780254576213613551682439258984937953102640159575312116744577195512472803785075386023508710, 536746702748655139385657339886273710342632311700801962725698232288834208283062414179929271052315189694104695296831943682346601911557825185520420938887985349, 5952612150229768538151403281574954876476340304435217283793411296488956545689900169530904420834452024588254288424726692622557198222648549844509705713791347549, 66015480355276109059051093437210777351582375660488192084453222493667356210871964279019877900231287460164901867968825562530475782360691873475127183790592808388, 732122896058266968187713431090893505743882472569805330212778858726829874865281507238749561323378614086402174836081807880457790804190259158070908727410312239817, 8119367336996212759123898835437039340534289573928346824425020668488795979728968543905265052457396042410588825064868712247566174628453542612255123185304027446375, 90045163603016607318550600620898326251621067785781620398888006212103585651883935490196665138354735080602879250549637642603685711717179227892877263765754614149942, 998616166970178893263180505665318628108366035217526171212193089001628238150452258936068581574359481929042260581110882780888109003517425049433905024608604783095737, 11074823000274984433213536162939403235443647455178569503733011985230014205306858783786951062456309036300067745642769348232372884750408854771665832534460407228203049, 122821669169995007658612078297998754217988488042181790712275324926531784496525898880592530268593758881229787462651573713336989841258014827537758062903673084293329276, 1362113183870220068677946397440925699633317015919178267338761586177079643667091746470304784016987656729827729834810080194939261138588571957687004524474864334454825085, 15106066691742415763116022450148181450184475663153142731438652772874407864834535110053945154455457982909334815645562455857668862365732306362094807832127180763296405211, 167528846793036793462954193349070921651662549310603748313163942087795566156846977957063701483027025468732510701935997094629296747161643941940729890677873852730715282406, 1857923381415147143855612149289928319618472518079794374176242015738625635590151292637754661467752738138966952536941530496779933081143815667710123605288739560801164511677, 20604686042359655375874687835538282437454860248188341864251826115212677557648511196972364977628307144997368988608292832559208560639743616286752089548854009021543524910853, 228509469847371356278477178340211035131621935248151554880946329283078078769723774459333769415379131333110025827228162688648074100118323594821983108642682838797779938531060, 2534208854363444574439123649577859668885296147977855445554661448229071544024610030249643828546798751809207653088118082407688023661941303159328566284618365235797122848752513, 28104806867845261675108837323696667392869879563004561455982222259802865063040434107205415883430165401234394209796527069173216334381472658347436212239444700432566131274808703, 311687084400661323000636334210241200990453971341028031461359106306060587237469385209509218546278618165387543960849915843313067701858140544981126900918510069994024566871648246, 3456662735275119814682108513636349878287863564314312907530932391626469324675203671411806819892494965220497377779145601345616961054821018653139832122343055470366836366862939409, 38334977172426979284503829984210089862156953178798470014301615414197223158664709770739384237363723235590858699531451530645099639304889345729519280246692120244029224602363981745, 425141411631971891944224238339947338362014348531097483064848701947795924069987011149545033430893450556719943072625112438441712993408603821677851914835956378154688306992866738604, 4714890505124117790670970451723630811844314787020870783727637336839952387928521832415734751977191679359510232498407688353503942566799531384185890343442212279945600601523898106389, 52288936967997267589324899207299886268649477005760676104068859407187272191283727167722627305180001923511332500555109684326985081228203449047722645692700291457556294923755745908883, 579893197153094061273244861732022379766988561850388307928485090815899946492049520677364635108957212837984167738604614215950339836077037470909134992963145418313064844762837103104102, 6431114105652031941595018378259546063705523657360032063317404858382086683603828454618733613503709343141337177625205866059780723278075615629048207568287299892901269587314963880054005, 71322148359325445418818447022587029080527748792810741004419938533018853466134162521483434383649759987392693121615869140873538295894908809390439418244123444240227030305227439783698157, 790974746058231931548597935626716865949510760378278183111936728721589474811079616190936511833651069204460961515399766415668701978122072518923881808253645186535398602944816801500733732, 8772044354999876692453395738916472554525146112953870755235723954470503076388009940621785064553811521236463269791013299713229260055237706517553139309034220496129611662698212256291769209, 97283462651056875548535951063707914965726118002870856490704900227897123315079188963030572221925577802805556929216546063261190562585736844212008414207630070643961126892625151620710195031, 1078890133516625507726348857439703537177512444144533292152989626461338859542259088533958079505735167352097589491173019995586325448498342992849645695592964997579702007481574880084103914550, 11965074931333937460538373382900446823918363003592737070173590791302624578279929162836569446785012418675879041332119766014710770496067509765558111065730245044020683209189948832545853255081, 132694714378189937573648456069344618600279505483664641064062488330790209220621479879736221994140871772786767044144490446157404800905240950413988867418625660481807217308571012038088489720441, 1471606933091423250770671390145691251426992923323903788774860962429994926005116207839935011382334601919330316526921514673746163580453717964319435652670612510343900073603471081251519240179932, 16320370978383845696051033747671948384297201662046606317587533075060734395276899766119021347199821492885420248840281151857365204185896138557927781046795363274264708026946752905804800131699693, 180995687695313725907332042614537123478696211205836573282237724788098073274051013635149169830580371023658953053770014185104763409625311242101525027167419608527255688370017753045104320688876555, 2007272935626834830676703502507580306649955524926248912422202505744139540409838049752759889483583902753133903840310437188009762710064319801674703079888411057074077280097142036401952327709341798, 22260997979590496863351070570197920496628206985394574609926465287973633017782269560915507954150003301308131895297184823253212153220332829060523258905939941236342105769438580153466579925491636333, 246878250711122300327538479774684705769560232364266569621613320673454102736014803219823347385133620217142584752109343492973343448133725439467430551045227764656837240743921523724534331508117341461, 2737921755801935800466274348091729683961790762992326840447672992695968763113945104978972329190619825689876564168499963245959990082691312663202259320403445352461551753952575341123344226514782392404, 30364017564532416105456556308783711229349258625279861814546016240329110496989410957988518968481951702805784790605608939198533234357738164734692283075483126641733906534222250276081320823170723657905, 336742114965658512960488393744712553206803635641070806800453851636316184229997465642852680982492088556553509260830198294429825568017811124744817373150717838411534523630397328378017873281392742629359, 3734527282186776058670828887500621796504189250677058736619538384239807137026961533029368009775894925824894386659737790177926614482553660536927683387733379349168613666468592862434277926918490892580854, 41416542219020195158339606156251552314752885393088716909615376078274194691526574328965900788517336272630391762517945890251622584876108077030949334638217890679266284854784918815155075069384792561018753, 459316491691408922800406496606267697258785928574652944742388675245255948743819279151654276683466593924759203774357142582945775048119742507877370364408130176821097747069102699829140103690151209063787137, 5093897950824518345962811068825196222161398099714271109075890803776089630873538644997162944306649869444981633280446514302655148114193275663682023343127649835711341502614914616935696215661048092262677260, 56492193950761110728391328253683426141034165025431635144577187516782241888352744374120446664056615157819557169859268799912152404304245774808379627138812278369645854275833163486121798475961680223953236997, 626508031409196736358267421859342883773537213379462257699424953488380750402753726760322076248929416605460110501732403313336331595460896798555857921870062711901815738536779712964275479451239530555748284227, 6948080539451925210669332968706455147649943512199516469838251675888970496318643738737663285402280197817880772688915705246611799954374110558922816767709502109289618978180410006093152072439596516337184363494, 77055393965380374053720930077630349507922915847574143425920193388267056209907834852874618215674011592602148610079805161026066131093576112946706842366674585914087624498521289779988948276286801210264776282661, 854557414158636039801599563822640299734802017835515094154960378946826588805304827120358463657816407716441515483566772476533339241983711352972698082801129947164253488461914597585971583111594409829249723472765]
Predicted:    
[1, 1, 12, 133, 1475, 16358, 181413, 2011901, 22312324, 247447465, 2744234439, 10976938361, 43907754104, 175631017131, 702524069294, 2810096278001, 11240385112884, 44961540452471, 179846161810874, 719384647244541, 2877538588979264, 11510154355918211, 46040617423674054, 184162469694697481, 736649878778791244, 2946599515115166351, 11786398060460666834, 47145592241842668821, 188582368967370676824, 754329475869482708891, 3017317903477930837214, 12069271613911723350561, 48277086455646893404004, 193108345822587573617831, 772433383290350294473194, 3089733533161401177894701, 12358934132645604711580784, 49435736530582418846325171, 197742946122329675385302774, 790971784489318701541213241, 3163887137957274806164855164, 12655548551829099224659422911, 50622194207316396898637693954, 202488776829265587594550778181, 809955107317062350378203115144, 3239820429268249401512812463051, 12959281717072997606051249854734, 51837126868291990424204999421521, 207348507473167961696819997688724, 829394029892671846787279990757591, 3317576119570687387149119963033114, 13270304478282749548596479852135261, 53081217913130998194385919408543904, 212324871652523992777543677634178531, 849299486610095971110174710536717094, 3397197946440383884440698842146871401, 13588791785761535537762795368587488684, 54355167143046142151051181474349957871, 217420668572184568604204725897399834674, 869682674288738274416818903589599341941, 3478730697154953097667275614358397371064, 13914922788619812390669102457433589487611, 55659691154479249562676409829734357953854, 222638764617916998250705639318937431818881, 890555058471667993002822557275749727279044, 3562220233886671972011290229102998909119751, 14248880935546687888045160916411995636482634, 56995523742186751552180643665647982545934221, 227982094968747006208722574662591930183740624, 911928379874988024834890298650367720734966291, 3647713519499952099339561194601470882939869014, 14590854077999808397358244778405883531759479961, 58363416311999233589432979113623534127037923804, 233453665247996934357731916454494136508151699231, 933814660991987737430927665817976546032606800994, 3735258643967950949723710663271906184130427208101, 14941034575871803798894842653087624736521708836584, 59764138303487215195579370612350498946086835350571, 239056553213948860782317482449401995784347341406574, 956226212855795443129269929797607983137389365630641, 3824904851423181772517079719190431932549557462526964, 15299619405692727090068318876761727730198229850112311, 61198477622770908360273275507046910920792919400453754, 244793910491083633441093102028187643683171677601819581, 979175641964334533764372408112750574732686710407282944, 3916702567857338135057489632451002298930746841629136451, 15666810271429352540229958529804009195722987366516550534, 62667241085717410160919834119216036782891949466066206921, 250668964342869640643679336476864147131567797864264832524, 1002675857371478562574717345907456588526271191457059334991, 4010703429485914250298869383629826354105084765828237344914, 16042813717943657001195477534519305416420339063312949384661, 64171254871774628004781910138077221665681356253251797543704, 256685019487098512019127640552308886662725425013007190179931, 1026740077948394048076510562209235546650901700052028760724894, 4106960311793576192306042248836942186603606800208115042904801, 16427841247174304769224168995347768746414427200832460171624484, 65711364988697219076896675981391074985657708803329840686503271, 262845459954788876307586703925564299942630835213319362746018474, 1051381839819155505230346815702257199770523340853277450984079341, 4205527359276622020921387262809028799082093363413109803936322864, 16822109437106488083685549051236115196328373453652439215745297011, 67288437748425952334742196204944460785313493814609756862981193654, 269153750993703809338968784819777843141253975258439027451924780281, 1076615003974815237355875139279111372565015901033756109807699126844, 4306460015899260949423500557116445490260063604135024439230796513151, 17225840063597043797694002228465781961040254416540097756923186058434, 68903360254388175190776008913863127844161017666160391027692744239621, 275613441017552700763104035655452511376644070664641564110770976964424, 1102453764070210803052416142621810045506576282658566256443083907863691, 4409815056280843212209664570487240182026305130634265025772335631460814, 17639260225123372848838658281948960728105220522537060103089342525849361, 70557040900493491395354633127795842912420882090148240412357370103403604, 282228163601973965581418532511183371649683528360592961649429480413620631, 1128912654407895862325674130044733486598734113442371846597717921654488794, 4515650617631583449302696520178933946394936453769487386390871686617961501, 18062602470526333797210786080715735785579745815077949545563486746471852384, 72250409882105335188843144322862943142318983260311798182253946985887415971, 289001639528421340755372577291451772569275933041247192729015787943549670374, 1156006558113685363021490309165807090277103732164988770916063151774198688041, 4624026232454741452085961236663228361108414928659955083664252607096794758764, 18496104929818965808343844946652913444433659714639820334657010428387179041711, 73984419719275863233375379786611653777734638858559281338628041713548716173554, 295937678877103452933501519146446615110938555434237125354512166854194864700981, 1183750715508413811734006076585786460443754221736948501418048667416779458810744, 4735002862033655246936024306343145841775016886947794005672194669667117835249851, 18940011448134620987744097225372583367100067547791176022688778678668471341006334, 75760045792538483950976388901490333468400270191164704090755114714673885364032321, 303040183170153935803905555605961333873601080764658816363020458858695541456136324, 1212160732680615743215622222423845335494404323058635265452081835434782165824552391, 4848642930722462972862488889695381341977617292234541061808327341739128663298216714, 19394571722889851891449955558781525367910469168938164247233309366956514653192874061, 77578286891559407565799822235126101471641876675752656988933237467826058612771503504, 310313147566237630263199288940504405886567506703010627955732949871304234451086021331, 1241252590264950521052797155762017623546270026812042511822931799485216937804344092694, 4965010361059802084211188623048070494185080107248170047291727197940867751217376378201, 19860041444239208336844754492192281976740320428992680189166908791763471004869505520284, 79440165776956833347379017968769127906961281715970720756667635167053884019478022088671, 317760663107827333389516071875076511627845126863882883026670540668215536077912088362274, 1271042652431309333558064287500306046511380507455531532106682162672862144311648353456741, 5084170609725237334232257150001224186045522029822126128426728650691448577246593413834664, 20336682438900949336929028600004896744182088119288504513706914602765794308986373655346411, 81346729755603797347716114400019586976728352477154018054827658411063177235945494621393454, 325386919022415189390864457600078347906913409908616072219310633644252708943781978485581681, 1301547676089660757563457830400313391627653639634464288877242534577010835775127913942334644, 5206190704358643030253831321601253566510614558537857155508970138308043343100511655769346551, 20824762817434572121015325286405014266042458234151428622035880553232173372402046623077394234, 83299051269738288484061301145620057064169832936605714488143522212928693489608186492309585021, 333196205078953153936245204582480228256679331746422857952574088851714773958432745969238348224, 1332784820315812615744980818329920913026717326985691431810296355406859095833730983876953401091, 5331139281263250462979923273319683652106869307942765727241185421627436383334923935507813612614, 21324557125053001851919693093278734608427477231771062908964741686509745533339695742031254458761, 85298228500212007407678772373114938433709908927084251635858966746038982133358782968125017843404, 341192914000848029630715089492459753734839635708337006543435866984155928533435131872500071382031, 1364771656003392118522860357969839014939358542833348026173743467936623714133740527490000285536594, 5459086624013568474091441431879356059757434171333392104694973871746494856534962109960001142154901, 21836346496054273896365765727517424239029736685333568418779895486985979426139848439840004568628184, 87345385984217095585463062910069696956118946741334273675119581947943917704559393759360018274521371, 349381543936868382341852251640278787824475786965337094700478327791775670818237575037440073098094174, 1397526175747473529367409006561115151297903147861348378801913311167102683272950300149760292392385441, 5590104702989894117469636026244460605191612591445393515207653244668410733091801200599041169569550564, 22360418811959576469878544104977842420766450365781574060830612978673642932367204802396164678278211111, 89441675247838305879514176419911369683065801463126296243322451914694571729468819209584658713112853354, 357766700991353223518056705679645478732263205852505184973289807658778286917875276838338634852451422381, 1431066803965412894072226822718581914929052823410020739893159230635113147671501107353354539409805698544, 5724267215861651576288907290874327659716211293640082959572636922540452590686004429413418157639222803251, 22897068863446606305155629163497310638864845174560331838290547690161810362744017717653672630556891222134, 91588275453786425220622516653989242555459380698241327353162190760647241450976070870614690522227564897721, 366353101815145700882490066615956970221837522792965309412648763042588965803904283482458762088910259600124, 1465412407260582803529960266463827880887350091171861237650595052170355863215617133929835048355641038409791, 5861649629042331214119841065855311523549400364687444950602380208681423452862468535719340193422564153648514, 23446598516169324856479364263421246094197601458749779802409520834725693811449874142877360773690256614603461, 93786394064677299425917457053684984376790405834999119209638083338902775245799496571509443094761026458423304, 375145576258709197703669828214739937507161623339996476838552333355611100983197986286037772379044105833702731, 1500582305034836790814679312858959750028646493359985907354209333422444403932791945144151089516176423334820494, 6002329220139347163258717251435839000114585973439943629416837333689777615731167780576604358064705693339291601, 24009316880557388653034869005743356000458343893759774517667349334759110462924671122306417432258822773357176084, 96037267522229554612139476022973424001833375575039098070669397339036441851698684489225669729035291093428714071, 384149070088918218448557904091893696007333502300156392282677589356145767406794737956902678916141164373714866074, 1536596280355672873794231616367574784029334009200625569130710357424583069627178951827610715664564657494859474141, 6146385121422691495176926465470299136117336036802502276522841429698332278508715807310442862658258629979437906464, 24585540485690765980707705861881196544469344147210009106091365718793329114034863229241771450633034519917751635811, 98342161942763063922830823447524786177877376588840036424365462875173316456139452916967085802532138079671006553254, 393368647771052255691323293790099144711509506355360145697461851500693265824557811667868343210128552318684026223081, 1573474591084209022765293175160396578846038025421440582789847406002773063298231246671473372840514209274736104902444, 6293898364336836091061172700641586315384152101685762331159389624011092253192924986685893491362056837098944419619951, 25175593457347344364244690802566345261536608406743049324637558496044369012771699946743573965448227348395777678490034, 100702373829389377456978763210265381046146433626972197298550233984177476051086799786974295861792909393583110713970421, 402809495317557509827915052841061524184585734507888789194200935936709904204347199147897183447171637574332442855892024, 1611237981270230039311660211364246096738342938031555156776803743746839616817388796591588733788686550297329771423578491, 6444951925080920157246640845456984386953371752126220627107214974987358467269555186366354935154746201189319085694324414, 25779807700323680628986563381827937547813487008504882508428859899949433869078220745465419740618984804757276342777308161, 103119230801294722515946253527311750191253948034019530033715439599797735476312882981861678962475939219029105371109243204, 412476923205178890063785014109247000765015792136078120134861758399190941905251531927446715849903756876116421484436983431, 1649907692820715560255140056436988003060063168544312480539447033596763767621006127709786863399615027504465685937747944394, 6599630771282862241020560225747952012240252674177249922157788134387055070484024510839147453598460110017862743750991788301, 26398523085131448964082240902991808048961010696708999688631152537548220281936098043356589814393840440071450975003967163984, 105594092340525795856328963611967232195844042786835998754524610150192881127744392173426359257575361760285803900015868666771, 422376369362103183425315854447868928783376171147343995018098440600771524510977568693705437030301447041143215600063474677974, 1689505477448412733701263417791475715133504684589375980072393762403086098043910274774821748121205788164572862400253898722841]
len(predicted_full) = 200, len(input_sequence + seq_pred) = 200
is_manual_check: False
