test results being evaluated: data/test_linrec15.tsv
csv file used: ../linear_database_newbl.csv
The sequence ID inspected: A016306
csv results file used: ../linear_database_newbl.csv
Results we are looking at now:
('Could you give me a recursive equation in a form of a Python code for the following number sequence: 1,17,205,2165,21421,204437,1909885,17608805,160998541,1464103157', 'Certainly, the Python code is the following: lambda a_n: abs( ( -8 ) * -3 * a_n[-1] - -9 )')

Experiment type: Evaluation of the results of llms.
Ground truth: 
[1, 17, 205, 2165, 21421, 204437, 1909885, 17608805, 160998541, 1464103157, 13267627165, 119952839045, 1082840722861, 9765157542677, 88003964122045, 792740954558885, 7138900255858381, 64275492291826997, 578631770561314525, 5208599974661584325, 46882884009613829101, 421978861512483980117, 3798007186168117124605, 34183249270847630331365, 307656351009636147019021, 2768949804518770200946037, 24920804113261201142272285, 224288772254904426417216005, 2018608161707461534843972141, 18167528723847083996666788757, 163508090125503337069501077565, 1471574800794807520224657054245, 13244185145144932601621092592461, 119197737934254382932193497892277, 1072780071175989383495380648260445, 9655023219190104074092295197462085, 86895224444348134402633941675343981, 782057112828956396038525321906160597, 7038514572439546682835647253001740925, 63346634493829554856454341961849255525, 570119730495707801973690178865156450701, 5131077694768821067356818219236510217717, 46179699974764094703773003634227251439005, 415617304103945082919326870683433312850565, 3740555762921915129786160864020820301096621, 33665002022215692469148761943442089994607637, 302985019135451970028778742494577422404074685, 2726865177832132157097647992472929213840663205, 24541786634167575974910667792387038872766625741, 220876079909578503140387025292267968494056994357, 1987884720398628444460629318595120554181363967965, 17890962490862187497328540413144340265841195509445, 161018662461406876459054122993028598565423905742061, 1449167962414545022030070662585634613133133283361877, 13042511663302204001662137297160974892478506849838845, 117382604979147628835308243677790354314017202465005285, 1056443444868895416439868241120162670588476261121709581, 9507991004159459289491378458201760926014330171791214197, 85571919039471536854617791852537629678725464852447607325, 770147271367462251186732441045169355176684604262291966725, 6931325442380470777651625855640508325000246883406815552301, 62381928981864100100690836018168479695465040463947680775317, 561437360839416079517174744067939745881966886941265599193405, 5052936247570579787320316016037998284674400342437846080809765, 45476426228230228515877304060901227992489811688483422565254221, 409287836054642119222862496047466512514929593729095797534189237, 3683590524495199448485563021423331376129494148545308439327317085, 33152314720477317289248870534786778966136214314382406112739950405, 298370832484418989120512654864941790181050530989437341146776959341, 2685337492360509703188250814095640788544402392455205997472402719957, 24168037431249020135316078848727755158389307214579065160877496298365, 217512336881267778057575638769751724794441879028466036791087520204645, 1957611031931569583556566323714977093363605595844443399661797648171661, 17618499287385083738239410362158063261554222470138929741173977921951477, 158566493586471498561536573951762185881678634876502892001804074408857245, 1427098442278277956558120449719897372101251509760078952935529265509188485, 12843885980504708426048831752403302543908126363070103683799244878882955181, 115594973824543616736593972001175080065154313919007442914197544674394987797, 1040354764420899996042272665387847863606275885179326347019258850313538913725, 9363192879788144636858015492754263630575805326063493892385125149600341717925, 84268735918093569766587508460370169823898182091268786855662718941703199133901, 758418623262843736108479790296822311307379243761603135063995665276387883652917, 6825767609365603274231471397592345499120186823495532540589851434752362200387805, 61431908484290487363614162287856777676204323189306418825063412153277520686208965, 552887176358614733645712978847865008190574759370837525203442017936369318267491821, 4975984587227534687050529919173709128343587938340016261536891638996221790547690837, 44783861285047824688889447929820926482862782069075017562144876868834719938951999485, 403054751565430497232613103311933604312387982365764385309335747031635494929067077605, 3627492764088874925289166361468674034611229503756414831284522339567278892301322972941, 32647434876799877028776387843185695886299491508594945662564323723820509348487671965557, 293826913891198909466030834128477040425485979426077784049101887460713865423318538068765, 2644442225020790282436537568395128028522117149927039694958057306704479047291993583139845, 23799980025187113125382398482989160244855514359897395085719362629448794118041802287881261, 214199820226684021629162948551500490132638389302400782758055354783210357499901580021661077, 1927798382040156215666794710191092698767378064101552406741984759564961108690350775165315645, 17350185438361406067027121431085364014348197939193643832194782274795138582492745103082011685, 156151668945252655359399907115961454481784553626420827518854557184647341382376572280847080781, 1405365020507273902771534049460812160451965615679855645844300115089228962309569023833365481397, 12648285184565465152165415757650263864763118339371110001646355638684390650052257804708915660125, 113834566661089186532818397693870101307040631843854445149103128366081321086181254484380350509125, 1024511099949802679775343514494937270908401087331776737147643721003530371790125125212920515195501, 9220599899548224123857959241955073593045822190408511019163086883287099539398545594840262206850517, 82985399095934017150000838846599491266633674140211721481473542315120923616712340078712212095022205, 746868591863406154561682783633418394975030713821116227187296443029320620327965464894520995881048165, 6721817326770655392325196456784903396227242303745310447809875360423299712026619260837779432335809421, 60496355940935898538547076535568957614756976009839380449034122482766222747508361111603405601963112437, 544467203468423086892645539367149580825083555745343942553778567778635237892826391195492690472318121885, 4900204831215807782308140957586520001179376631648832594058835902610152702286221197119169846156774044805, 44101843480942270042419255237971722653136137464483916012978495879105988012599246490657669190002452666541, 396916591328480430391649216859903759733355723858221780115500299445641574914569860032283319723883032731157, 3572249321956323873584098470048083372730984434791195237031665714212900272336262804622442566730737129279165, 32150243897606914862612419340286447565363557433523952429237969543128859042253318056860753050136621336315045, 289352195078462233765644972721700211352980202024134743638859594579436270932833876261834224777120011392870861, 2604169755706160103903603946450035001765070928951727723404043563362585675721213562574102362206483611390490677, 23437527801355440935209230669778713613415133024972639694562235343149226505465943307906626605646895540959214045, 210937750212198968417343846938378814105913165211196298354615177725658771093085155614466150146581562069935474885, 1898439751909790715758859247907631676464280294819421931812866957354823335101199472339770972735847559778502086381, 17085957767188116441846320983942019185244893500886728866043784763136776387491559835414865597606422020783550694997, 153773619904693047976716415372118177249602266593052148672761955749891185716908958331874297665328788035479217846525, 1383962579142237431791044897448903622740809749847898871325064959038981860829090808479709615167121483313406670340325, 12455663212280136886122987031639172769633623851693667041546828775090603883723279706502427938494940599592282571737101, 112100968910521231975128381012346795916500631283618466571648923838254037771078294598088091428231294702574398938368117, 1008908720194691087776284415476686609187293781262818978331205103718917956845117320137102245884406119775860966323096605, 9080178481752219789987333657483572158318372629626887480099034668518051313038531904393600717420928865929353434417327365, 81721606335769978109890646426512505478661725256211087371600444426949200025941643299768137416114656487504722299298207021, 735494457021929802989043678893574685630733756843314386648658794304263229485043926701802918366106996485307574959908454037, 6619450113197368226901560276371944988613273188814317081663457915508691640874810162424634946751648112820202272094465684285, 59575051018776314042115045485326141805139474962675779345924293840200160220929780394642307792965413113828112337297812852005, 536175459168986826379041427355807097691975372244163567779037680165533054706706957149044612136813137078594136973797814040141, 4825579132520881437411408954129494807902098935677961432005653335112187168670396215925665125965906624959120737607748853016757, 43430212192687932936702897234728838843164813933984588820016765297744022575893767552837928963568373725996581165960877909929565, 390871909734191396430327374997939863020758866483158914971946199370102231530205117632585739910302015649863904655454184731730245, 3517847187607722567872954174293740647780483044812215928298287664473356253854813316635543379139708788559558600863644272131140461, 31660624688469503110856634364517357113586266882092657515989220201114823305191123397373531620975064453331558989547575923036440277, 284945622196225527997709990055898361723647918811530202611730769135161111869706931862283653619153175157818882052551723783630552445, 2564510599766029751979391595154538141721060370539949533312543646167216219565283314476084140310787112767502368664656508176821578085, 23080595397894267767814534464299560592738917942276612058654693159209543252515075396577944896339821164750562545755954040868935971981, 207725358581048409910330870826148349238146509124991906080943040495113472931200831966960630042539385245333803571695658176550998628597, 1869528227229435689192978201320048966564296067991941540046792176829386758332198408089200426584189579510517662691108952451473085472925, 16825754045064921202736805995188723639604529527129560172330958465704673836698131195122132377162615176863821520668059941258603653211525, 151431786405584290824631267056548210399595955235378559422437599436783222600533253890015162623286786934297532971046998078540030776758701, 1362886077650258617421681482108032079455294734065682142030692234403695951826299723813632290985308177613632960342321699134216909566205717, 12265974698852327556795133810566877830251239428274789921648753146469145256965700147143665583127711356052060280483671520340254071924611005, 110393772289670948011156207124669435163182675784575013155073916539237597455865317121218840033720179122243989660340468910992422143047046565, 993543950607038532100405881099430124614173207641786541557076078179230117961831948872524659016928574352047120382130307284785260623282684621, 8941895555463346788903653031759302370400733622259747412982149679569621506810752108542052523433083544169928425319852359514733410347711715637, 80477059999170121100132877897020308826845651121239737950650136971865896232222356389014456264582199350519176001655314942215687675004434686685, 724293539992531089901195904740302304401045151216569708958715971881228882115554731973946007703346657278573093302542829005185892153182135499205, 6518641859932779809110763164665437889366012107701599785045632181737674835193313734602409477262761451062484071938725692769633610221276655093741, 58667776739395018281996868614005243902833743449829232491913820244478762893659750492443057742960702986518160393723513154407450701794882700822357, 528009990654555164537971818318145012516741497931552098986243165853347002304457315718115754372221427867645958727121390964837515024469437520019965, 4752089915890996480841746369615892016998100322682502930230301194598351838309233209179811197463443459597204105057670916251132326369108169721385445, 42768809243018968327575717355058549579067463951933730608197386962894539450197803088918917225851694794814170575424348155898902962013253465270690061, 384919283187170714948181456366620074768114541854150800890524539935107092484268453038073953724749475115381518499898671909388686561862921905167509877, 3464273548684536434533633108326139444252075074407840560515209203030301256953345428769487775675250607833593529508860636319222113990420063635019330845, 31178461938160827910802697981094607626302940855993465159639812888958735860149684967486323133992287461318972869804971977875207786538087016010492321285, 280606157443447451197224281866807584404932058821878587126775896370744770026764621358742507123420779096861886305929286739277852944633389492594836737581, 2525455416991027060775018537023004954253622076104531688281088549557399813953386332136876157615728163541886447324137177148682034300533678901812957282197, 22729098752919243546975166834537464755937999965186531619370429839340779627855505428681046979571200381898120224751208899038777376705981221681987158539325, 204561888776273191922776501518819703809374407368153263123377665914012104464349719494824392182318684897210665966583391371011932640777257806041735651122725, 1841056998986458727304988513717272460319964112402226239404661777385779467061048499273589345837935452835662958863822920920003214954368597402818384138260301, 16569512990878128545744896623742822899093243688153117382407532701430038364840842636383323009723822808085571343765115341571240269083222472082061348778363317, 149125616917903156911704069615409630629120593252576543808261254542618484251316020584976020470608827668157776223836841717500103243451763686610806111939565405, 1342130552261128412205336626549032022885773739628379818473912052262055192068334806409940864534045983385745802486249495964877919750761103536994936092522205765, 12079174970350155709848029639003360289314094058786563911462573038629429731453956984560407862597813056705667144590579184022609912373978637438468825838017242221, 108712574733151401388632266751402675103879628941865948474347344757290465600119275222269311254128712747754733881369267372824634401586494617500362467563900897237, 978413172598362612497690400764858670935233354953514775896231227273367778503275451167777644231648786154214982506183839444326367520638402134670233676185265129085, 8805718553385263512479213606897135608419000361441960420828711792206831535142690905514121855751781303934469108185889363110720828653976981262718158410287693986405, 79251466980467371612312922462154665895782404254139608414034190610340612987963489219651835047767685106689427567828557535823899730755324320843948210672229823827341, 713263202824206344510816302159874665582110044294228263485762422375940291921747029397014945505919086187880081676138626267692993508135394458823179511991749344147957, 6419368825417857100597346719441768025359400834689885097928590042680711277476177023094025090009331297056972136480833864757531161749483976825475963115703504599550365, 57774319428760713905376120474993288438957070128459950240697679831909893398368315758971569292820338801709057636704015308260799465979429498143090700712253454257280645, 519968874858846425148385084275043853214948406853645458322321335173889991991811177137496184531801191984559369180601187237711816633572270016645464397684323265179519661, 4679719873729617826335465758476020222520544315867844561837145316685215636365278606077978026164719584476101425327012954541007093097400781936104679917300183847191699477, 42117478863566560437019191826287935264200950767920813678151827650888174977921375525744876427753529399975315444152754152521494327761520997315014344865543344186965549245, 379057309772099043933172726436613936946904868461948598833071567662320980305095588157962333003408083437920254694632660633093683948189996433520160904610928320653699704485, 3411515787948891395398554537929660549936721685461505043875874821786853255768679543979211667952430663970136786435241281041215869641781460044480835840748560394904492383181, 30703642091540022558586990841367755653917962384977351321152257673037465900055031399158209037102423453904358043018455732993121719660569388050502242550886228950657874655797, 276332778823860203027282917572314665112186464759738997447986624719071912689316775612495705487105095954177984177773807201795054050724556567942325290440167077619806077045725, 2486995009414741827245546258150861171371227002607307990377577456442055531736779938632892294303045572801834428343610499211545008332142030743581271834009241610331127016073925, 22382955084732676445209916323357925654510335942083713993472384111800949690828593196418616318242008410501905279554371900808737747108893264843180538976678785582236499264241901, 201446595762594088006889246910222381563608780990461078421696579029143246648642781260103060881265665226229520062760611557772626838429507029211013459914301104013144874462840917, 1813019361863346792062003222192007738110573573984395620677939943399897416424897686294940632033916524226339915845473090729047546396025924570066840902575098873231358645407959805, 16317174256770121128558028999728107467223729436281036075397483883424725927346755106378544192920401941178704654293023336828251310992122599840474662920456696950710469437594804965, 146854568310931090157022260997553194150384968549058177614353501307776428423256851535751368763974536809458214358739803153079722088150293292557244087502200062044063500666829879821, 1321691114798379811413200348977980109025693138676696716143838389911711226272127997291829145041916347318223164049273787107519300385987487440440496619697149189198386812282203998837, 11895220033185418302718803140801829151264608778501309150982486778055741259226049976446863262374120222062603885367157436346582592744311890695451202780076054275347972452043997011485, 107056980298668764724469228267216511381581702188978014592970028615603712669695837792944175103348320575755007421846577041392892829750584872421851092656969997489009897525060440313605, 963512822688018882520223054404948896555436658795599524741496143219045662047230868166032010382022316644944501517872154058178324756924392656321141176569393510617364347680809768240941, 8671615404192169942682007489644541833726137963729180083102060603043084446544887781671494700149525438583397121988367150637459443185051230069132638118742423753155943543289440750993557, 78044538637729529484138067406800887091898489880975326910490117311817800947622849844106691941613676479923953747860410940420263680177285094265838907193744908640605503963438999788520765, 702400847739565765357242606661208047357265898173254179169840487112940454100918807451339665316130773515355861630534337971881148409217377683594803067388794350771869659291677428291415845, 6321607629656091888215183459950872807396470019026145034381140971855945560342148220188333614894823072814444422073552878795522993685789005550247508858159113402651763777704899899825629261, 56894468666904826993936651139557857553654691784036449840545728273740398883682607700452662296351284322387449803054438931451262903743300159112954794904970652513428327268533806297717009077, 512050218002143442945429860256020731705410995733134915751604311625884922996763111616619919240948818903831748253844728516810701922225303028527679500577125356788895329441364277731309207645, 4608451962019290986508868742304186667683811579659055444884595347606292305232585858424855024611262930148553934442731225453792332081458150718909079694474780501769631597938482181605195727685, 41476067658173618878579818680737680503164979925296546222682297386296598736663579849075349730157707731421394610933353041899107077522139525009328394607329569031266788836881248838011790908781, 373284608923562569907218368126639127492548873577859199316466312023709196567394061381188074623357417743299006704092809453981820230634219991851209400051050649916087051579816068986345398749397, 3359561480312063129164965313139752165217324187701874493722150621495621616731077608867752233921845048652729791570991077547175521273719500038329155260855453544138189827136204345988242480992125, 30236053322808568162484687818257769593662223642323720642743078473154027636326884818432127479166375171652800511543854452692614526652348090037101516447846049112774727922994098961452382100065125]
Predicted:    
[1, 17, 205, 2165, 21421, 204437, 1909885, 17608805, 160998541, 1464103157, 35138475777, 843323418657, 20239762047777, 485754289146657, 11658102939519777, 279794470548474657, 6715067293163391777, 161161615035921402657, 3867878760862113663777, 92829090260690727930657, 2227898166256577470335777, 53469555990157859288058657, 1283269343763788622913407777, 30798464250330926949921786657, 739163142007942246798122879777, 17739915408190613923154949114657, 425757969796574734155718778751777, 10218191275117793619737250690042657, 245236590602827046873694016561023777, 5885678174467849124968656397464570657, 141256276187228378999247753539149695777, 3390150628493481095981946084939592698657, 81363615083843546303566706038550224767777, 1952726762012245111285600944925205394426657, 46865442288293882670854422678204929466239777, 1124770614919053184100506144276918307189754657, 26994494758057276418412147462646039372554111777, 647867874193374634041891539103504944941298682657, 15548828980640991217005396938484118678591168383777, 373171895535383789208129526523618848286188041210657, 8956125492849210940995108636566852358868512989055777, 214947011828381062583882607277604456612844311737338657, 5158728283881145502013182574662506958708263481696127777, 123809478813147492048316381791900167008998323560707066657, 2971427491515539809159593163005604008215959765456969599777, 71314259796372955419830235912134496197183034370967270394657, 1711542235112950930075925661891227908732392824903214489471777, 41077013642710822321822215885389469809577427797677147747322657, 985848327425059735723733181249347275429858267144251545935743777, 23660359858201433657369596349984334610316598411462037102457850657, 567848636596834407776870312399624030647598361875088890458988415777, 13628367278324025786644887497590976735542360685002133371015721978657, 327080814679776618879477299942183441653016656440051200904377327487777, 7849939552314638853107455198612402599672399754561228821705055859706657, 188398549255551332474578924766697662392137594109469491720921340632959777, 4521565182133231979389894194400743897411302258627267801302112175191034657, 108517564371197567505357460665617853537871254207054427231250692204584831777, 2604421544908741620128579055974828484908910100969306253550016612910035962657, 62506117077809798883085897343395883637813842423263350085200398709840863103777, 1500146809867435173194061536241501207307532218158320402044809569036180714490657, 36003523436818444156657476869796028975380773235799689649075429656868337147775777, 864084562483642659759779444875104695409138557659192551577810311764840091546618657, 20738029499607423834234706677002512689819325383820621237867447482356162197118847777, 497712707990578172021632960248060304555663809211694909708818739576547892730852346657, 11945104991773876128519191045953447309335931421080677833011649749837149425540456319777, 286682519802573027084460585102882735424062354105936267992279593996091586212970951674657, 6880380475261752650027054042469185650177496498542470431814710255906198069111302840191777, 165129131406282063600649297019260455604259915965019290363553046141748753658671268164602657, 3963099153750769526415583128462250934502237983160462968725273107401970087808110435950463777, 95114379690018468633973995083094022428053711595851111249406554577647282107394650462811130657, 2282745112560443247215375881994256538273289078300426669985757309863534770577471611107467135777, 54785882701450637933169021167862156918558937879210240079658175436724834493859318666579211258657, 1314861184834815310396056508028691766045414509101045761911796210481396027852623647997901070207777, 31556668436035567449505356192688602385089948218425098285883109051553504668462967551949625684986657, 757360042464853618788128548624526457242158757242202358861194617237284112043111221246791016439679777, 18176641019156486850915085166988634973811810173812856612668670813694818689034669309922984394552314657, 436239384459755684421962044007727239371483444171508558704048099528675648536832063438151625469255551777, 10469745227034136426127089056185453744915602660116205408897154388688215564883969522515639011262133242657, 251273885448819274227050137348450889877974463842788929813531705328517173557215268540375336270291197823777, 6030573250771662581449203296362821357071387132226934315524760927884412165373166444969008070486988747770657, 144733758018519901954780879112707712569713291173446423572594262269225891968955994679256193691687729946495777, 3473610192444477646914741098704985101673118988162714165742262294461421407254943872302148648600505518715898657, 83366644618667463525953786368919642440154855715905139977814295067074113774118652935251567566412132449181567777, 2000799470848019124622890872854071418563716537181723359467543081609778730578847670446037621593891178780357626657, 48019187300352458990949380948497714045529196892361360627221033958634689533892344090704902918253388290728583039777, 1152460495208459015782785142763945137092700725416672655053304815007232548813416258176917670038081318977485992954657, 27659051885003016378786843426334683290224817410000143721279315560173581171521990196246024080913951655459663830911777, 663817245240072393090884242232032398965395617840003449310703573444165948116527764709904577941934839731031931941882657, 15931613885761737434181221813568777575169494828160082783456885762659982754796666353037709870606436153544766366605183777, 382358733258281698420349323525650661804067875875841986802965258303839586115119992472905036894554467685074392798524410657, 9176609598198760762088383764615615883297629021020207683271166199292150066762879819349720885469307224441785427164585855777, 220238630356770258290121210350774781199143096504484984398507988783011601602309115664393301251263373386602850251950060538657, 5285727128562486198962909048418594748779434316107639625564191730792278438455418775945439230030320961278468406046801452927777, 126857451085499668775109817162046273970706423586583351013540601539014682522930050622690541520727703070683241745123234870266657, 3044578826051992050602635611889110575296954166078000424324974436936352380550321214944572996497464873696397801882957636886399777, 73069891825247809214463254685338653807126899985872010183799386486472457133207709158669751915939156968713547245190983285273594657, 1753677403805947421147118112448127691371045599660928244411185275675338971196985019808074045982539767249125133884583598846566271777, 42088257691342738107530834698755064592905094391862277865868446616208135308727640475393777103580954413979003213230006372317590522657, 1010118184592225714580740032770121550229722265404694668780842718788995247409463371409450650485942905935496077117520152935622172543777, 24242836430213417149937760786482917205513334369712672050740225250935885937827120913826815611662629742451905850820483670454932141050657, 581828074325122011598506258875590012932320024873104129217765406022461262507850901931843574679903113818845740419691608090918371385215777, 13963873783802928278364150213014160310375680596954499101226369744539070300188421646364245792317674731652297770072598594182040913245178657, 335132970811270278680739605112339847449016334326907978429432873868937687204522119512741899015624193559655146481742366260368981917884287777, 8043191299470486688337750522696156338776392023845791482306388972854504492908530868305805576374980645431723515561816790248855566029222906657, 193036591187291680520106012544707752130633408572298995575353335348508107829804740839339333832999535490361364373483602965972533584701349759777, 4632878188495000332482544301072986051135201805735175893808480048364194587915313780144144011991988851768672744963606471183340806032832394234657, 111189076523880007979581063225751665227244843337644221451403521160740670109967530723459456287807732442448145879126555308400179344787977461631777, 2668537836573120191509945517418039965453876240103461314833684507857776082639220737363026950907385578618755501099037327401604304274911459079162657, 64044908077754884596238692418032959170893029762483071556008428188586625983341297696712646821777253886850132026376895857638503302597875017899903777, 1537077793866117230309728618032791020101432714299593717344202276526079023600191144721103523722654093284403168633045500583324079262349000429597690657, 36889867052786813527433486832786984482434385143190249216260854636625896566404587473306484569343698238825676047193092013999777902296376010310344575777, 885356809266883524658403683986887627578425243436565981190260511279021517593710099359355629664248757731816225132634208335994669655113024247448269818657, 21248563422405204591801688415685303061882205842477583548566252270696516422249042384624535111941970185563589403183221000063872071722712581938758475647777, 509965522137724910203240521976447273485172940219462005165590054496716394133977017230988842686607284453526145676397304001532929721345101966530203415546657, 12239172531305397844877772527434734563644150565267088123974161307921193459215448413543732224478574826884627496233535296036790313312282447196724881973119777, 293740140751329548277066540658433629527459613566410114975379871390108643021170761925049573387485795845231059909604847104882967519494778732721397167354874657, 7049763378031909158649596975802407108659030725593842759409116913362607432508098286201189761299659100285545437830516330517191220467874689585313532016516991777, 169194321072765819807590327419257770607816737414252226225818805920702578380194358868828554271191818406853090507932391932412589291228992550047524768396407802657, 4060663705746379675382167858062186494587601697942053429419651342096861881124664612851885302508603641764474172190377406377902142989495821201140594441513787263777, 97455928937913112209172028593492475870102440750609282306071632210324685146991950708445247260206487402347380132569057753069651431747899708827374266596330894330657, 2338942294509914693020128686243819420882458578014622775345719173047792443527806817002685934244955697656337123181657386073671634361949593011856982398311941463935777, 56134615068237952632483088469851666101179005872350946608297260153147018644667363608064462421878936743752090956359777265768119224686790232284567577559486595134458657, 1347230761637710863179594123276439986428296140936422718599134243675528447472016726593547098125094481850050182952634654378434861392482965574829621861427678283227007777, 32333538279305060716310258958634559674279107382474145246379221848212682739328401438245130355002267564401204390863231705082436673419591173795910924674264278797448186657, 776004918703321457191446215007229432182698577179379485913101324357104385743881634517883128520054421545628905380717560921978480162070188171101862192182342691138756479777, 18624118048879714972594709160173506372384765852305107661914431784570505257853159228429195084481306117095093729137221462127483523889684516106444692612376224587330155514657, 446978833173113159342273019844164152937234380455322583885946362829692126188475821482300682027551346810282249499293315091059604573352428386554672622697029390095923732351777, 10727491996154715824214552476259939670493625130927742013262712707912611028523419715575216368661232323446773987983039562185430509760458281277312142944728705362302169576442657, 257459807907713179781149259430238552091847003142265808318305104989902664684562073173805192847869575762722575711592949492450332234250998750655491430673488928695252069834623777, 6179035389785116314747582226325725250204328075414379399639322519757663952429489756171324628348869818305341817078230787818807973622023970015731794336163734288686049676030970657, 148296849354842791553941973431817406004903873809945105591343740474183934858307754148111791080372875639328203609877538907651391366928575280377563064067929622928465192224743295777, 3559124384516226997294607362363617744117692971438682534192249771380414436599386099554682985928949015343876886637060933783633392806285806729061513537630310950283164613393839098657, 85418985228389447935070576696726825858824631314528380820613994513129946478385266389312391662294776368253045279289462410807201427350859361497476324903127462806795950721452138367777, 2050055645481346750441693840721443820611791151548681139694735868315118715481246393343497399895074632838073086702947097859372834256420624675939431797675059107363102817314851320826657, 49201335491552322010600652177314651694682987637168347352673660839562849171549913440243937597481791188113754080870730348624948022154094992222546363144201418576714467615556431699839777, 1180832051797255728254415652255551640672391703292040336464167860149508380117197922565854502339562988514730097940897528366998752531698279813341112715460834045841147222773354360796154657, 28339969243134137478105975654133239376137400879008968075140028643588201122812750141580508056149511724353522350581540680807970060760758715520186705171060017100187533346560504659107711777, 680159261835219299474543415699197745027297621096215233803360687446116826947506003397932193347588281384484536413956976339391281458258209172484480924105440410404500800317452111818585082657, 16323822284045263187389041976780745880655142906309165611280656498706803846740144081550372640342118753227628873934967432145390754998197020139627542178530569849708019207618850683646041983777, 391771734817086316497337007442737901135723429751419974670735755968963292321763457957208943368210850077463092974439218371489378119956728483351061012284733676392992460982852416407505007610657, 9402521635610071595936088178625709627257362314034079392097658143255119015722322990973014640837060401859114231386541240915745074878961483600425464294833608233431819063588457993780120182655777, 225660519254641718302466116287017031054176695536817905410343795438122856377335751783352351380089449644618741553276989781977881797095075606410211143076006597602363657526122991850722884383738657, 5415852462111401239259186790888408745300240692883629729848251090514948553056058042800456433122146791470849797278647754767469163130281814553845067433824158342456727780626951804417349225209727777, 129980459090673629742220482981321809887205776629207113516358026172358765273345393027210954394931522995300395134687546114419259915126763549292281618411779800218961466735046843306016381405033466657, 3119531018176167113813291591551723437292938639100970724392592628136610366560289432653062905478356551887209483232501106746062237963042325183014758841882715205255075201641124239344393153720803199777, 74868744436228010731518998197241362495030527338423297385422223075278648797446946383673509731480557245293027597580026561905493711113015804392354212205185164926121804839386981744265435689299276794657, 1796849866469472257556455956733792699880732656122159137250133353806687571138726713208164233555533373887032662341920637485731849066712379305416501092924443958226923316145287561862370456543182643071777, 43124396795267334181354942961611024797137583746931819294003200491360501707329441116995941605332800973288783896206095299657564377601097103329996026230186654997446159587486901484696890957036383433722657, 1034985523086416020352518631078664595131302009926363663056076811792652040975906586807902598527987223358930813508946287191781545062426330479919904629524479719938707830099685635632725382968873202409343777, 24839652554073984488460447145887950283151248238232727913345843483023648983421758083389662364671693360614339524214710892602757081498231931518077711108587513278528987922392455255185409191252956857824250657, 596151661297775627723050731501310806795629957717585469920300243592567575602122194001351896752120640654744148581153061422466169955957566356433865066606100318684695710137418926124449820590070964587782015777, 14307639871146615065353217556031459363095118985222051278087205846221621814450932656032445522050895375713859565947673474139188078942981592554412761598546407648432697043298054226986795694161703150106768378657, 343383356907518761568477221344755024714282855645329230674092940309318923546822383744778692529221489017132629582744163379340513894631558221305906278365113783562384729039153301447683096659880875602562441087777, 8241200565780450277643453312274120593142788535487901536178230567423654165123737209874688620701315736411183109985859921104172333471157397311341750680762730805497233496939679234744394319837141014461498586106657, 197788813578730806663442879494578894235426924851709636868277533618167699962969693036992526896831577673868394639660638106500136003307777535472202016338305539331933603926552301633865463676091384347075966066559777, 4746931525889539359922629107869893461650246196441031284838660806836024799111272632887820645523957864172841471351855314556003264079386660851332848392119332943966406494237255239212771128226193224329823185597434657, 113926356621348944638143098588877443079605908714584750836127859364064595178670543189307695492574988740148195312444527549344078337905279860431988361410863990655193755861694125741106507077428637383915756454338431777, 2734232558912374671315434366133058633910541809150034020067068624737550284288093036543384691821799729763556687498668661184257880109726716650367720673860735775724650140680659017786556169858287297213978154904122362657, 65621581413896992111570424787193407213853003419600816481609646993701206822914232877041232603723193514325360499968047868422189122633441199608825296172657658617391603376335816426877348076598895133135475717698936703777, 1574917953933527810677690194892641773132472082070419595558631527848828963749941589048989582489356644343808651999233148842132538943202588790611807108143783806817398481032059594245056353838373483195251417224774480890657, 37798030894404667456264564677423402555179329969690070293407156668371895129998598137175749979744559464251407647981595572211180934636862130974683370595450811363617563544769430261881352492120963596686034013394587541375777, 907152741465712018950349552258161661324303919272561687041771760040925483119966355292217999513869427142033783551558293733068342431284691143392400894290819472726821525074466326285152459810903126320464816321470100993018657, 21771665795177088454808389254195879871783294062541480489002522240982211594879192527013231988332866251408810805237399049593640218350832587441417621462979667345443716601787191830843659035461675031691155591715282423832447777, 522519979084250122915401342100701116922799057500995531736060533783573078277100620648317567719988790033811459325697577190247365240419982098594022915111512016290649198442892603940247816851080200760587734201166778171978746657, 12540479498022002949969632210416826806147177380023892761665452810805753878650414895559621625279730960811475023816741852565936765770079570366256549962676288390975580762629422494565947604425924818254105620828002676127489919777, 300971507952528070799271173050003843347532257120573426279970867459338093087609957493430919006713543059475400571601804461582482378481909688790157199104230921383413938303106139869582742506222195638098534899872064227059758074657, 7223316190860673699182508153200092240340774170893762230719300819024114234102638979842342056161125033427409613718443307077979577083565832530963772778501542113201934519274547356869985820149332695314364837596929541449434193791777, 173359588580656168780380195676802213768178580101450293537263219656578741618463335516216209347867000802257830729242639369871509850005579980743130546684037010716846428462589136564879659683583984687544756102326308994786420651002657, 4160630125935748050729124696243253130436285922434807044894317271757889798843120052389189024348808019254187937501823344876916236400133919537835133120416888257204314283102139277557111832406015632501074146455831415874874095624063777, 99855123022457953217498992709838075130470862138435369077463614522189355172234881257340536584371392462100510500043760277045989673603214068908043194890005318172903542794451342661370683977744375180025779514939953980996978294977530657, 2396522952538990877219975825036113803131300691322448857859126748532544524133637150176172878024913419090412252001050246649103752166477137653793036677360127636149685027066832223872896415465865004320618708358558895543927479079460735777, 57516550860935781053279419800866731275151216591738772588619041964781068579207291604228149072597922058169894048025205919578490051995451303691032880256643063267592440649603973372949513971180760103694849000605413493054259497907057658657, 1380397220662458745278706075220801550603629198201730542126857007154745645900974998501475577742350129396077457152604942069883761247890831288584789126159433518422218575590495360950788335308338242488676376014529923833302227949769383807777, 33129533295899009886688945805299237214487100756841533011044568171713895501623399964035413865816403105505858971662518609677210269949379950926034939027826404442133245814171888662818920047400117819728233024348718171999253470794465211386657, 795108799101576237280534699327181693147690418164196792265069636121133492038961599136849932779593674532140615319900446632253046478785118822224838536667833706611197899540125327907654081137602827673477592584369236127982083299067165073279777, 19082611178437829694732832783852360635544570035940723014361671266907203808935078379284398386710248188771374767677610719174073115490842851733396124880028008958668749588963007869783697947302467864163462222024861667071569999177611961758714657, 457982668282507912673587986812456655253069680862577352344680110405772891414441881102825561281045956530512994424262657260177754771780228441601506997120672215008049990135112188874808750735259228739923093328596680009717679980262687082209151777, 10991584038780189904166111683498959726073672340701856456272322649738549393946605146467813470745102956732311866182303774244266114522725482598436167930896133160193199763242692532995410017646221489758154239886320320233224319526304489973019642657, 263798016930724557699986680403975033425768136176844554950535743593725185454718523515227523297882470961575484788375290581862386748545411582362468030341507195844636794317824620791889840423509315754195701757271687685597383668631307759352471423777, 6331152406337389384799680329695400802218435268244269318812857846249404450913244564365460559149179303077811634921006973964697281965089877976699232728196172700271283063627790899005356170164223578100696842174520504454337208047151386224459314170657, 151947657752097345235192327912689619253242446437862463651508588309985706821917869544771053419580303273867479238104167375152734767162157071440781585476708144806510793527066981576128548083941365874416724212188492106904092993131633269387023540095777, 3646743786050336285644615869904550862077818714508699127636206119439656963726028869074505282069927278572819501714500017003665634411891769714578758051440995475356259044649607557827085154014592780986001381092523810565698231835159198465288564962298657, 87521850865208070855470780877709220689867649148208779063268946866551767129424692857788126769678254685747668041148000408087975225885402473149890193234583891408550217071590581387850043696350226743664033146220571453576757564043820763166925559095167777, 2100524420764993700531298741065021296556823579557010697518454724797242411106192628586915042472278112457944032987552009794111405421249659355597364637630013393805205209718173953308401048712405441847936795509293714885842181537051698316006213418284026657, 50412586098359848812751169785560511117363765909368256740442913395133817866548623086085961019334674698990656791701248235058673730109991824534336751303120321451324925033236174879401625169097730604350483092223049157260212356889240759584149122038816639777, 1209902066360636371506028074853452266816730381824838161770629921483211628797166954066063064464032192775775763000829957641408169522639803788824082031274887714831798200797668197105639004058345534504411594213353179774245096565341778230019578928931599354657, 29037649592655272916144673796482854403601529163796115882495118115597079091132006897585513547136772626618618312019918983393796068543355290931777968750597305155963156819144036730535336097400292828105878261120476314581882317568202677520469894294358384511777, 696903590223726549987472171115588505686436699931106781179882834774329898187168165542052325131282543038846839488478055601451105645040526982362671250014335323743115763659456881532848066337607027874541078266891431549965175621636864260491277463064601228282657, 16725686165369437199699332106774124136474480798346562748317188034583917556492035973009255803150781032932324147723473334434826535480972647576704110000344047769834778327826965156788353592102568668988985878405394357199164214919284742251790659113550429478783777, 401416467968866492792783970562578979275387539160317505959612512830014021355808863352222139275618744790375779545363360026435836851543343541840898640008257146476034679867847163762920486210461648055735661081729464572779941158062833814042975818725210307490810657, 9633995231252795827026815293501895502609300939847620143030700307920336512539412720453331342614849874969018709088720640634460084437040245004181567360198171515424832316828331930310091669051079553337655865961507149746718587793508011537031419649405047379779455777, 231215885550067099848643567044045492062623222556342883432736807390088076300945905290879952222756396999256449018129295375227042026488965880100357616644756116370195975603879966327442200057225909280103740783076171593921246107044192276888754071585721137114706938657, 5549181253201610396367445609057091809502957341352229202385683377362113831222701726981118853346153527982154776435103089005449008635735181122408582799474146792884703414493119191858612801373421822722489778793828118254109906569060614645330097718057307290752966527777, 133180350076838649512818694617370203428070976192453500857256401056690731949344841447546852480307684671571714634442474136130776207257644346937805987187379523029232881947834860604606707232962123745339754691051874838098637757657454751487922345233375374978071196666657, 3196328401844127588307648670816884882273703428618884020574153625360577566784276194741124459527384432117721151226619379267138628974183464326507343692497108552701589166748036654510560973591090969888154112585244996114367306183778914035710136285601008999473708719999777, 76711881644259062119383568099605237174568882286853216493779687008653861602822628673786987028657226370825307629438865102411327095380403143836176248619930605264838140001952879708253463366186183277315698702045879906744815348410693936857043270854424215987369009279994657, 1841085159462217490865205634390525692189653174884477195850712488207692678467743088170887688687773432899807383106532762457871850289129675452068229966878334526356115360046869112998083120788468398655576768849101117761875568361856654484569038500506181183696856222719871777, 44186043827093219780764935225372616612551676197227452700417099716984624283225834116101304528506562389595377194556786298988924406939112210849637519205080028632546768641124858711953994898923241567733842452378426826285013640684559707629656924012148348408724549345276922657, 1060465051850237274738358445408942798701240228733458864810010393207630982797420018786431308684157497350289052669362871175734185766538693060391300460921920687181122447386996609086895877574157797625612218857082243830840327376429432983111766176291560361809389184286646143777, 25451161244405694593720602689814627168829765489603012755440249436983143587138080450874351408419779936406937264064708908217620458396928633449391211062126096492346938737287918618085501061779787143014693252569973851940167857034306391594682388230997448683425340422879507450657]
len(predicted_full) = 200, len(input_sequence + seq_pred) = 200
is_manual_check: False
