test results being evaluated: data/test_linrec15.tsv
csv file used: ../linear_database_newbl.csv
The sequence ID inspected: A016949
csv results file used: ../linear_database_newbl.csv
Results we are looking at now:
('Could you give me a recursive equation in a form of a Python code for the following number sequence: 243,59049,759375,4084101,14348907,39135393,90224199,184528125,345025251,601692057,992436543,1564031349,2373046875,3486784401,4984209207', 'Certainly, the Python code is the following: lambda a_n: ( n - -4 * n + 9 // 6 * 9 * a_n[-1] ) * 9')

Experiment type: Evaluation of the results of llms.
Ground truth: 
[243, 59049, 759375, 4084101, 14348907, 39135393, 90224199, 184528125, 345025251, 601692057, 992436543, 1564031349, 2373046875, 3486784401, 4984209207, 6956883693, 9509900499, 12762815625, 16850581551, 21924480357, 28153056843, 35723051649, 44840334375, 55730836701, 68641485507, 83841135993, 101621504799, 122298103125, 146211169851, 173726604657, 205236901143, 241162079949, 281950621875, 328080401001, 380059617807, 438427732293, 503756397099, 576650390625, 657748550151, 747724704957, 847288609443, 957186876249, 1078203909375, 1211162837301, 1356926446107, 1516398112593, 1690522737399, 1880287678125, 2086723682451, 2310905821257, 2553954421743, 2817036000549, 3101364196875, 3408200705601, 3738856210407, 4094691316893, 4477117485699, 4887597965625, 5327648726751, 5798839393557, 6302794178043, 6841192812849, 7415771484375, 8028323765901, 8680701550707, 9374815985193, 10112638401999, 10896201253125, 11727599043051, 12608989261857, 13542593318343, 14530697473149, 15575653771875, 16679880978201, 17845865507007, 19076162357493, 20373396046299, 21740261540625, 23179525191351, 24694025666157, 26286674882643, 27960458941449, 29718439059375, 31563752502501, 33499613519307, 35529314273793, 37656225778599, 39883798828125, 42215564931651, 44655137246457, 47206211510943, 49872566977749, 52658067346875, 55566661698801, 58602385427607, 61769361174093, 65071799758899, 68514001115625, 72100355223951, 75835343042757, 79723537443243, 83769604142049, 87978302634375, 92354487127101, 96903107471907, 101629210098393, 106537938947199, 111634536403125, 116924344228251, 122412804495057, 128105460519543, 134007957794349, 140126044921875, 146465574547401, 153032504292207, 159832897686693, 166872925103499, 174158864690625, 181697103304551, 189494137443357, 197556574179843, 205891132094649, 214504642209375, 223404048919701, 232596410928507, 242088902178993, 251888812787799, 262003549978125, 272440639012851, 283207724127657, 294312569464143, 305763060002949, 317567202496875, 329733126404001, 342269084820807, 355183455415293, 368484741360099, 382181572265625, 396282705113151, 410797025187957, 425733547012443, 441101415279249, 456909905784375, 473168426360301, 489886517809107, 507073854835593, 524740246980399, 542895639553125, 561550114565451, 580713891664257, 600397329064743, 620610924483549, 641365316071875, 662671283348601, 684539748133407, 706981775479893, 730008574608699, 753631499840625, 777862051529751, 802711876996557, 828192771461043, 854316678975849, 881095693359375, 908542059128901, 936668172433707, 965486581988193, 995009990004999, 1025251253128125, 1056223383366051, 1087939549024857, 1120413075641343, 1153657446916149, 1187686305646875, 1222513454661201, 1258152857750007, 1294618640600493, 1331925091729299, 1370086663415625, 1409117972634351, 1449033801989157, 1489849100645643, 1531578985264449, 1574238740934375, 1617843822105501, 1662409853522307, 1707952631156793, 1754488123141599, 1802032470703125, 1850601989094651, 1900213168529457, 1950882675113943, 2002627351780749, 2055464219221875, 2109410476821801, 2164483503590607, 2220700859097093, 2278080284401899, 2336639702990625, 2396397221706951, 2457371131685757]
Predicted:    
[243, 59049, 759375, 4084101, 14348907, 39135393, 90224199, 184528125, 345025251, 601692057, 992436543, 1564031349, 2373046875, 3486784401, 4984209207, 403720946442, 32701396662522, 2648813129665047, 214553863502869617, 17378862943732439832, 1407687898442327627292, 114022719773828537811597, 9235840301680111562740347, 748103064436089036581969142, 60596348219323211963139501582, 4908304205765180169014299629267, 397572640666979593690158269971797, 32203383894025347088902819867716772, 2608474095416053114201128409285059792, 211286401728700302250291401152089844457, 17114198540024724482273603493319277402367, 1386250081742002683064161882958861469593122, 112286256621102217328197112519667779037044322, 9095186786309279603583966114093090102000591567, 736710129691051647890301255241540298262047918457, 59673520504975183479114401674564764159225881396592, 4833555160902989861808266535639745896897296393125572, 391517968033142178806469589386819417648681007843172997, 31712955410684516483324036740332372829543161635297014467, 2568749388265445835149246975966922199192996092459058173582, 208068700449501112647089005053320698134632683489183712061942, 16853564736409590124414209409318976548905247362623880677019147, 1365138743649176800077550962154837100461325036372534334838552797, 110576238235583320806281627934541805137367327946175281121922778492, 8956675297082248985308811862697886216126753563640197770875745059832, 725490699063662167810013760878528783506267038654856019440935349848417, 58764746624156635592611114631160831464007630131043337574715763337723847, 4759944476556687483001500285124027348584618040614510343551976830355633722, 385555502601091686123121523095046215235354061289775337827710123258806333642, 31229995710688426575972843370698743434063678964471802364044519983963313027207, 2529629652565762552653800313026598218159157996122215991487606118701028355206017, 204900001857826766764957825355154455670891797685899495310496095614783296771689672, 16596900150483968107961583853767510909342235612557859120150183744797447038506865772, 1344348912189201416744888292155168383656721084617186588732164883328593210119056129917, 108892261887325314756335951664568639076194407853992113687305355549616050019643546525707, 8820273212873350495263212084830059765171747036173361208671733799518900051591127268584742, 714442130242741390116320178871234840978911509930042257902410437761030904178881308755366622, 57869812549662052599421934488570022119291832304333422890095245458643503238489386009184698947, 4687454816522626260553176693574171791662638416651007254097714882150123762317640266743960617317, 379683840138332727104807312179507915124673711748731587581914905454160024747728861606260810005332, 30754391051204950895489392286540141125098570651647258594135107341786962004566037790107125610434592, 2491105675147601022534640775209751431132984222783427946124943694684743922369849060998677174445204697, 201779559686955682825305902791989865921771722045457663636120439269464257711957773940892851130061583247, 16344144334643410308849778126151179139663509485682070754525755580826604874668579689212320941534988245842, 1323875691106116235016832028218245510312744268340247731116586202046954994848154954826197996264334047916082, 107233930979595415036363394285677886335332285735560066220443482365803354582700551340922037697411057881205567, 8685948409347228617945434937139908793161915144580365363855922071630071721198744658614685053490295688377653897, 703561821157125518053580229908332612246115126711009594472329687802035809417098317347789489332713950758589968672, 56988507513727166962339998622574941591935325263591777152258704711964900562784963705170948635949830011445787465492, 4616069108611900523949539888428570268946761346350933949332955081669156945585582060118846839511936230927108784707957, 373901597797563942439912730962714191784687669054425649895969361615201712592432146869626594000466834705095811561347667, 30286029421602679337632931207979849534559701193408477641573518290831338719987003896439754114037813611112760736469164222, 2453168383149817026348267427846367812299335796666086688967454981557338436318947315611620083237062902500133619654002305222, 198706639035135179134209661655555792796246199529953021806363853506144413341834732564541226742202095102510823191974186726267, 16095237761845949509870982594100019216495942161926194766315472133997697480688613337727839366118369703303376678549909124830957, 1303714258709521910299549590122101556536171315116021776071553242853813495935777680355954988655587945967573510962542639111310892, 105600854955471274734263516799890226079429876524397763861795812671158893170797992108832354081102623623373454387965953768016185672, 8553669251393173253475344860791108312433819998476218872805460826363870346834637360815420680569312513493249805425242255209311042897, 692847209362847033531502933724079773307139419876573728697242326935473498093605626226049075126114313592953234239444622671954194478167, 56120623958390609716051737631650461637878293010002472024476628481773353345582055724309975085215259401029211973395014436428289752735082, 4545770540629639387000190748163687392668141733810200233982606907023641620992146513669107981902436011483366169844996169350691469971545242, 368207413791000790347015450601258678806119480438626218952591159468914971300363867607197746534097316930152659757444689717406009067695168247, 29824800517071064018108251498701952983295677915528723735159883916982112675329473276183017469261882671342365440353019867109886734483308631697, 2415808841882756185466768371394858191646949911157826622547950597275551126701687335370824415010212496378731600668594609235900825493147999171192, 195680516192503251022808238082983513523402942803783956426383998379319641262836674165036777615827212206677259654156163348107966864944987932870332, 15850121811592763332847467284721664595395638367106500470537103868724890942289770607367978986882004188740858031986649231196745316060544022562500717, 1283859866739013829960644850062454832227046707735626538113505413366716166325471419196806297937442339288009500590918587726936370600904065827562561947, 103992649205860120226812232855058841410390783326585749587193938482704009472363184954941310132932829482328769547864405605881846018673229332032567521622, 8423404585674669738371790861259766154241653449453445716562709017099024767261417981350246120767559188068630333377016854076429527512531575894637969255342, 682295771439648248808115059762041058493573929405729103041579430385021006148174856489369935782172294233559057003538365180190791728515057647465675509686707, 55265957486611508153457319840725325737979488281864057346367933861186701498002163375638964798355955832918283617286607579595454130009719669444719716284627317, 4476542556415532160430042907098751384776338550830988645055802642756122821338175233426756148666832422466380973000215213947231784530787293225022297019054816772, 362599947069658104994833475474998862166883422617310080249520014063245948528392193907567248042013426219776858813017432329725774546993770751226806058543440162672, 29370595712642306504581511513474907835517557232002116500211121139122921830799767706512947091403087523801925563854412018707787738306495430849371290742018653180617, 2379018252724026826871102432591467534676922135792171436517100812268956668294781184227548714403650089427955970672207373515330806802826129898799074550103510907634207, 192700478470646172976559297039908870308830692999165886357885165793785490131877275922431445866695657243664433624448797254741795351028916521802725038558384383518375042, 15608738756122340011101303060232618495015286132932436794988698429296624700682059349716947115202348236736819123580352577634085423433342238266020728123229135064988382722, 1264307839245909540899205547878842098096238176767527380394084572773026600755246807327072716331390207175682349010008558788360919298100721299547678977981559940264059004847, 102408934978918672812835649378186209945795292318169717811920850394615154661174991393492890022842606781230270269810693261857234463146158425263361997216506355161388779397017, 8295123733292412497839687599633083005609418677771747142765588881963827527555174302872924091850251149279651891854666154210435991514838832446332321774537014768072491131162832, 671905022396685412325014695570279723454362912899511518564012699439070029731969118532706851439870343091651803240227958491045315312701945428152918063737498196213871781624193892, 54424306814131518398326190341192657599803395944860433003685028654564672408289498601149254966629497790423796062458464637774670540328857579680386363162737353893323614311559709797, 4408368851944652990264421417636605265584075071533695073298487321019738465071449386693089652296989321024327481059135635659748313766637463954111295416181725665359212759236336498147, 357077877007516892211418134828565026512310080794229300937177473002598815670787400322140261836056135002970525965789986488439613415097634580283014928710719778894096233498143256354542, 28923308037608868269124868921113767147497116544332573375911375313210504069333779426093361208720546935240612603228988905563608686622908401002924209225568302090421794913349603764722582, 2342787951046318329799114382610215138947266440090938443448821400370050829616036133513562257906364301754489620861548101350652303616455580481236860947271032469324165387981317904942533867, 189765824034751784713728264991427426254728581647366013919354533429974117198898926814598542890415508442113659289785396209402836592932902018980185736728953630015257396426486750300345247997, 15371031746814894561811989464305621526633015113436647127467717207827903493110813071982481974123656183811206402472617092961629764027565063537395044675045244031235849110545426774327965092572, 1245053571492006459506771146608755343657274224188368417324885093834060182941975858830581039904016150888707718600281984529892010886232770146528998618678664766530103777954179568720565172503192, 100849339290852523220048462875309182836239212159257841803315692600558874818300044565277064232225308221985325206622840746921252881784854381868848888112971846088938406014288545066365778972763457, 8168796482559054380823925492900043809735376184899885186068571100645268860282303609787442202810249965980811341736450100500621483424573204931376759937150719533204010887157372150375628096793844967, 661672515087283404846737964924903548588565470976890700071554259152266777682866592392782818427630247244445718680652458140550340157390429599441517554909208282189524881859747144180425875840301447322, 53595473722069955792585775158917187435673803149128146705795894991333608992312193983815408292638050026800103213132849109384577552748624797554762921947645870857351515430639518678614495943064417238122, 4341233371487666419199447787872292182289578055079379883169467494298022328377287712689048071703682052170808360263760777860150781772638608601935796677759315539445472749881801012967774171388217796292967, 351639903090500979955155270817655666765455822461429770536726867038139808598560304727812893807998246225835477181364623006672213323583727296756799530898504558695083292740425882050389707882445641499735457, 28482832150330579376367576936230109008001921619375811413474876230089324496483384682952844398447857944292673651690534463540449279210281911037300762002778869254301746711974496446081566338478096961478577192, 2307109404176776929485773731834638829648155651169440724491464974637235284215154159319180396274276493487706565786933291546776391616032834794021361722225088409598441483669934212132606873416725853879764757772, 186875861738318931288347672278605745201500607744724698683808662945616058021427486904853612098216395972504231828741596615288887720898659618315730299500232161177473760177264671182741156746754794164260945384797, 15136944800803833434356161454567065361321549227322700593388501698594900699735626439293142579955528073772842778128069325838399905392791429083574154259518805055375374574358438365802033696487138327305136576173867, 1226092528865110508182849077819932294267045487413138748064468637586186956678585741582744548976397773975600265028373615392910392336816105755769506495021023209485405340523033507629964729415458204511716062670088582, 99313494838073951162810775303414515835630684480464238593221959644481143490965445068202308467088219692023621467298262846825741779282104566217330026096702879968317832582365714118027143082652114565449001076277180542, 8044393081883990044187672799576575782686085442917603326050978731202972622768201050524386985834145795053913338851159290592885084121850469863603732113832933277433744439171622843560198589694821279801369087178451629347, 651595839632603193579201496765702638397572920876325869410129277227440782444224285092475345852565809399366980446943902538023691813869888058951902301220467595472133299572901450328376085765280523663910896061454581982597, 52779263010240858679915321238021913710203406590982395422220471455422703377982167092490503014057830561348725416202456105579919036923460932775104086398857875233242797265405017476598462946987722416776782580977821140595892, 4275120303829509553073141020279775010526475933869574029199858187889238973616555534491730744138684275469246758712398944551973441990800335554783430998307487893892666578497806415604475498706005515758919389059203512388272832, 346284744610190273798924422642661775852644550643435496365188513219028356862940998293830190275233426313008987455704314508709848801254827179937457910862906519405305992858322319663962515395186446776472470513795484503450105017, 28049064313425412177712878234055603844064208602118275205580269570741296905898220861800245412293907531353727983912049475205497752901641001574934090779895428071829785421524107892780963747010102188894270111617434244779458512047, 2271974209387458386394743136958503911369200896771580291652001835230045049377755889805819878395806510039651966696876007491645317985032921127569661353171529673818212619143452739315258063507818277300435879041012173827136139481522, 184029910960384129297974194093638816820905272638498003623812148653633648999598227074271410150060327313211809302446956606823270756787666611333142569606893903579275222150619671884535903144133280461335306202321986079998027298009042, 14906422787791114473135909721584744162493327083718338293528784040944325568967456393015984222154886512370156553498203485152684931299800995517984548138158406189921292994200193422647408154674795717368159802388080872479840211138738207, 1207420245811080272324008687448364277161959493781185401775831507316490371086363967834294721994545807501982680833354482297367479435283880636956748399190830901383624732530215667234440060528658453106820943993434550670867057102237800617, 97801039910697502058244703683317506450118718996276017543842352092635720057995481394577872481558210407660597147501713066086765834257994331593496620334457303012073603334947469045989644902821334701652496463468198604340231625281261855872, 7921884232766497666717820998348718022459616238698357421051230519503493324697633992960807671006215043020508368947638758353028032574897540859073226247091041543977961870130744992725161237128528110833852213540924086951558761647782210331572, 641672622854086311004143500866246159819228915334566951105149672079782959300508353429825421351503418484661177884758739426595270638566700809584931326014374365062214911480590344410738060207410776977542029296814851043076259693470359036863317, 51975482451180991191335623570165938945357542142099923039517123438462419703341176627815859129471776897257555408665457893554216921723902765576379437407164323570039407829927817897269782876800272935180904373042002934489177035171099081985934707, 4210014078545660286498185509183441054573960913510093766200886998515455995970635306853084589487213928677861988101902089377891570659636124011686734429980310209173192034224153249678852413020822107749653254216402237693623339848859025640860717342, 341011140362198483206353026243858725420490833994317595062271846879751935673621459855099851748464328222906821036254069239609217223430526044946625488828405126943028554772156413223987045454686590727721913591528581253183490527757581076909718110822, 27621902369338077139714595125752556759059757553539725200044019597259906789563338248263087991625610586055452503936579608408346595097872609640676664595100815282385312936544669471142950681829613848945475000913815081507862732748364067229687166982747, 2237374091916384248316882205185957097483840361836717741203565587378052449954630398109310127321674457470491652818862948281076074202927681380894809832203166037873210347860118227162579005228198721764583475074019021602136881352617489445604660525608717, 181227301445227124113667458620062524896191069308774137037488812577622248446325062246854120313055631055109823878327898810767162010437142191852479596408456449067730038176669576400168899423484096462931261480995540749773087389562016645093977502574312332, 14679411417063397053207064148225064516591476614010705100036593818787402124152330041995183745357506115463895734144559803672140122845408517540050847309084972374486133092310235688413680853302211813497432179960638800731620078554523348252612177708519305192, 1189032324782135161309772196006230225843909605734867113102964099321779572056338733401609883373957995352575554465709344097443349950478089920744118632035882762333376780477129090761508149117479156893292006576811742859261226362916391208461586394390063726897, 96311618307352948066091547876504648293356678064524236161340092045064145336563437405530400553290597623558619911722456871892911345988725283580273609194906503749003519218647456351682160078515811708356652532721751171600159335396227687885388497945595161885047, 7801241082895588793353415377996876511761890923226463129068547455650195772261638429847962444816538407508248212849519006623325819025086747970002162344787426803669285056710443964486254966359780748376888855150461844899612906167094442718716468333593208112695242, 631900527714542692261626645617746997452713164781343513454552343907665857553192712817684958030139611008168105240811039536489391341032026585570175149927781571097212089593545961123386652275142240618527997267187409436868645399534649860216033935021049857128321082, 51183942744877958073191758295037506793669766347288824589818739856520934461808609738232481600441308491661616524505694202455640698623594153431184187144150307258874179257077222850994318834286521490100767778642180164386360277362306638677498748736705038427394014167, 4145899362335114603928532421898038050287251074130394791775317928378195691406497388796831009635745987824590938484961230398906896588511126427925919158676174887968808519823255050930539825577208240698162190070016593315295182466346837732877398647673108112618915154097, 335817848349144282918211126173741082073267337004561978133800752198633851003926288492543311780495425013791866017281859662311458623669401240661999451852770165925473490105683659125373725871753867496551137395671344058538909779774093856363069290461521757122132127488472, 27201245716280686916375101220073027647934654297369520228837860928089341931318029367896008254220129426117141147399830632647228148517221500493621955600074383439963352698560376389155271795612063267220642129049378868741651692161701602365408612527383262326892702326572892, 2203300903018735640226383198825915239482706998086931138535866735175236696436760378799576668591830483515488432939386281244425480029894941539983378403606025058637031568583390487521577015444577124644872012452999688368073787065097829791598097614718044248478308888452410957, 178467373144517586858337039104899134398099266845041422221405205549194172411377590682765710155938269164754563068090288780798463882421490264738653650692088029749599557055254629489247738251010747096234633008692974757813976752272924213119445906792161584126743019964645294267, 14455857224705924535525300167496829886246040614448355199933821649484727965321584845304022522630999802345119608515313391244675574476140711443830945706059130409717564121475624988629066798331870514795005273704130955382932116934106861262675118450165088314266184617136268842422, 1170924435201179887377549313567243220785929289770316771194639553608262965191048372469625824333110983989954688289740384690818721532567397626950306602190789563187122693839525624078954410664881511698395427170034607386017501471662655762276684594463372153455560953988037776243022, 94844879251295570877581494398946700883660272471395658466765803842269300180474918170039691770981989703186329751468971159956316444137959207782974834777453954618156938201001575550395307263855402447570029600772803198267417619204675116744411452151533144429900437273031059875691667, 7682435219354941241084101046314682771576482070183048335808030111223813314618468371773215033449541165958092709868986663956461631975174695830420961616973770324070711994281127619582019888372287598253172397662597059059660827155578684456297327624274184698821935419115515849931031957, 622277252767750240527812184751489304497695047684826915200450439009128878484095938113630417709412834442605509499387919780473392189989150362264097890974875396249727671536771337186143610958155295458506964210670361783832526999601873440960083537566208960604576768948356783844413595492, 50404457474187769482752786964870633664313298862470980131236485559739439157211770987204063834462439589851046269450421502218344767389121179343391929168964907096227941394478478312077632487610578932139064101064299304490434686967751748717766766542862925808970718284816899491397501241872, 4082761055409209328102975744154521326809377207860149390630155330338894571734153449963529170591457606777934747825484141679685926158518815526814746262686157474794463252952756743278288231496456893503264192186208243663725209644387891646139108089971896990526628181070168858803197600598697, 330703645488145955576341035276516227471559553836672100641042581757450460310466429447045862817908066149012714573864215476054560018840024057671994447277578755458351523489173296205541346751213008373764399567082867736761741981195419223337267755287723656232656882666683677563059005648501567, 26786995284539822401683623857397814425196323860770440151924449122353487285147780785210714888250553358070029880483001453560419361526041948671431550229483879192126473402623036992648849086848253678274916364933712286677701100476828957090318688178305616154845207496001377882607779457528634082, 2169746618047725614536373532449222968440902232722405652305880378910632470096970243602067905948294822003672420319123117738393968283609397842385955568588194214562244345612465996404556776034708547940268225559630695220893789138623145524315813742442754908542461807176111608491230136059819367842, 175749476061865774777446256128387060443713080850514857836776310691761230077854589731767500381811880582297466045848972536809911430972361225233262401055643731379541791994609745708769098858811392383161726270330086312892396920228474787469580913137863147591939406381265040287789641020845368802447, 14235707561011127756973146746399351895940759548891703484778881166032659636306221768273167530926762327166094749713766775481602825908761259243894254485507142241742885151563389402410297007563722783036099827896736991344284150538506457785036053964166914954947091916882468263310960922688474873005497, 1153092312441901348314824886458347503571201523460227982267089374448645430540803963230126570005067748500453674726815108814009828898609661998755434613326078521581173697276634541595234057612661545425924086059635696298887016193619023080587920371097520111350714445267479929328187834737766464713452592, 93400477307794009213500815803126147789267323400278466563634239330340279873805121021640252170410487628536747652872023813934796140787382621899190203679412360248075069479407397869213958666625585179499850970830491400209848311683140869527621550058899129019407870066665874275583214613759083641789667332, 7565438661931314746293566080053217970930653195422555791654373385757562669778214802752860425803249497911476559882633928928718487403777992373834406498032401180094080627831999227406330651996672399539487928637269803416997713246334410431737345554770829450572037475399935816322240383714485774984963061317, 612800531616436494449778852484310655645382908829227019124004244246362576252035399022981694490063209330829601350493348243226197479706017382280586926340624495587620530854391937419912782811730464362698522219618854076776814772953087244970724989936437185496335035507394801122101471080873347773782007974147, 49636843060931356050432087051229163107276015615167388549044343783955368676414867320861517253695119955797197709389961207701321995856187407964727541033590584142597262999205746931012935407750167613378580299789127180218921996609200066842628724184851412025203137876098978890890219157550741169676342645913422, 4020584287935439840084999051149562211689357264828558472472591846500384862789604252989782897549304716419573014460586857823807081664351180045142930823720837315550378302935665501412047768027763576683665004282919301597732681725345205414252926658972964374041454167964017290162107751761610034743783754318994742, 325667327322770627046884923143114539146837938451113236270279939566531173885957944492172414701493682029985414171307535483728373614812445583656577396721387822559580642537788905614375869210248849711376865346916463429416347219752961638554487059376810114297357787605085400503130727892690412814246484099838581707, 26379053513144420790797678774592277670893873014540172137892675104889025084762593503865965590820988244428818547875910374181998262799808092276182769134432413627326032045560901354764445406030156826621526093100233537782724124799989892722913451809521619258085980796011917440753588959307923437953965212086925125917, 2136703334564698084054611980741974491342403714177753943169306683496011031865770073813143212856500047798734302377948740308741859286784455474370804299889025503813408595690433009735920077888442702956343613541118916560400654108799181310555989596571251159904964444476965312701040705703941798474271182179040935206972, 173072970099740544808423570440099933798734700848398069396713841363176893581127375978864600241376503871697478492613847965008090602229540893424035148291011065808886096250925073788609526308963858939463832696830632241392452982812733686155035157322271343952302120002634190328784297162019285676415965756502315751772472, 14018910578078984129482309205648094637697510768720243621133821150417328380071317454288032619551496813607495757901721685165655338780592812367346847011571896330519773796324930976877371631026072574096570448443281211552788691607831428578557847743103978860136471720213369416631528070123562139789693226276687575893578017, 1135531756824397714488067045657495665653498372266339733311839513183803598785776713797330642183671241902207156390039456498418082441228017801755094607937323602772101677502319409127067102113111878501822206323905778135775884020234345714863185667191422287671054209337282922747153773680008533322965151328411693647379827207, 91978072302776214873533430698257148917933368153573518398259000567888091501647913817583782016877370594078779667593195976371864677739469441942162663242923211824540235877687872139292435271162062158647598712236368028997846605638982002903918039042505205301355390956319916742519455668080691199160177257601347185437766011642, 7450223856524873404756207886558829062352602820439454990258979045998935411633481019224286343367067018120381153075048874086121038896897024797315175722676780157787759106092717643282687256964127034850455495691145810348825575056757542235217361162442921629409786667461913256144075909114535987131974357865709122020459046950922, 603468132378514745785252838811265154050560828455595854210977302725913768342311962557167193812732428467750873399078958800975804150648659008582529233536819192780808487593510129105897667814094289822886895150982810638254871579597360921052606254157876651982192720064414973747670148638277414957689922987122438883657182803032647, 48880918722659694408605479943712477478095427104903264191089161520799015235727268967130542698831326705887820745325395662879040136202541379695184867916482354615245487495074320457577711092941637475653838507229607661698644597947386234605261106586788008810557610325217612873561282039700470611572883761956917549576231807045652417, 3959354416535435247097043875440710675725729595497164399478222083184720234093908786337573958605337463176913480371357048693202251032405851755309974301235070723834884487101019957063794598528272635527960919085598220597590212433738285003026149633529828713655166436342626642758463845215738119537403584718510321515674776370697853832, 320707707739370255014860553910697564733784097235270316357735988737962338961606611693343490647032334517329991910079920944149382333624873992180107918400040728630625643455182616522167362480790083477764834445933455868404807207132801085245118120315916125806068481343752758063435571462474787682529690362199336042769656886026526168492, 25977324326888990656203704866766502743436511876056895624976615087774949455890135547160822742409619095903729344716473596476099969023614793366588741390403299019080677119869791938295556360943996761698951590120609925340789383777756887904854567745589206190291546988843973403138281288460457802284904919338146219464342207768148619655997, 2104163270478008243152500094208086722218357461960608545623105822109770905927100979320026642135179146768202076922034361314564097490912798262693688052622667220545534846709453147001940065236463737697615078799769403952603940085998307920293219987392725701413615306096361845654200784365297081985077298466389843776611718829220038192143947, 170437224908718667695352507630855024499686954418809292195471571590891443380095179324922158012949510888224368230684783266479691896763936659278188732262436044864188322583465704907157145284153562753506821382781321720160919146965862941543750818978810781814502839793805309497990263533589063640791261175777577345905549225166823093563667942, 13805415217606212083323553118099256984474643307923552667833197298862206913787709525318694799048910381946173826685467444584855043637878869401533287313257319633999254129260722097479728768016438583034052532005287059333034450904234898265043816337283673326974730023298230069337211346220714154904092155237983765018349487238512670578657111582, 1118238632626103178749207802566039815742446107941807766094488981207838760016804471550814278722961740937640079961522863011373258534668188421524196272373842890353939584470118489895858030209331525225758255092428251805975790523243026759468549123319977539484953131887156635616314119043877846547231464574276684966486308466319526316871226046467, 90577329242714357478685832007849225075138134743286429053653607477834939561361162195615956576559901015948846476883351903921233941308123262143459898062281274118669106342079597681564500446955853543286418662486688396284039032382685167516952478988918180698281203682859687484921443642554105570325748630516411482285390985771881631666569309772197, 7336763668659862955773552392635787231086188914206200753345942205704630104470254137844892482701351982291856564627551504217619949245957984233620251743044783203612197613708447412206724536203424137006199911661421760099007161622997498568873150798102372636560777498311634686278636935046882551196385639071829330065116669847522412164992114091556372, 594277857161448899417657743803498765717981302050702261021021318662075038462090585165436291098809510565640381734831671841627215888922596722923240391186627439492588006710384240388744687432477355097502192844575162568019580091462797384078725214646292183561422977363242409588569591738797486646907236764818175735274450257649315385364361241416074592, 48136506430077360852830277248083400023156485466106883142702726811628078115429337398400339579003570355816870920521365419171804487002730334556782471686116822598899628543541123471488319682030665762897677620410588168009585987408486588110376742386349666868475261166422635176674136930842596418399486177950272234557230470869594546214513260554702050457, 3899057020836266229079252457094755401875675322754657534558920871741874327349776329270427505899289198821166544562230598952916163447221157099099380206575462630510869912026831001190553894244483926794711887253257641608776464980087413636940516133294323016346496154480233449310605091398250309890358380413972050999135668140437158243375574104930866095567, 315823618687737564555419449024675187551929701143127260299272590611091820515331882670904627977842425104514490109540678515186209239224913725027049796732612473071380462874173311096434865433803198070371662867513868970310893663387080504592181806796840164324066188512898909394159012403258275101119028813531736130929989119375409817713421502499400153749522, 25581713113706742728988975370998690191706305792593308084241079839498437461741882496343274866205236433465673698872794959730082948377218011727191033535341610318781817492808038198811224100138059043700104692268623386595182386734353520871966726350544053310249361269544811660926880004663920283190641333896070626605329118669408195234787141702451412453719922, 2072118762210246161048107005050893905528210769200057954823527466999373434401092482203805264162624151110719569608696391738136718818554658949902473716362670435821327216917451094103709152111182782539708480073758494314209773325482635190629304834394068318130198262833129744535077280377777542938441948045581720755031658612222063814017758477898564408751322367, 167841619739029939044896667409122406347785072305204694340705724826949248186488491058508226397172556239968285138304407730789074224302927374942100371025376305301527504570313538622400441321005805385716386885974438039450991639364093450440973691585919533768546059289483509307341259710599980978013797791692119381157564347589987168935438436709783717108857120457, 13595171198861425062636630060138914914170590856721580241597163710982889103105567775739166338170977055437431096202657026193915012168537117370310130053055480729423727870195396628414435747001470236243027337763929481195530322788491569485718869018459482235252230802448164253894642036558598459219117621127061669873762712154788960683770513373492481085817426765792, 1101208867107775430073567034871252108047817859394447999569370260589614017351550989834872473391849141490431918792415219121707115985651506506995120534297493939083321957485827126901569295507119089135685214358878287976837956145867817128343228390495218061055430694998301304565466004961246475196748527311291995259774779684537905815385411583252890967951211568037972, 89197918235729809835958929824571420751873246610950287965118991107758735405475630176624670344739780460724985422185632748858276394837772027066604763278097009065749078556351997279027112936076646219990502363069141326123874447815293187395801499630112662945489886294862405669802746401860964490936630712214651616041757154447570371046218338243484168404048137011084597, 7225031377094114596712673315790285080901732975486973325174638279728457567843526044306598297923922217318723819197036252657520387981859534192394985825525857734325675363064511779601196147822208343819230691408600447416033830273038748179059921470039125698584680789883854859254022458550738123765867087689386780899382329510253200054743685397722217640727899097897861267, 585227541544623282333726538579013091553040371014444839339145700658005062995325609588834462131837699602816629354959936465259151426530622269583993851867594476480379704408225454147696887973598875849357686004096636240698740252116138602503853639073169181585359143980592243599575819142609788025035234102840329252849968690330509204434238517215499628898959826929726771582]
len(predicted_full) = 200, len(input_sequence + seq_pred) = 200
is_manual_check: False
