test results being evaluated: data/test_linrec15.tsv
csv file used: ../linear_database_newbl.csv
The sequence ID inspected: A016985
csv results file used: ../linear_database_newbl.csv
Results we are looking at now:
('Could you give me a recursive equation in a form of a Python code for the following number sequence: 0,16807,537824,4084101,17210368,52521875,130691232,282475249,550731776,992436543,1680700000,2706784157,4182119424,6240321451,9039207968', 'Certainly, the Python code is the following: lambda a_n: ( ( a_n[-1] + -3 + 7 + 9 * n * relu( n - 8 + -6 // ( -10 ) * 2 * 2 ) - -1 ) ) * abs( n ) + -6 // 7 + n')

Experiment type: Evaluation of the results of llms.
Ground truth: 
[0, 16807, 537824, 4084101, 17210368, 52521875, 130691232, 282475249, 550731776, 992436543, 1680700000, 2706784157, 4182119424, 6240321451, 9039207968, 12762815625, 17623416832, 23863536599, 31757969376, 41615795893, 53782400000, 68641485507, 86617093024, 108175616801, 133827821568, 164130859375, 199690286432, 241162079949, 289254654976, 344730881243, 408410100000, 481170140857, 563949338624, 657748550151, 763633171168, 882735153125, 1016255020032, 1165463885299, 1331705468576, 1516398112593, 1721036800000, 1947195170207, 2196527536224, 2470770901501, 2771746976768, 3101364196875, 3461619737632, 3854601532649, 4282490290176, 4747561509943, 5252187500000, 5798839393557, 6390089165824, 7028611650851, 7717186558368, 8458700490625, 9256148959232, 10112638401999, 11031388199776, 12015732693293, 13069123200000, 14195130030907, 15397444507424, 16679880978201, 18046378835968, 19501004534375, 21047953604832, 22691552673349, 24436261477376, 26286674882643, 28247524900000, 30323682702257, 32520160641024, 34842114263551, 37294844329568, 39883798828125, 42614574994432, 45492921326699, 48524739602976, 51716086897993, 55073177600000, 58602385427607, 62310245446624, 66203456086901, 70288881159168, 74573551871875, 79064668848032, 83769604142049, 88695903256576, 93851287159343, 99243654300000, 104881082626957, 110771831604224, 116924344228251, 123347249044768, 130049362165625, 137039689285632, 144327427699399, 151921968318176, 159832897686693, 168070000000000, 176643259120307, 185562860593824, 194839193667601, 204482853306368, 214504642209375, 224915572827232, 235726869378749, 246949969867776, 258596528100043, 270678415700000, 283207724127657, 296196766695424, 309658080584951, 323604428863968, 338048802503125, 353004422392832, 368484741360099, 384503446185376, 401074459619393, 418211942400000, 435930295269007, 454244160989024, 473168426360301, 492718224237568, 512908935546875, 533756191302432, 555275874623449, 577484122750976, 600397329064743, 624032145100000, 648405482564357, 673534515354624, 699436681573651, 726129685547168, 753631499840625, 781960367276032, 811134802948799, 841173596244576, 872095812856093, 903920796800000, 936668172433707, 970357846472224, 1005010010005001, 1040645140512768, 1077284003884375, 1114947656433632, 1153657446916149, 1193435018546176, 1234302311013443, 1276281562500000, 1319395311697057, 1363666399821824, 1409117972634351, 1455773482454368, 1503656690178125, 1552791667295232, 1603202797905499, 1654914780735776, 1707952631156793, 1762341683200000, 1818107591574407, 1875276333683424, 1933874211641701, 1993927854291968, 2055464219221875, 2118510594780832, 2183094602096849, 2249244197093376, 2316987672506143, 2386353659900000, 2457371131685757, 2530069403137024, 2604478134407051, 2680627332545568, 2758547353515625, 2838268904210432, 2919823044470199, 3003241189098976, 3088555109881493, 3175796937600000, 3264999164051107, 3356194644062624, 3449416597510401, 3544698611335168, 3642074641559375, 3741579015304032, 3843246432805549, 3947111969432576, 4053211077702843, 4161579589300000, 4272253717090457, 4385270057140224, 4500665590731751, 4618477686380768, 4738744101853125, 4861502986181632, 4986792881682899, 5114652725974176, 5245121853990193]
Predicted:    
[0, 16807, 537824, 4084101, 17210368, 52521875, 130691232, 282475249, 550731776, 992436543, 1680700000, 2706784157, 4182119424, 6240321451, 9039207968, 135588133784, 2169410159071, 36879972727717, 663839509128173, 12612950673471139, 252259013469466099, 5297439282858839801, 116543664222894536737, 2680504277126574416503, 64332102651037786079159, 1608302566275944652074749, 41815866723174560954053141, 1129028401525713145759559627, 31612795242719968081267810843, 916771062038879074356766673569, 27503131861166372230703000385449, 852597087696157539151793012148031, 27283106806277041252857376388958367, 900342524607142361344293420835871333, 30611645836642840285705976308419896029, 1071407604282499409999709170794696658899, 38570673754169978759989530148609080047171, 1427114928904289214119612615498535962102857, 54230367298362990136545279388944366560298673, 2114984324636156615325265896168830295852072839, 84599372985446264613010635846753211834083374599, 3468574292403296849133436069716881685197418858061, 145680120280938467663604314928109030778291592578597, 6264245172080354109534985541908688323466538481462363, 275626787571535580819539363843982286232527693184971499, 12403205440719101136879271372979202880463746193324392049, 570547450273078652296446483157043332501332324892922758201, 26815730162834696657932984708381036627562619269967370411087, 1287155047816065439580783266002289758123005724958433780561903, 63070597342987206539458380034112198148027280522963255248419509, 3153529867149360326972919001705609907401364026148162762421920749, 160830023224617376675618869086986105277469565333556300883518965091, 8363161207680103587132181192523277474428417397344927645942987255827, 443247544007045490118005603203733706144706122059281165234978325696793, 23935367376380456466372302573001620131814130591201182922688829588834369, 1316445205700925105650476641515089107249777182516065060747885627387170199, 73720931519251805916426691924844990005987522220899643401881595133682886231, 4202093096597352937236321439716164430341288766591279673907250922619925948317, 243721399602646470359706643503537536959794748462294221086620553511955706516533, 14379562576556141751222691966708714680627890159275359044110612657205386686073579, 862773754593368505073361518002522880837673409556521542646636759432323201166099899, 52629199030195478809475052598153895731098077982947814101444842325371715271133869121, 3263010339872119686187453261085541535328080834942764474289580224173046346810301754057, 205569651411943540229809555448389116725669092601394161880243554122901919849049012470623, 13156457690364386574707811548696903470442821926489226360335587463865722870339136800184639, 855169749873685127356007750665298725578783425221799713421813185151271986572043892014169349, 56441203491663218405496511543909715888199706064638781085839670219983951113754896872937451261, 3781560633941435633168266273441950964509380306330798332751257904738924724621578090486811618547, 257146123108017623055442106594052665586637860830494286627085537522246881274267310153103192558563, 17743082494453215990825505354989633925478012397304105777268902089035034807924444400564120289155049, 1242015774611725119357785374849274374783460867811287404408823146232452436554711108039488420243588049, 88183119997432483474402761614298480609625721614601405713026443382504122995384488670803677837297610151, 6349184639815138810156998836229490603893051956251301211337903923540296855667683184297864804285430917287, 463490478706505133141460915044752814084192792806344988427666986418441670463740872453744130712836460079853, 34298295424281379852468107713311708242230266667669529143647356994964683614316824561577065672749898049162309, 2572372156821103488935108078498378118167270000075214685773551774622351271073761842118279925456242353690565499, 195500283918403865159068213965876736980712520005716316118789934871298696601605900000989274334674418880486513291, 15053521861717097617248252475372508747514864040440156341146824985089999638323654300076174123769930253797465205777, 1174174705213933614145363693079055682306159395154332194609452348837019971789245035405941581654054559796202289883993, 92759801711900755517483731753245398902186592217192243374146735558124577771350357797069384950670310223899980904823919, 7420784136952060441398698540259631912174927377375379469931738844649966221708028623765550796053624817911998472390061199, 601083515093116895753294581761030184886169117567405737064470846416647263958350318525009614480343610250871876263599268181, 49288848237635585451770155704404475160665867640527270439286609406165075644584726119050788387388176040571493853615144469517, 4090974403723753592496922923465571438335267014163763446460788580711701278500532267881215436153218611367433989850056995620483, 343641849912795301769741525571108000820162429189756129502706240779782907394044710502022096636870363354864455147404787636947379, 29209557242587600650428029673544180069713806481129271007730030466281547128493800392671878214133980885163478687529406949145534649, 2512021922862533655936810551924799485995387357377117306664782620100213053050466833769781526415522356124059167127528997626521172321, 218545907289040428066502518017457555281598700091809205679836087948718535615390614537970992798150444982793147540095022793507347374007, 19232039841435557669852221585536264864780685608079210099825575739487231134154374079341447366237239158485796983528362005828646574488823, 1711651545887764632616847721112727572965481019119049698884476240814363570939739293061388815595114285105235931534024218518749545135280189, 154048639129898816935516294900145481566893291720714472899602861673292721384576536375524993403560285659471233838062179666687459062181195349, 14018426160820792341131982835913238822587289546585017033863860412269637645996464810172774399723985995011882279263658349668558774658494963211, 1289695206795512895384142420904017971678030638285821567115475157928806663431674762535895244774606711541093169692256568169507407268581543014747, 119941654231982699270725245144073671366056849360581405741739189687379019699145752915838257764038424173321664781379860839764188875978083506988513, 11274515497806373731448173043542925108409343839894652139723483830613627851719700774088796229819611872292236489449706918937833754341939849663759849, 1071078972291605504487576439136577885298887664789991953273730963908294645913371573538435641832863127867762466497722157299094206662484285718064252799, 102823581339994128430807338157111476988693215819839227514278172535196286007683671059689821615954860275305196783781327100713043839598491428934175568351, 9973887389979430457788311801239813267903241934524405068884982735914039742745316092789912696747621446704604088026788728769165252441053668606615037667237, 977440964217984184863254556521501700254517709583391696750728308119575894789040977093411444281266901777051200626625295419378194739223259523448273699169053, 96766655457580434301462201095628668325197253248755777978322102503838013584115056732247732983845423275928068862035904246518441279183102692821379096225763859, 9676665545758043430146220109562866832519725324875577797832210250383801358411505673224773298384542327592806886203590424651844127918310269282137909622584666499, 977343220121562386444768231065849550084492257812433357581053235288763937199562072995702103136838775086873495506562632889836256919749337197495928871881059855241, 99689008452399363417366359568716654108618210296868202473267429999453921594355331445561614519957555058861096541669388554763298205814432394144584744931868114036977, 10267967870597134431988735035577815373187675660577424854746545289943753924218599138892846295555628171062692943791947021140619715198886536596892228727982415754879943, 1067868658542101980926828443700092798811518268700052184893640710154150408118734310444856014737785329790520066154362490198624450380684199806076791787710171238516859719, 112126209146920707997316986588509743875209418213505479413832274566185792852467102596709881547467459628004606946208061470855567289971840979638063137709567980044279895949, 11885378169573595047715600578382032850772198330631580817866221104015694042361512875251247444031550720568488336298054515910690132737015143841634692597214205884693678881381, 1271735464144374670105569261886877515032625221377579147511685658129679262532681877651883476511375927100828251983891833202443844202860620391054912107901920029662223650509467, 137347430127592464371401480283782771623523523908778547931262051078005360353529642786403415463228600126889451214260317985863935173908947002233930507653407363203520154265520683, 14970869883907578616482761350932322106964064106056861724507563567502584278534731063717972285491917413830950182354374660459168933956075223243498425334221402589183696814952554929, 1646795687229833647813103748602555431766047051666254789695831992425284270638820417008976951404110915521404520058981212650508582735168274556784826786764354284810206649644792150649, 182794321282511534907254516094883652926031222734954281656237351159206554040909066287996441605856311622875901726546914604206452683603678475803115773330843325613932938110571940144271, 20472963983641291909612505802626969127715496946314879545498583329831134052581815424255601459855906901762100993373254435671122700563611989289948966613054452468760489068384057307900207, 2313444930151465985786213155696847511431851154933581388641339916270918147941745142940882964963717479899117412251177751230836865163688154789764233227275153128969935264727398475804790773, 263732722037267122379628299749440616303231031662428278305112750454884668865358946295260658005863792708499384996634263640315402628660449646033122587909367456702572620178923426241758546989, 30329263034285719073657254471185670874871568641179252005087966302311736919516278823954975670674336161477429274612940318636271302295951709293809097609577257520795851320576194017802245640099, 3518194511977143412544241518657537821485101962376793232590204091068161482663888343578777177798222994731381795855101076961807471066330398278081855322710961872412318753186838506065060507331411, 411628757901325779267676257682931925113756929598084808213053878654974893471674936198716929802392090383571670115046826004531474114760656598535577072757182539072241294122860105209612079371204697, 48572193432356441953585798406585967163423317692574007369140357681287037429657642471448597716682266665261457073575525468534713945541757478627198094585347539610524472706497492414734225365815939713, 5780091018450416592476710010383730092447374805416306876927702564073157454129259454102383128285189733166113391755487530755630959519469139956636573255656357213652412252073201597353372818532110973399, 693610922214049991097205201246047611093684976649956825231324307688778894495511134492285975394222767979933607010658503690675715142336296794796388790678762865638289470248784191682404738223853331323799, 83926921587900048922761829350771760942335882174644775852990241230342246233956847273566603022700954925571966448289678946571761532222691912170363043672130306742233025900102887193570973325086253105070301, 10239084433723805968576943180794154834964977625306662654064809430101754040542735367375125568769516500919779906691340831481754906931168413284784291327999897422552429159812552237615658745660522878833848437, 1259407385348028134134964011237681044700692247912719506449971559902515746986756450187140444958650529613132928523034922272255853552533714834028467833343987382973948786656943925226726025716244314096579017003, 156166515783155488632735537393472449542885838741177218799796473427911952626357799823205415174872665672028483136856330361759725840514180639419530011334654435488769649545461046728114027188814294947975814161659, 19520814472894436079091942174184056192860729842647152349974559178488994078294724977900676896859083209003560392107041295219965730064272579927441251416831804436096206193182630841014253398601786868496976786661249, 2459622623584698945965584713947191080300451960173541196096794456489613253865135347215485289004244484334448609405487203197715681988098345070857597678520807358948121980341011485967795928223825145430619075136178441, 312372073195256766137629258671293267198157398942039731904292895974180883240872189096366631703539049510474973394496874806109891612488489823998914905172142534586411491503308458717910082884425793469688622542311936927, 39983625368992866065616545109925538201364147064581085683749490684695153054831640204334928858052998337340796594495599975182066126398526697471861107862034244427060670912423482715892490609206501564120143685415945622143, 5157887672600079722464534319180394427975974971330960053203684298325674744073281586359205822688836785516962760689932396798486530305409943973870082914202417531090826547702629270350131288587638701771498535418657003379269, 670525397438010363920389461493451275636876746273024806916478958782337716729526606226696756949548782117205158889691211583803248939703292716603110778846314279041807451201341805145517067516393031230294809604425410457861949, 87838827064379357673571019455642117108430853761766249706058743600486240891567985415697275160390890457353875814549548717478225611101131345875007512028867170554476776107375776474062735844647487091168620058179728769998913331, 11594725172498075212911374568144759458312872696553144961199754155264183797686974074872040321171597540370711607520540430707125780665349337655500991587810466513190934446173602494576281131493468296034257847679724197639876005667, 1542098447942244003317212817563253007955612068641568279839567302650136445092367551957981362715822472869304643800231877284047728828491461908181631881178792046254394281341089131778645390488631283372556293741403318286103528654633, 206641192024260696444506517553475903066052017197970149498502018555118283642377251962369502603920211364486822269231071556062395663017855895696338672077958134198088833699705943658338482325476591971922543361348044650337872860083729, 27896560923275194020008379869719246913917022321725970182297772504940968291720929014919882851529228534205721006346194660068423414507410545919005720730524348116741992549460302393875695113939339916209543353781986027795612836132135399, 3793932285565426386721139662281817580292715035754731944792497060671971687674046346029104067807975080651978056863082473769305584373007834244984778019351311343876910986726601125567094535495750228604497896114350099780203345713991722471, 519768723122463414980796133732609008500101959898398276436572097312060121211344349405987257289692586049320993790242298906394865059102073291562914588651129654111136805181544354202691951362917781318816211767665963669887858362816887770157, 71728083790899951267349866455100043173014070465978962148246949429064296727165520218026241505977576874806297143053437249082491378156086114235682213233855892267336879115053120879971489288082653821996637223937902986444524454068730534563973, 9970203646935093226161631437258906001048955794771075738606325970639937245076007310305647569330883185598075302884427777622466301563695969878759827639505969025159826196992383802316037011043488881257532574127368515115788899115553544327172539, 1395828510570913051662628401216246840146853811267950603404885635889591214310641023442790659706323645983730542403819888867145282218917435783026375869530835663522375667578933732324245181546088443376054560377831592116210445876177496205827441099, 196811819990498740284430604571490804460706387388781035080088874660432361217800384305433483018591634083706006478938604330267484792867358445406718997603847828556654969128629656257718570597998470516023693013274254488385672868541026965021692993361, 27947278438650821120389145849151694233420307009206906981372620201781395292927654571371554588640012039886252920009281814897982840587164899247754097659746391655045005616265411188596037024915782813275364407884944137350765547332825829033080429375897, 3996460816727067420215647856428692275379103902316587698336284688854739526888654603706132306175521721703734167561327299530411546203964580592428835965343734006671435803125953799969233294562956942298377110327547011641159473268594093551730501425599663, 575490357608697708511053291325731687654590961933588628560424995195082491871966262933683052089275127925337720128831131132379262653370899605309752379009497696960686755650137347195569594417065799690966303887166769676326964150677549471449192205311733199, 83446101853261167734102727242231094709915689480370351141261624303286961321435108125384042552944893549173969418680514014194993084738780442769914094956377166059299579569269915343357591190474540955190114063639181603067409801848244673360132869770227238549, 12183130870576130489178998177365739827647690664134071266624197148279896352929525786306070212729954458179399535127355046072468990371861944644407457863631066244657738617113407640130208313809282979457756653291320514047841831069843722310579398986453203303501, 1790920237974691181909312732072763754664210527627708476193756980797144763880640290586992321271303305352371731663721191772652941584663705862727896305953766737964687576715670923099140622129964597980290228033824115565032749167267027179655171651008620912648387, 265056195220254294922578284346769035690303158088900854476676033157977425054334763006874863548152889192151016286230736382352635354530228467683728653281157477218773761353919296618672812075234760501082953749005969103624846876755520022588965404349275895099561203, 39493373087817889943464164367668586317855170555246227317024728940538636333095879688024354668674780489630501426648379720970542667825004041684875569338892464105597290441733975196182248999209979314661360108601889396440102184636572483365755845248042108369862793209, 5924005963172683491519624655150287947678275583286934097553709341080795449964381953203653200301217073444575213997256958145581400173750606252731335400833869615839593566260096279427337349881496897199204016290283409466015327695485872504863376787206316255479447737249, 894524900439075207219463322927693480099419613076327048730610110503200112944621674933751633245483778090130857313585800679982791426236341544162431645525914311991778628505274538193527939832106031477079806459832794829368314482018366748234369894868153754577396637670391, 135967784866739431497358425085009408975111781187601711407052736796486417167582494589930248253313534269699890311665041703357384296787923914712689610119938975422750351532801729805416246854480116784516130581894584814063983801266791745731624224019959370695764288955843127, 20803071084611133019095839038006439573192102521703061845279068729862421826640121672259327982756970743264083217684751380613679797408552358951041510348350663239680803784518664660228685768735457868030967979029871476551789521593819137096938506275053783716451936210274548093, 3203672947030114484940759211852991694271583788342271524172976584398812961302578737527936509344573494462668815523451712614506688800917063278460392593646002138910843782815874357675217608385260511676769068770600207388975586325448147112928529966358282692333598176382311570069, 496569306789667745165817677837213712612095487193052086246811370581816009001899704316830158948408891641713666406135015455248536764142144808161360852015130331531180786336460525439658729299715379309899205659443032145291215880444462802503922144785533817311707717339258325146699, 77464811859188168245867557742605339167486896002116125454502573810763297404296353873425504795951787096107331959357062411018771735206174590073172292914360331718864202668487841968586761770755599172344276082873113014665429677349336197190611854586543275500626403904924298755301531, 12161975461892542414601206565589038249295442672332231696356904088289837692474527558127804252964430574088851117619058798529947162427369410641488049987554572079861679818952591189068121598008629070058051345011078743302472459343845782958926061170087294253598345413073114904615395617, 1921592122979021701506990637363068043388679942228492608024390845949794355410975354184193071968380030706038476583811290167731651663524366881355111898033622388618145411394509407872763212485363393069172112511750441441790648576327633707510317664873792492068538575265552154929266209833, 305533147553664450539611511340727818898800110814330324675878144506017302510345081315286698442972424882260117776825995136669332614500374334135462791787345959790285120411726995851769350785172779497998365889368320189244713123636093759494140508714933006238897633467222792633753361721279, 48885303608586312086337841814516451023808017730292851948140503120962768401655213010445871750875587981161618844292159221867093218320059893461674046685975353566445619265876319336283096125627644719679738542298931230279154099781775001519062481394389280998223621354755646821400537910426399, 7870533880982396245900392532137148614833090854577149163650621002475005712666489294681785351890969664967020633931037634720602008149529642847329521516442031924197744701806087413141578476226050799868437905310127928074943810064865775244569059504496674240714003038115659138245486603614344421, 1275026488719148191835863590206218075602960718441498164511400602400950925451971265738449227006337085724657342696828096824737525320223802141267382485663609171720034641692586160928935713148620229578686940660240724348140897230508255589620187639728461226995668492174736780395768829785560171357, 207829317661221155269245765203613546323282597105964200815358298191355000848671316315367224002032944973119146859582979782432216627196479749026583345163168294990365646595891544231416521243225097421325971327619238068746966248572845661108090585275739180000293964224482095204510319255046344995923, 34084008096440269464156305493392621597018345925378128933718760903382220139182095875720224736333402975591540084971608684318883526860222678840359668606759600378419966041726213253952309483888915977097459297729555043274502464765946688421726855985221225520048210132815063613539692357827600617094339, 5623861335912644461585790406409782563508027077687391274063595549058066322965045819493837081495011490972604114020315432912615781931936742008659345320115334062439294396884825186902131064841671136221080784125376582140292906686381203589584931237561502210807954671914485496234049239041554101859035849, 933560981761498980623241207464023905542332494896106951494556861143639009612197606035976955528171907501452282927372361863494219800701499173437451323139145454364922869882880981025753756763717408612699410164812512635288622509939279795871098585435209366994120475537804592374852173680897980908639136561, 155904683954170329764081281646491992225569526647649860899590995810987714605237000208008151573204708552742531248871184431203534706717150361964054370964237290878942119270441123831300877379540807238320801497523689610093199959159859725910473463767679964288018119414813366926600313004709962811742775715847, 26191986904300615400365655316610654693895680476805176631131287296245936053679816034945369464298391036860745249810358984442193830728481260809961134321991864867662276037434108803658547399762855616037894651583979854495657593138856433952959541912970234000387044061688645643668852584791273752372786360905863, 4426445786826804002661795748507200643268370000580074850661187553065563193071888909905767439466428085229465947217950668370730757393113333076883431700416625162634924650326364387818294510559922599110404196117692595409766133240466737338050162583291969546065410446425381113780036086829725264151000895034476749, 752495783760556680452505277246224109355622900098612724612401884021145742822221114683980464709292774489009211027051613623024228756829266623070183389070826277647937190555481945929110066795186841848768713340007741219660242650879345347468527639159634822831119775892314789342606134761053294905670152155903184549, 128676779023055192357378402409104322699811515916862775908720722167615922022599810610960659465289064437620575085625825929537143117417804592545001359531111293477797259584987412753877821421976949956139449981141323748561901493300368054417118226296297554704121481677585828977585649044140113428869596018659487455451, 22132405991965493085469085214365943504367580737700397456299964212829938587887167425085233428029719083270738914727642059880388616195862389917740233839351142478181128648617834993666985284580035392455985396756307684752647056847663305359744334922963179409108894848544762584144731635592099509765570515209431886004587, 3828906236610030303786151742085308226255591467622168759939893808819579375704479964539745383049141401405837832247882076359307230601884193455769060454207747648725335256210885453904388454232346122894885473638841229462207940834645751827235769941672630037775838808798243927057038572957433215189443699131231716323239153, 666229685170145272858790403122843631368472915366257364229541522734606811372579513829915696650550603844615782811131481286519458124727849661303816519032148090878208334580694068979363591036428225383710072413158373926424181705228360817939023969851037626572995952730894443307924711694593379442963203648834318640288846009, 116590194904775422750288320546497635489482760189095038740169766478556191990201414920235246913846355672807761991948009225140905171827373690728167890830625915903686458551621462071388628431374939442149262672302715437124231798414963143139329194723931584650274291727906527578886824546553841402518560638546005762050594081999, 20519874303240474404050744416183583846148965793280726818269878900225889790275449025961403456836958598414166110582849623624799310241617769568157548786190161199048816705085377324564398603921989341818270230325277916933864796521033513192521938271411958898448275344111548853884081120193476086843266672384097014120904605268591, 3632017751673563969516981761664494340768366945410688646833768565339982492878754477595168411860141671919307401573164383381589477912766345213563886135155658532231640556800111786447898552894192113501833830767574191297294068984222931835076383074039916725025344735907744147137482358274245267371258201011985171499400115180193077, 646499159797894386574022753576279992656769316283102579136410804630516883732418297011939977311105217601636717480023260241922927068472409448014371732057707218737232019110419897987725942415166196203326421876628206050918344279191681866643596187179105177054511362991578458190471859772815657592083959780133360526893220502122845293, 115723349603823095196750072890154118685561707614675361665417534028862522188102875165137255938687833950692972428924163583304203945256561291194572540038329592153964531420765161739802943692314749120395429515916448883114383625975311054129203717505059826692757533975492544016094462899334002708983028800643871534313886469880038619619, 20830202928688157135415013120227741363401107370641565099775156125195253993858517529724706068963810111124735037206349444994756710146181032415023057206899326587713615655737729113164529864616654841671177312864960798960589052675555989743256669150910768804696356115588657922897003321880120487616945184115896876176499564578407001687699, 3770266730092556441510117374761221186775600434086123283059303258660340972888391672880171798482449630113577041734349249544050964536458766867119173354448778112376164433688528969482779905495614526342483093628557904611866618534275634143529457116314849153650040456921547084044357601260301808258667078324977334587946421188691667356483481, 686188544876845272354841362206542255993159279003674437516793193076182057065687284464191267323805832680671021595651563417017275545635495569815689550509677616452461926931312272445865942800201843794331923040397538639359724573238165414122361195169302545964307363159721569296073083429374929103077408255145874895006248656341883458931866817, 125572503712462684840935969283797232846748148057672422065573154332941316443020773056947001920256467380562796952004236105314161424851295689276271187743271003810800532628430145857593467532436937414362741916392749571002829596902584270784392098715982365911468247458229047181181374267575612025863165710691695105786143504110564672984584373783, 23105340683093134010732218348218690843801659242611725660065460397261202225515822242478248353327189998023554639168779443377805702172638406826833898544761864701187298003631146837797198025968396484242744512616265921064520645830075505824328146163740755327710157532314144681337372865233912612758822490767271899464650404756343899829163578405079, 4274488026372229791985460394420457806103306959883169247112110173493322411720427114858475945365530149634357608246224197024894054901938105262964271230780944969719650130671762164992481634804153349584907734834009195396936319478563968577500707040292039735626379143478116766047413980068273833360382160791945301400960324879923621468395262059461149, 795054772905234741309295633362205151935215094538269479962852492269757968579999443363676525837988607831990515133797700646630294211760487578911354448925255764367854924304947762688601584073572523022792838679125710343830155423012898155415131509494319390826506520686929718484819000292698933005031081907301826060578620427665793593121518743115197621, 148675242533278896624838283438732363411885222678656392753053416054444740124459895909007510331703869664582226330020170020919865017599211177256423281949022827936788870845025231622768496221758061805262260832996507834296239064103411955062629592275437726084556719368455857356661153054734700471940812316665441473328202019973503401913724004962598291307, 27950945596256432565469597286481684321434421863587401837574042218235611143398460430893411942360327496941458550043791963932934623308651701324207577006416291652116307718864743545080477289690515619389305036603343472847692944051441447551774363347782292503896663241269701183052296774290123688724872715533102996985701979755018639559780112932968536024123, 5282728717692465754873753887145038336751105732218018947301493979246530506102309021438854857106101896921935665958276681183324643805335171550275232054212679122249982158865436530020210207751507452064578651918031916368213966425722433587285354672730853283236469352599973523596884090340833377169000943235756466430297674173698522876798441344331053366749889, 1003718456361568493426013238557557283982710089121423599987283856056840796159438714073382422850159360415167776532072569424831682323013682594552294090300409033227496610184432940703839939472786415892269943864426064109960653620887262381584217387818862123814929176993994969483407977164758341662110179214793728621756558093002719346591703855422900139741611849, 191710225165059582244368528564493441240697627022191907597571216506856592066452794388016042764380437839297045317625860760142851323695613375559488171247378125346451852545226691674433428439302205435423559278105378245002484841589467114882585521073402665648651472805853039171330923638468843257463044230025602166755502595763519395199015436385773926690707948511, 36808363231691439790918757484382740718213944388260846258733673569316465676758936522499080210761044065145032700984165265947427454149557768107421728879496600066518755688683524801491218260346023443601323381396232623040477089585177686057456420046093311804541082778723783520895537338586017905432904492164915616017056498386595723878210963786068593924615987162047, 7104014103716447879647320194485868958615291266934343327935598998878077875614474748842322480676881504572991311289943896327853498650864649244732393673742843812838119847915920286687805124246782524615055412609472896246812078289939293409089089068896009178276428976293690219532838706347101455748550566987828713891291904188612974708494716010711238627450885584295813, 1378178736120990888651580117730258577971366505785262605619506205782347107869208101275410561251315011887160314390249115887603578738267741953478084372706111699690595250495688535617434194103875809775320750046237741871881543188248222921363283279365825780585627221400975902589370709031337682415218809995638770494910629412590917093447974906077980293725471803416391549, 268744853543593223287058122957400422704416468628126208095803710127557686034495579748705059444006427317996261306098577598082697853962209680928226452677691781439666073846659264445399667850255782906187546259016359665016900921708403469665840239476336027214197308173190301004927288261110848070967667949149560246507572735455228833222355106685206157276467001666260349299, 52673991294544271764263392099650482850065627851112736786777527185001306462761133630746191651025259754327267215995321209224208779376593097461932384724827589162174550473945215831298334898650133449612759066767206494343312580654847080054504686937361861333982672401945298996965748499177726221909662918033313808315484256149224851311581600910300406826187532326587093463651, 10376776285025221537559888243631145121462928686669209146995172855445257373163943325256999755251976171602471641551078278217169129537188840200000679790791035064948386443367207518765771975034076289573713536153139679385632578389004874770737423326660286682794586463183223902402252454338012065716203594852562820238150398461397295708381575379329180144758943868337657478354537, 2054601704434993864436857872238966734049659879960503411105044225378160959886460778400885951539891281977289385027113499086999487648363390359600134598576624942859780515786707088715622851056747105335595280158321656518355250521022965204606009818678736763193328119710278332675645985958926389011808311780807438407153778895356664550259551925107177668662270885930856180781238353, 408865739182563779022934716575554380075882316112140178809903800850254031017405694901776304356438365113480587620395586318312898042024314681560426785116748363629096322641554710654408947360292673961783460751506009647152694853683570075716595953917068615875472295822345388202453551205826351413349854044380680243023602000175976245501650833096328356063791906300240379975534507559]
len(predicted_full) = 200, len(input_sequence + seq_pred) = 200
is_manual_check: False
