test results being evaluated: data/test_linrec15.tsv
csv file used: ../linear_database_newbl.csv
The sequence ID inspected: A017000
csv results file used: ../linear_database_newbl.csv
Results we are looking at now:
('Could you give me a recursive equation in a form of a Python code for the following number sequence: 1,16777216,2562890625,54875873536,500246412961', 'Certainly, the Python code is the following: lambda a_n: 9 * 7 * 9 * a_n[-1]')

Experiment type: Evaluation of the results of llms.
Ground truth: 
[1, 16777216, 2562890625, 54875873536, 500246412961, 2821109907456, 11688200277601, 39062500000000, 111429157112001, 281474976710656, 645753531245761, 1370114370683136, 2724905250390625, 5132188731375616, 9227446944279201, 15938480745308416, 26584441929064321, 42998169600000000, 67675234241018881, 103953325454500096, 156225851787813921, 230193853492166656, 333160561500390625, 474373168346071296, 665416609183179841, 920664383502155776, 1257791680575160641, 1698356304100000000, 2268453123948987361, 2999448015365799936, 3928797478390152481, 5100960362726891776, 6568408355712890625, 8392742123471896576, 10645920227784266881, 13411608173635297536, 16786655174842630561, 20882706457600000000, 25827959154211353441, 31769070071726162176, 38873223852623509441, 47330370277129322496, 57355639689187890625, 69191945760545587456, 83112785039841492321, 99425242966036381696, 118473216257948338081, 140640861824100000000, 166356282569519253121, 196095460708571938816, 230386449425341932801, 269813833955510722816, 315023473396125390625, 366727534782080679936, 425709831200577608161, 492831475947257856256, 569036864960149947201, 655360000000000000000, 752931165277996622401, 862983970464336281856, 986862773243512270561, 1126030494814647156736, 1282076841967625390625, 1456726949598219510016, 1651850457757840166401, 1869471037565976969216, 2111776380545833921921, 2381128666176100000000, 2680075522684232197281, 3011361496339065143296, 3377940044732998170721, 3782986069776447488256, 4229909006359687890625, 4722366482869645213696, 5264278569981637519041, 5859842634378499768576, 6513548814281963526241, 7230196133913600000000, 8014909274235071513761, 8873156017549873275136, 9810765383781184081281, 10833946476472881381376, 11949308056793212890625, 13163878864053053726976, 14485128701483114818081, 15920990306246905102336, 17479882022898686824161, 19170731299728100000000, 21002999027665568907841, 22986704741655040229376, 25132452704633039250241, 27451458894485467300096, 29955578914586000390625, 32657336848752385785856, 35569955081689370015521, 38707385106219428618496, 42084339338834904679681, 45716323965337600000000, 49619672838564299515521, 53811582450429146358016, 58310148000746221725601, 63134400585528120508416, 68304345527688750390625, 73841001873311018926336, 79766443076872509863361, 86103838899054686765056, 92877498540993598756801, 100112915039062500000000, 107836810944509231272801, 116077185312503648813056, 124863362025382822355361, 134226039475114161070336, 144197341630229062890625, 154810870512712119484416, 166101760110563345913601, 178106731751983340790016, 190864150967363719519521, 204414085865497600000000, 218798367050657356915681, 234060649107419297546496, 250246473680347348787521, 267403334175880281849856, 285580742113999437890625, 304830295157486354596096, 325205746846812130518241, 346763078068932800741376, 369560570288497434231841, 393658880570208100000000, 419121118421303285980161, 446012924483368791310336, 474402551102912549470081, 504360944810372276510976, 535961830737457275390625, 569281799002958164197376, 604400393097390732829281, 641400200297072569467136, 680366944138463534957761, 721389578983833600000000, 764560386709553996802241, 809975075548540073656576, 857732881118606677651041, 907936669668729327517696, 960693043575436875390625, 1016112449121793793024256, 1074309286591662654798721, 1135402022712169826615296, 1199513305477529806561281, 1266770081387616100000000, 1337303715134898948517921, 1411250111773602668937216, 1488749841405167795378401, 1569948266414335654134016, 1654995671290405437890625, 1744047395068446282612736, 1837263966425479287178561, 1934811241466876852633856, 2036860544238459154706401, 2143588810000000000000000, 2255178731296086753063201, 2371818906860511458304256, 2493703993390602717500161, 2621034860228140320423936, 2754018746983727062890625, 2892869424141724623298816, 3037807356683092805520801, 3189059870763703892770816, 3346861323485936293857121, 3511453275801584100000000, 3683084668584351607174081, 3862012001910434295709696, 4048499517585920195664321, 4242819384959978003251456, 4445251890063030750390625, 4656085628109346266218496, 4875617699403708106177441, 5104153908692063061074176, 5342008967996273795277441, 5589506702973337600000000, 5846980262839664684386561, 6114772333901241863905536, 6393235356730739942318881, 6682731747032855520280576, 6983634120239410400390625, 7296325519875964195307776, 7621199649741928182300481, 7958661109946400884391936, 8309125636842178295031361, 8673020346900624100000000, 9050783984570317687036641, 9442867174162630170443776, 9849732675807611094711841, 10271855645523800917975296, 10709723899445816812890625, 11163838182253791759302656, 11634712439848979339841921, 12122874096320069086372096, 12628864335244989661982881, 13153238385373209600000000, 13696565810733777758260321, 14259430805214578083676416]
Predicted:    
[1, 16777216, 2562890625, 54875873536, 500246412961, 283639716148887, 160823719056418929, 91187048704989532743, 51703056615729065065281, 29315633101118379892014327, 16621963968334121398772123409, 9424653570045446833103793972903, 5343778574215768354369851182636001, 3029922451580340656927705620554612567, 1717966030046053152478009086854465325489, 974086739036112137455031152246481839552263, 552307181033475581937002663323755203026133121, 313158171645980654958280510104569200115817479607, 177560683323271031361345049229290736465668510937169, 100676907444294674781882642913007847576034045701374823, 57083806520915080601327458531675449575611303912679524641, 32366518297358850700952668987459979909371609318489290471447, 18351815874602468347440163315889808608613702483583427697310449, 10405479600899599552998572600109521481083969308191803504375024583, 5899906933710072946550190664262098679774610597744752586980638938561, 3345247231413611360693958106636609951432204208921274716818022278164087, 1896755180211517641513474246462957842462059786458362764435818631719037329, 1075460187179930502738139897744497096675987898921891687435109164184694165543, 609785926131020595052525322021129853815285138688712586775706896092721591862881, 345748620116288677394781857585980627113266673636500036701825810084573142586253527, 196039467605935680082841313251251015573222203951895520809935234317952971846405749809, 111154378132565530606971024613459325830016989640724760299233277858279335036912060141703, 63024532401164655854152570955831437745619633126290939089665268545644382965929138100345601, 35734909871460359869304507731956425201766331982606962463840207265380365141681821302895955767, 20261693897118024045895655884019293089401510234138147716997397519470667035333592678742006919889, 11488380439665919634022836886238939181690656302756329755537524393539868209034147048846717923577063, 6513911709290576432490948514497478516018602123662838971389776331137105274522361376696089062668194721, 3693387939167756837222367807720070318582547404116829696778003179754738690654178900586682498532866406807, 2094150961508118126705082546977279870636304378134242438073127802920936837600919436632648976668135252659569, 1187383595175102977841781804136117686650784582402115462387463464256171186919721320570711969770832688257975623, 673246498464283388436290282945178728330994858221999467173691784233249062983481988763593686860062134242272178241, 381730764629248681243376590429916338963674084611873697887483241660252218711634287628957620449655230115368325062647, 216441343544784002264994526773762564192403205974932386702202998021363008009496641085618970794954515475413840310520849, 122722241789892529284251896680723373897092617787786663260149099878112825541384595495545956440739210274559647456065321383, 69583511094869064104170825417970152999651514285675038068504539630889972081965065645974557301899132225675320107589037224161, 39453850790790759347064858011989076750802408599977746584842073970714614170474192221267573990176807971957906501002984106099287, 22370333398378360549785774492797806517704965676187382313605455941395186234658866989458714452430250120100132986068691988158295729, 12683979036880530431728534137416356295538715538398245771814293518771070595051577583023091094527951818096775403100948357285753678343, 7191816113911260754790078855915074019570451710271805352618704425143197027394244489574092650597348680860871653558237718581022335620481, 4077759736587684847965974711303846969096446119724113634934805409056192714532536625588510532888696702048114227567520786435439664296812727, 2312089770645217308796707661309281231477684949883572431008034666934861269139948266708685472147891030061280767030784285908894289656292816209, 1310954899955838214087733243962362458247847366583985568381555656152066339602350667223824662707854214044746194906454690110343062235118026790503, 743311428274960267387744749326659513826529456853119817272342057038221614554532828315908583755353339363371092511959809292564516287311921190215201, 421457579831902471608851272868215944339642202035718936393417946340671655452420113655120166989285343419031409454281211868884080734905859314852018967, 238966447764688701402218671716278440440577128554252636935067975575160828641522204442453134682924789718590809160577447129657273776691622231521094754289, 135493975882578493695057986863129875729807231890261245142183542151116189839743089918870927365218355770440988794047412522515674231384149805272460725681863, 76825084325422005925097878551394639538800700481778125995618068399682879639134331983999815816078807721840040646224882900266387289194812939589485231461616321, 43559822812514277359530497138640760618499997173168197439515444782620192755389166234927895567716683978283303046409508604451041592973458936747238126238736454007, 24698419534695595262853791877609311270689498397186367948205257191745649292305657255204116786895359815686632827314191378723740583215951217135684017577363569421969, 14004003876172402514038099994604479490480945591204670626632380827719783148737307663700734218169669015494320813087146511736360910683444340115932837966365143862256423, 7940270197789752225459602696940739871102696150213048245300559929317117045334053445318316301702202331785279901020412072154516636357512940845733919126929036569899391841, 4502133202146789511835594729165399506915228717170798355085417479922805364704408303495485343065148722122253703878573644911610932814709837459531132144968763735132955173847, 2552709525617229653210782211436781520420934682635842667333431711116230641787399508081940189517939325443317850099151256664883398905940477839554151926197289037820385583571249, 1447386301024969213370513513884655122078669965054522792378055780202902773893455521082460087456671597526361221006218762528988887179668250935027204142153862884444158625884898183, 820668032681157543981081162372599454218605870185914423278357627375045872797589280453754869587932795797446812310526038353936699030871898280160424748601240255479837940876737269761, 465318774530216327437273019065263890541949528395413477998828774721651009876233122017279011056357895217152342580068263746682108350504366324850960832456903224857068112477110031954487, 263835745158632657656933801810004625937285382600199442025335915267176122599824180183797199268954926588125378242898705544368755434735975706190494792003064128493957619774521388118194129, 149594867504944716891481465626272622906440811934313083628365463956488861514100310164213011985497443375467089463723566043657084331495298225410010547065737360856073970412153627063016071143, 84820289875303654477469991010096577187951940366755518417283218063329184478494875863108777795777050393889839725931261946753566815957834093807475980186273083605393941223691106544730112338081, 48093104359297172088725484902724759265568750187950378942599584641907647599306594614382677010205587573335539124603025523809272384648091931188838880765616838404258364673832857410861973695691927, 27268790171721496574307349939844938503577481356567864860453964491961636188806839146354977864786568154081250683649915471999857442095468124984071645394104747375214492770063230151958739085457322609, 15461404027366088557632267415892080131528431929173979375877397866942247719053477795983272449333984143364069137629502072623919169668130426865968622938457391761746617400625851496160605061454301919303, 8766616083516572212177495624810809434576620903841646306122484590556254456703321910322515478772369009287427201035927675177762169201829952033004209206105341128910332066154857798323063069844589188244801, 4970671319353896444304640019267728949404944052478213455571448762845396276950783523152866276463933228265971222987370991825791149937437582802713386619861728420092158281509804371649176760601882069734802167, 2818370638073659283920730890924802314312603277755147029309011448533339689031094257627675178755050140426805683433839352365223582014527109449138490213461600014192253745616059078725083223261267133539632828689, 1598016151787764813983054415154362912215246058487168365618209491318403603680630444074891826354113429621998822506986912791081771002236871057661523951032727208047007873764305497637122187589138464716971813866663, 906075158063662649528391853392523771226044515162224463305524781577534843286917461790463665542782314595673332361461579552543364158268305889694084080235556326962653464424361217160248280363041509494523018462397921, 513744614622096722282598180873560978285167240096981270694232551154462256143682200835192898362757572375746779448948715606292087477738129439456545673493560437387824514328612810129860774965844535883394551468179621207, 291293196490728841534233168555309074687689825134988380483629856504580099233467807873554373371683543537048423947553921748767613599877519392171861396870848767998896499624323463343631059405633851845884710682457845224369, 165163242410243253149910206570860245347920130851538411734218128638096916265376247064305329701744569185506456378263073631551236911130553495361445412025771251455374315286991403715838810682994393996616630956953598242217223, 93647558446607924535999087125677759112270714192822279453301678937800951522468332085461121940889170728182160766475162749089551328611023831869939548618612299575197236767724125906880605657257821396081629752592690203337165441, 53098165639226693211911482400259289416657494947330232450022051957733139513239544292456456140484159802879285154591417278733775603322450512670255724066753173859136833247299579389201303407665184731578284069720055345292172805047, 30106659917441535051153810520947017099244799635136241799162503460034690104006821613822810631654518608232554682653333597042050767083829440684034995545849049578130584451218861513677139032146159742804887067531271380780661980461649, 17070476173189350374004210565376958695271801393122249100125139461839669288971867855037533628148112050867858505064440149522842784936531292867847842474496411110800041383841094478254937831226872574170370967290230872902635342921754983, 9678959990198361662060387390568735580219111389900315239770954074863092486847049073806281567159979532842075772371537564779451859059013243056069726683039465099823623464637900569170549750305636749554600338453560904935794239436635075361, 5487970314442471062388239650452473073984236158073478740950130960447373440042276824848161648579708395121456962934661799229949204086460508812791535029283376711599994504449689622719701708423296036997458391903169033098595333760572087729687, 3111679168288881092374131881806552232949061901627662446118724254573660740503970959688907654744694660033866097983953240163381198717023108496852800361603674595477196884022974016082070868676008852977558908209096841766903554242244373742732529, 1764322088419795579376132776984315116082118098222884606949316652343265639865751534143610640240241872239202077556901487172637139672552102517715537805029283495635570633241026267118534182539297019638275900954557909281834315255352559912129343943, 1000370624134024093506267284550106670818560961692375572140262541878631617803881119859427233016217141559627577974763143226885258194337042127544709935451603742025368549047661893456208881499781410134902435841234334562800056749784901470177338015681, 567210143883991661018053550339910482354124065279576949403528861245184127294800594960295241120195119264308836711690702209643941396189102886317850533401059321728383967310024293589670435810376059546489681121979867697107632177128039133590550654891127, 321608151582223271797236363042729243494788345013520130311800864326019400176151937342487401715150632622863110415528628152868114771639221336542221252438400635419993709464783774465343137104483225762859649196162584984260027444431598188745842221323269009, 182351821947120595109033017845227481061544991622665913886791090072852999899878148473190356772490408697163383605604732162676221075519438497819439450132573160283136433266532400121849558738241989007541421094224185686075435560992716173018892539490293528103, 103393483044017377426821721118243981761896010250051573173810548071307650943230910184298932290002061731291638504377883136237417349819521628263622168225168981880538357662123870869088699804583207767275985760425113284004771963082870070101712069890996430434401, 58624104885957853001007915874044337658995037811779241989550580756431438084811926074497494608431169001642359031982259738246615637347668763225473769383670812726265248794424234782773292789198678804045483926161039232030705703067987329747670743628194976056305367, 33239867470338102651571488300583139452650186439278830208075179288896625394088362084240079442980472823931217571133941271585831066376128188748843627240541350815792396066438541121832457011475650881893789386133309244561410133639548815966929311637186551423925143089, 18847004855681704203441033866430640069652655711071096727978626656804386598448101301764125044169928091169000362832944700989166214635264683020594336645386945912554288569670652816079003125506694050033778581937586341666319545773624178653248919698284774657365556131463, 10686251753171526283351066202266172919493055788177311844763881314408087201320073438100258900044349227692823205726279645460857243698195075272676988877934398332418281619003260146716794772162295526369152455958611455724803182453644909296392137468927467230726270326539521, 6059104744048255402660054536684920045352562631896535815981120705269385443148481639402846796325146012101830757646800558976306057176876607679607852693788803854481165677974848503188422635816021563451309442528532695395963404451216663571054341944881873919821795275147908407, 3435512389875360813308250922300349665714903012285335807661295439887741546265189089541414133516357788861738039585735916939565534419289036554337652477378251785490820939411739101307835634507684226476892453913678038289511250323839848244787811882748022512538957921008864066769, 1947935525059329581145778272944298260460350007965785402943954514416349456732362213769981813703774866284605468445112264904733658015736883726309448954673468762373295472646456070441542804765856956412398021369055447710152878933617193954794689337518128764609589141212025925858023, 1104479442708639872509656280759417113681018454516600323469222209674070141967249375207579688370040349183371300608378654200983984094922813072817457557299856788265658532990540591940354770302240894285829678116254438851656682355360948972368588854372779009533637043067218699961499041, 626239844015798807712975111190589503457137463710912383407048992885197770495430395742697683305812877986971527444950696931957918981821235012287498434989018798946628388205636515630181154761370587060065427491916266828889338895489658067332989880429365698405572203419113002878169956247, 355077991556957923973256888045064248460196941924087321391796778965907135870909034386109586434395901818612856061287045160420140062692640251967011612638773659002738296112595904362312714749697122863057097387916523291980255153742636124177805262203450350995959439338637072631922365192049, 201329221212795142892836655521551428876931666070957511229148773673669346038805422496924135508302476331153489386749754605958219415546727022865295584366184664654552613895841877773431309263078268663353374218948668706552804672172074682408815583669356349014709002105007220182299981063891783, 114153668427654846020238383680719660173220254662232908866927354672970519204002674555755984833207504079764028482287110861578310408614994221964622596335626704859131332078942344697535552352165378332121363182143895156615440249121566344925798435940525049891340004193539093843364089263226640961, 64725129998480297693475163546968047318215884393486059327547810099574284388669516473113643400428654813226204149456791858514902001684701723853941012122300341655127465288760309443502658183677769514312812924275588553800954621251928117572927713178277703288389782377736666209187438612249505424887, 36699148709138328792200417731130882829428406451106595638719608326458619248375615840255435808043047279099257752742000983777949434955225877425184553873344293718457272818727095454466007190145295314615364928064258710005141270249843242663850013372083457764517006608176689740609277693145469575910929, 20808417318081432425177636853551210564285906457777439727154017921102037113828974181424832103160407807249279145804714557802097329619613072500079642046186214538365273688218263122682226076812382443386911914212434688572915100231661118590402957581971320552481142746836183082925460452013481249541496743, 11798372619352172185075720095963536389950108961559808325296328161264855043541028360867879802491951226710341275671273154273789185894320612107545157040187583643253110181219755190560822185552620845400379055358450468420842861831351854240758476948977738753256807937456115808018736076291643868490028653281, 6689677275172681628937933294411325133101711781204411320443018067437172809687763080612087848012936345544763503305611878473238468402079787064978104041786359925724513472751601193047986179208336019342014924388241415594617902658376501354510056430070377873096610100537617663146623355257362073433846246410327, 3793047015022910483607808177931221350468670579942901218691191244236876983092961666707053809823334907923880906374281935094326211583979239265842584991692866077885799139050157876458208163611126522966922462128132882642148350807299476268007201995849904254045777927004829215004135442430924295636990821714655409, 2150657657517990244205627236887002505715736218827624990997905435482309249413709265022899510169830892792840473914217857198482961968116228663732745690289855066161248111841439515951804028767508738522245036026651344458098114907738803043960083531646895712043956084611738164907344795858334075626173795912209616903, 1219422891812700468464590643314930420740822436075263369895812381918469344417573153267984022266294116213540548709361525031539839435921901652336466806394347822513427679414096205544672884311177454742112935427111312307741631152687901325925367362443789868728923099974855539502464499251675420880040542282222852784001, 691412779657801165619422894759565548560046321254674330730925620547772118284763977902946940624988763893077491118207984692883088960167718236874776679225595215365113494227792548543829525404437616838778034387172114078489504863574040051799683294505628855569299397685743090897897371075699963638982987474020357528528567, 392031046065973260906212781328673666033546264151400345524434826850586791067461175470970915334368629127374937464023927320864711440415096240307998377120912487112019351227158375024351340904316128747587145497526588682503549257646480709370420427984691561107792758487816332539107809399921879383303353897769542718675697489, 222281603119406838933822647013357968641020731773843995912354546824282710535250486492040508994587012715221589542101566790930291386715359568254635079827557380192514972145798798638807210292747244999881911497097575782979512429085554562213028382667320115148118494062591860549674127929755705610333001660035330721489120476263, 126033668968703677675477440856573968219458754915769545682305028049368296873487025840986968599930836209530641270371588370457475216267608875200378090262225034569155989206667918828203688235987687914933043818854325468949383547291509436774787092972370505288983186133489584931665230536171485081058811941240032519084331310041121, 71461090305254985241995708965677439980433114037241332401866950903991824327267143651839611196160784130803873600300690606049388447623734232238614377178681594600711445880180709975591491229805019047767035845290402540894300471314285850651304281715334076498853466537688594656254185714009232040960346370683098438320815852793315607, 40518438203079576632211566983539108468905575659115835471858561162563364393560470450593059548223164602165796331370491573630003249802657309679294351860312464138603389814062462556160375527299445800083909324279658240687068367235200077319289527732594421374849915526869433170096123299843234567224516392177316814527902588533809949169, 22973954461146119950463958479666674501869461398718678712543804179173427611148786745486264763842534329428006519887068722248211842638106694588159897504797167166588122024573416269342932923978785768647576586866566222469567764222358443840037162224381036919539902103734968607444501911011113999616300794364538633837320767698670241178823, 13026232179469850011913064457971004442559984613073490830012336969591333455521362084690712121098716964785679696775967965514736114775806495831486661885219993783455465187933127024717442967895971530823175924753343048140244922314077237657301070981224047933379124492817727200421032583543301637782442550404693405385760875285146026748392641, 7385873645759404956754707547669559518931511275612669300616995061758286069280612302019633772662972519033480388071973836446855377077882283136452937288919736475219248761558083023014790162797015857976740749335145508295518870952081793751689707246354035178225963587427651322638725474869052028622644926079461160853726416286677797166338627447, 4187790357145582610479919179528640247234166893272383493449836200016948201282107175245132349099905418291983380036809165265366998803159254538368815442817490581449314047803433074049386022305907991472812004873027503203559199829830377057208064008682737946054121354071478299936157344250752500229039673087054478204062878034546310993314001762449, 2374477132501545340142114174792739020181772628485441440786057125409609630126954768363990041939646372171554576480870796705463088321391297323255118356077517159681761065104546552986001874647449831165084406763006594316418066303513823791436972292923112415412686807758528196063801214190176667629865494640359889141703651845587758333209038999308583, 1346328534128376207860578737107483024443065080351245296925694390107248660281983353662382353779779493021271444864653741731997571078228865582285652107895952229539558523914277895543063062925104054270602858634624738977409043594092338089744763290087404739538993419999085487168175288445830170546133735461084057143345970596448258974929525112607966561, 763368278850789309856948143939942874859217900559156083356868719190809990379884561526570794593134972543060909238258671562042622801355766785155964745177004914148929683059395566772916756678533998771431820845832227000190927717850355696885280785479558487318609269139481471224355388548785706699657828006434660400277165328186162838785040738848717040087, 432829814108397538688889597613947610045176549617041499263344563781189264545394546385565640534307529431915535538092666775678167128368719767183432010515361786322443130294677286360243801036728777303401842419586872709108256016021151680133954205366909662309651455602085994184209505307161495698705988479648452446957152741081554329591118098927222561729329, 245414504599461404436600401847108294895615103632862530082316367663934312997238707800615718182952369187896108650098542061809520761785064107993005949962210132844825254877082021366258235187825216731028844651905756826064381161083993002635952034443037778529572375326382758702446789509160568061166295467960672537424705604193241304878163962091735192500529543, 139150024107894616315552427847310403205813763759833054556673380465450755469434347322949112209733993329537093604605873349045998271932131349232034373628573145323015919515305506114668419351496897886493354917630564120378504118334624032494584803529202420426267536810059024184287329651694042090681289530333701328719808077577567819865918966506013854147800250881, 78898063669176247450918226589424998617696404051825341933633806723910578351169274932112146622919174217847532073811530188909081020185518475014563489847400973398150026365178221967016993772298741101641732238296529856254611835095731826424429583601057772381693693371303466712490915912510521865416291163699208653384131179986480953863976054008909855301802742249527, 44735202100422932304670634476203974216233861097384968876370368412457297925112978886507587135195171781519550685851137617111448938445188975333257498743476351916751064949056051855298635468893386204630862179114132428496364910499279945582651573901799756940420324141529065625982349322393465897691037089817451306468802379052334700840874422623051887956122154855481809, 25364859590939802616748249748007653380604599242217277352901998889863287923539059028649801905655662400121585238877595028902191548098422149013957001787551091536797853826114781401954326310862549978025698855557713086957438904253091729145363442402320462185218323788246980209931992065797095163990818029926494890767810948922673775376775797627270420471121261803058185703, 14381875388062868083696257607120339466802807770337196259095433370552484252646646469244437680506760580868938830443596381387542607771805358490913620013541468901364383119407081054908103018259065837540571251101223320304867858711503010425421071842115702059018789587936037779031439501306952957982793822968322603065348808039156030638631877254662328407125755442333991293601, 8154523345031646203455778063237232477677192005781190278907110721103258571250648548061596164847333249352688316861519148246736658606613638264348022547678012867073605228703814958132894411352890329885503899374393622612860075889422206911213747734479603067463653696359733420710826197241042327176244097623038915938052774158201469372104274403393540206840303335803373063471767, 4623614736632943397359426161855510814842967867277934888140331778865547609899117726750925025468437952382974275660481357055899685429949932895885328784533433295630734164675063081261351131237088817045080710945281184021491663029302391318658194965449934939251891645835968849543038453835670999508930403352263065336875922947700233133983123586724137297278451991400512526988491889, 2621589555670878906302794633772074632015962780746589081575568118616765494812799751067774489440604319001146414299492929450695121638781611951966981420830456678622626271370760767075186091411429359264560763105974431340185772937614455877679196545410113110555822563188994337690902803324825456721563538700733158046008648311346032186968431073672585847556882279124090602802474901063, 1486441278065388339873684557348766316353050896683316009253347123255706035558857458855428135512822648873650016907812490998544133969189173976765278465610868936779029095867221354931630513830280446703005952681087502569885333255627396482644104441247534133685151393328159789470741889485176033961126526443315700612086903592533200250011100418772356175564752252263359371789003268902721, 842812204663075188708379144016750501372179858419440177246647818885985322161872179171027752835770441911359559586729682396174523960530261644825912890001362687153709497356714508246234501341769013280604375170176613957124983955940733805659207218187351853799480840017066600629910651338094811255958740493360002247053274336966324541756293937443925951545214527033324763804364853467842807, 477874520043963631997650974657497534278025979723822580498849313308353677665781525589972735857881840563740870285675729918630955085620658352616292608630772643616153285001257126175614962260783030530102680721490140113689865903018396067808770492712228501104305636289676762557159339308699757982128605859735121274079206549059906015175818662530706014526136636827895141077074871916266871569, 270954852864927379342668102630801101935640730503407403142847560645836535236498125009514541231419003599641073451978138863863751533546913285933437909093648088930358912595712790541573683601863978310568219969084909444462153967011430570447572869367833560126141295776246724369909345388032762775866919522469813762402910113316966710604689181654910310236319473081416544990701452376523316179623, 153631401574413824087292814191664224797508294195431997581994566886189315479094436880394744878214575040996488647271604735810747119521099833124259294456098466423513503441769152237072278602256875702092180722471143655010041299295481133443773816931561628591522114705131892717738598835014576493916543369240384403282450034250720124912858765998334145903993141237163181009727723497488720273846241, 87109004692692638257495025646673615460187202808809942628990919424469341876646545711183820345947664048245009063002999885204693616768463605381455019956607830462132156451483109318419981967479648523086266469641138452390693416700537802662619754200195443411393039037809783170957785539453264872050680090359297956661149169420158310825590920321055460727564111081471523632515619223076104395270818647, 49390805660756725891999679541663939965926143992595237470637851313674116844058591418241226136152325515354920138722700934911061280707718864251284996315396639872028932707990922983544129775560960712589913088286525502505523167269204934109705400631510816414259853134438147057933064400870001182452735611233721941426871579061229762238110051822038446232528850983194353899636356099484151192118554172849, 28004586809649063580763818300123453960680123643801499645851661694853224250581221334142775219198368567206239718655771430094571746161276596030478592910829894807440404845430853331669521582743064724038480721058459959920631635841639197640202962158066632906885336727226429381848047515293290670450701091569520340789036185327717275189008399383095799013843858507471198661093813908407513725931220216005383, 15878600721071019050293084976169998395705630106035450299197892180981778150079552496458953549285474977605937920477822400863622180073443829949281362180440550355818709547359293839056618737415317698529818568840146797274998137522209425061995079543623780858203985924337385459507842941171295810145547518919918033227383517080815695032167762450215318040849467773736169640840192486067060282603001862475052161, 9003166608847267801516179181488389090365092270122100319645204866616668211095106265492226662444864312302566800910925301289673776101642651581242532356309792051749208313352719606745102824114485135066407128532363234054923943975092744010151210101234683746601660019099297555540946947644124724352525443227593524839926454184822499083239121309272085329161648227708408186356389139600023180235902056023354575287, 5104795467216400843459673595903916614237007317159230881238831159371650875690925252534092517606238065075555376116494645831245031049631383446564515846027652093341801113670992017024473301272913071582652841877849953709141876233877585853755736127400065684323141230829301713991716919314218718707881926310045528584238299522794356980196581782357272381634654545110667441664072642153213143193756465765242044187729, 2894419029911699278241634928877520720272383148829283909662417267363726046516754618186830457482736982897839898258052464186315932605140994414202080484697678736924801231451452473652876361821741711587364161344740923753083443824608591179079502384235837243011221077880214071833303493251162013507369052217795814707263115829424400407771461870596573440386849127077748439423529188100871852190859916088892239054442343, 1641135589959933490763007004673554248394441245386203976778590590595232668374999868511932869392711869303075222312315747193641133787114943832852579634823583843836362298232973552561180897152927550470035479482468103767998312648553071198538077851861719716787362351158081378729483080673408861658678252607490226939018186675283635031206418880628257140699343455053083365153141049653194340192217572422401899543868808481, 930523879507282289262624971649905258839648186133977654833460864867496922968624925446265936945667629894843651051083028658794522857294173153227412652944972039455217423098096004302189568685709921116510116866559414836455043271729591369571090142005595079418434453106632141739616906741822824560470569228446958674423311844885821062694039505316221798776527739015098268041830975153361190888987363563501877041373614408727, 527607039680629058011908358925496281762080521537965330290572310379870755323210332728032786248193546150376350145964077249536494460085796177879942974219799146371108278896620434439341485444797525273061236263339188212270009535070678306546808110517172410030252334911460424366362786122613541525786812752529425568398017816050260542547520399514297759906291228021560717979718162911955795234055835140505564282458839369748209, 299153191498916675892752039510756391759099655712026342274754499985386718268260258656794589802725740667263390532761631800487192358868646432857927666382626115992418394134383786327106622247200196829825720961313319716357095406385074599812040198663236756487153073894798060615727699731521878045121122830684184297281676101700497727624444066524606829866867126288224927094500198371078935897709658524666654948154161922647234503, 169619859579885755231190406402598874127409504788718936069785801491714269258103566658402532418145494958338342432075845230876238067478522527430444986838949007767701229474195606847469454814162511602511183785064652279174473095420337298093426792642055240928215792898350500369117605747772904851583676644997932496558710349664182211563059785719452072534513660605423533662581612476401756654001376383485993355603409810140981963201, 96174460381795223216084960430273561630241189215203636751568549445801990669344722295314235881088495641377840158987004245906826984260322273053062307537684087404286597111868909082515180879630144078623841206131657842291926245103331248018972991428045321606298354573364733709289682458987237050847944657713827725548788768259591313956254898502929325127069245563275143586683774274119796022818780409436558232627133362349936773134967, 54530919036477891563520172563965109444346754285020462038139367535769728709518457541443171744577177028661235370145631407429170900075602728821086328373866877558230500562429671449786107558750291692579717963876649996579522180973588817626757686139701697350771167043097804013167249954245763407830784620923740320386163231603188275013196527451160927347048262234377006413649700013425924344938248492150528517899584616452414150367526289, 30919031093682964516515937843768217054944609679606601975625021392781436178296965425998278379175259375250920454872573008012339900342866747241555948187982519575516693818897623712028722985811415389692700085518060548060589076612024859594371608041210862397887251713436454875465830724057347852240054880063760761658954552319007751932482431064808245805776364686891762636539379907612499103579986895049349669649064477528518823258387405863, 17531090630118240880864536757416579070153593688336943320179387129707074313094379396541023840992372065767271897912748895542996723494405445685962222622586088599317965395314952644720285932955072525955760948488740330750354006439018095390008701759366558979602071721518469914389126020540516232220111116996152351860627231164877395345717538413746275371875198777467629414917828407616286991729852569492981262691019558758670172787505659124321, 9940128387277042579450192341455200332777087621287046862541712502543911135524513117838760517842674961290043166116528623772879142221327887703940580227006312235813286379143578149556402123985526122216916457793115767535450721650923260086134933897560838941434374666100972441458634453646472703668803003336818383504975640070485483161021844280594138135853237706824145878258408707118434724310826406902520375945808089816165987970515708723490007, 5636052795586083142548259057605098588684608681269755571061150988942397613842398937814577213616796703051454475188071729679222473639492912328134308988712579037706133376974408810798480004299793311296991631568696640192600559176073488468838507519916995679793290435679251374307045735217550022980211302891976023447321187919965268952299385707096876323028785779769290712972517736936152488684238572713729053161273186925766115179282406846218833969, 3195641935097309141824862885662090899784173122279951408791672610730339447048640197740865280120723730630174687431636670728119142553592481290052153196600032314379377624744489795722738162437982807505394255099450994989204517052833667961831433763792936550442795677030135529232094931868350863029779808739750405294631113550620307495953751695923928875157321537129187834255417556842798461083963270728684373142441896986909387306653124681806078860423, 1811928977200174283414697256170405540177626160332732448784878370284102466476578992119070613828450355267309047773737992302843553827886936891459570862472218322253107113230125714174792538102336251855558542641388714158878961168956689734358422944070595024101065148876086845074597826369354939337885151555438479802055841383201714350205777211588867672214201311552249502022821754729866727434607174503164039571764555591577622602872321694584046713859841, 1027363730072498818696133344248619941280714032908659298461026035951086098492220288531513038040731351436564230087709441635712295020411893217457576679021747788717511733201481279937107369104024654802101693677667400928084370982798443079381225809288027378665303939412741241157296967551424250604580880931933618047765662064275372036566675678970887970145452143650125467646939934931834434455422267943294010437190503020424512015828606400829154486758529847, 582515234951106830200707606188967506706164856659209822227401762384265817845088903597367892569094676264531918459731253407448871276573543454298445977005330996202829152725239885724339878281981979272791660315237416326223838347246717226009155033866311523703227333647024283736187380601657550092797359488406361433083130390444135944733305109976493479072471365449621140155814943106350124336224425923847703917887015212580698312974819829270130593992086423249, 330286138217277572723801212709144576302395473725771969202936799271878718718165408339707595086676681441989597766667620682023510013817199138587218868962022674847004129595211015205700710985883782247672871398739615056968916342888888667147190904202198633939729898177862768878418244801139830902616102829926406932558134931381825080663783997356671802634091264209935186468347072741300520498639249498821648121441937625533255943456722843196164046793513001982183, 187272240369196383734395287606084974763458233602512706538065165187155233513199786528614206414145678377608101933700540926707330177834351911578953098701466856638251341480484645621632303128996104534430518083085361737301375566417999874272457242682646625443826852266848189954063144802246284121783330304568272730760462506093494820736365526501232912093529746807033250727552790244317395122728454465831874484857578633677356119939961852092225014531921872123897761, 106183360289334349577402128072650180690880818452624704607082948661117017401984278961724255036820599640103793796408206705443056210832077533865266406963731707713888510619434794067465515874140791271022103753109400105049879946159005928712483256601060636626649825235302923703953803102873643097051148282690210638341182240955011563357519253526199061157031366439587853162522432068527963034587033682126672832914247085295060920005958370136291583239599701494250030487, 60205965284052576210387006617192652451729424062638207512216031890853348866925086171297652605877279995938851082563453201986212871541787961701606052748435878273774785521219528236252947500637828650669532828013029859563281929472156361579978006492801380967310450908416757740141806359329355636028001076285349431939450330621491556423713416749354867676036784771246312743150218982855355040610848097765823496262378097362299541643378395867277327696853030747239767286129, 34136782316057810711289432751948233940130583443515863659426490082113848807546523859125769027532417757697328563813477965526182698164193774284810631908363142981230303390531472509955421232861648844929625113483387930372380854010712657015847529681418383008465025665072301638660404205739744645627876610253793127909668337462385712492245507296884209972312856965296659325366174163278986308026350871433221922380768381204423840111795550456746244804115668433684948051235143, 19355555573204778673301108370354648644054040812473494694894819876558552273878879028124311038610880868614385295682242006453345589859097870019487628292041902070357582022431344913144723839032554895075097439345080956521139944224074076527985549329364223165799669552095995029120449184654435214071006038013900703524781947341172698983103202637333347054301389899323205837482620750579185236650940944102636829989895672142908317343388077108975120803933584001899365545050326081, 10974600010007109507761728445991085781178641140672471492005362870008699139289324408946484358892369452504356462651831217659046949450108492301049485241587758473892749006718572565753058416731458625507580248108660902347486348375050001391367806469749514535008412636038429181511294687699064766378260423553881698898551364142444920323419515895368007779788888072916257709852645965578398029181083515306195082604270846105029015933701039720788893495830342129076940264043534887927, 6222598205674031090900900028876945637928289526761291335967040747294932411977046939872656631491973479569970114323588300412679620338211515134695058131980259054697188686809430644781984122286737040662798000677610731631024759528653350788905546268347974741349769964633789345916904087925369722536473660155050923275478623468766269823378865512673660411140299537343518121486450262482951682545674353178612611836621569741551452034408489521687302612135803987186625129712684281454609, 3528213182617175628540810316373228176705340161673652187493312103716226677590985614907796310055948962916173054821474566333989344731765929081372097960832806884013305985420947175591384997336579902055806466384205284834791038652746449897309444734153301678345319569947358559134884617853684632678180565307913873497196379506790474989855816745685965453116549837673774774882817298827833604003397358252273350911364430043459673303509613558796700581081000860734816448547091987584763303, 2000496874543938581382639449383620376191927871668960790308707962807100526194088843652720507801723061973470122083776079111371958462911281789137979543792201503235544493733677048560315293489840804465642266439844396501326518916107237091774455164264922051621796196160152303029479578323039186728528380529587166272910347180350199319248248094803942411917083757961030297358557408435381653469926302129038989966743631834641634763089950887837729229472927488036640926326201156960560792801, 1134281727866413175643956567800512753300823103236300768105037414911625998352048374351092527923576976138957559221501036856147900448470696774441234401330178252334553727946994886533698771408739736132019165071391772816252136225432803431036116078138210803269558443222806355817714920909163218875075591760275923276740166851258563014013756669753835347556986490763904178602302050582861397517448213307165107311143639250241806910672002153403992473111149885716775405226956055996637969518167, 643137739700256270590123373942890731121566699534982535515556214254891941065611428257069463332668145470788936078591087897435859554282885071108179905554211069073691963745946100664607203388755430386854866595479135186814961239820399545397477816304365525453839637307331203748644360155495545102167860528076448497911674604663605228945800031750424642064811340263133669267505262680482412392393136945162615845418443454887104518351025220980063732254021985201411654763684083750093728716800689, 364659098410045305424599953025619044545928318636335097637320373482523730584201679821758385709622838481937326756561146837846132367278395835318338006449237676164783343443951439076832284321424329029346709359636669650924083022978166542240369921844575252932327074353256792525481352208165974072929176919419346298315919500844264164812268618002490772050748029929196790474675483939833527826486908647907203184352257438920988261905031300295696136188030465609200408251008875486303144182425990663, 206761708798495688175748173365525998257541356666802000360360651764590955241242352458937004697356149419258464270970170257058757052246850438625497649656717762385432155732720465956563905210247594559639584206913991692073955074028620429450289745685874168412629451158296601361947926702030107299350843313310769351145126356978697781448556306407412267752774132969854580199140999393885610277618077203363384205527729967868200344500152747267659709218613274000416631478322032400733882751435536705921, 117233888888747055195649214298253241012025949230076734204324489550523071621784413844217281663400936720719549241640086535752315248623964198700657167355358971272540032300452504197371734254210386115315644245320233289405932526974227783498314285803890653489960898806754172972224474440051070838731928158647206222099286644406921642081331425733002755815822933393907546972912946656333141027409449774307038844534222891781269595331586607700763055126953726358236230048208592371216111520063949312257207, 66471614999919580295933104507109587653818713213453508293851985575146581609551762649671198703148331120647984420009929065771562745969787700663272613890488536711530198314356569879909773322137288927383970287096572275093163742794387153243544200050806000528807829623429616075251277007508957165561003265952965927930295527378724571060114918390612562547571603234345579133641640754140890962541158022032091024850904379639979860553009606566332652256982762845119942437334271874479535231876259260049836369, 37689405704954402027794070255531136199715210392028139202614075821108111772615849422363569664685103745407407166145629780292476076964869626276075572075907000315437622444240175121908841473651842821826711152783756479977823842164417515889089561428807002299834039396484592314667474063257578712873088851795331681136477564023736831791085158727477322964473099033873943368774810307597885175760836598492195611090462783255868580933556446923110613829709226533183007361968532152829896476473839000448257221223, 21369893034709145949759237834886154225238524292279954927882180990568299375073186622480143999876453823645999863204572085425833935639081078098534849367039269178853131925884179294122313115560594879975745223628389924147426118507224731509113781330133570304005900337806763842416457793867047130199041378967953063204382778801458783625545284998479642120856247152206525890095317444408000894656394351345074911488292398106077485389326505405403718041445131444314765174236157730654551302160666713254161844433441, 12116729350680085753513487852380449445710243273722734444109196621652225745666496814946241647929949318007281922436992372436447841507358971281869259591111265624409725801976329659767351536522857296946247541797297086991590609193596422765667514014185734362371345491536435098650131569122615722822856461874829386836885035580427130315684176594137957082525492135301100179684044990979336507270175597212657474813861789726145934215748128564863908129499389528926471853791901433281130588325098026415109765793761047, 6870185541835608622242147612299714835717707936200790429809914484476811997792903694074519014376281263310128850021774675171465926134672536716819870188160087609040314529720578917088088321208460087368522356199067448324231875412769171708133480446043311383464552893701158700934624599692523114840559613883028262336513815174102182888992928128876221665791954040715723801880853509885283799622189563619576788219459634774724744700329188896277835909426153862901309541100008112670401043580330580977367237205062513649, 3895395202220790088811297696173938311851940399825848173702221512698352402748576394540252281151351476296843057962346240822221180118359328318436866396686769674325858338351568245988946078125196869537952175964871243199839473359040120358511683412906557554424401490728556983429932148025660606114597301071677024744803333203715937698058990249072817684504037941085815395666443940104955914385781482572300038920433612917268930245086650104189532960644629240265042509803704599884117391710047439414167223495270445238983, 2208689079659187980356005793730623022820050206701255914489159597699965812358442815704323043412816287060310013864650318546199409127109739156553703246921398405342761677845339195475732426296986625028018883772081994894308981394575748243276124495118018133358635645243091809604771527930549563666976669707640873030303489926506936674799447471224287627113789512595657329342873714039510003456738100618494122067885858524091483448964130609075465188685504779230279103058700508134294561099596898147832815721818342450503361, 1252326708166759584861855285045263253938968467199612103515353491895880615607237076504351165615066834763195777861256730615695064975071222101765949741004432895829345871338307323834740285710391416390886707098770491105073192450724449253937562588731916281614346410852833056045905456336621602599175771724232375008182078788329433094611286716184171084573518653641737705737409395860402171959970503050686167212491281783159871115562662055345788761984681209823568251434283188112145016143471441249821206514271000169435405687, 710069243530552684616671946620664264983395120902180062693205429904964309049303422377967110903742895310732006047332566259099101840865382931701293503149513451935239109048820252614297741997791933093632762925002868456576500119560762726982597987810996531675334414953556342778028393742864448673732662567639756629639238672982788564644599568076425004953185076614865279153111127452848031501303275229739056809482556771051646922524029385381062228045314245969963198563238567659586224153348307188648624093591657096069875024529, 402609261081823372177652993733916638245585033551536095547047478756114763230955040488307351882422221641185047428837565068909190743770672122274633416285774127247280574830681083232306819712748026064089776578476626414878875567790952466199133059088835033459914613278666446355142099252204142398006419675851742009005448327581241116153487955099332977808455938440628613279814009265764833861238957055262045210976609689186283805071124661511062283301693177464969133585356267862985389094948490175963769861066469573471619138907943, 228279451033393852024729247447130733885246714023720966175175920454717070751951507956870268517333399670551921892150899394071511151717971093329717147034033930149208085928996174192717966777128130778338903319996247177236322446937470048334908444503369463971771585729003875083365570275999748739669639956207937719106089201738563712859027670541321798417394517095836423729654543253688660799322488650333579634623737693768622917475327683076772314632060031622637498742897003878312715616835793929771457511224688248158408051760803681, 129434448735934314098021483302523126112934886851449787821324746897824579116356505011545442249328037613202939712849559956438546823024089609917949622368297238394600984721740830767271087162631650151318158182437872149492994827413545517405893088033410486071994489108345197172268278346491857535392685855169900686733152577385765625191068689196929459702662691193339252254714126024841470673215851064739139652831659272366809194208510796304529902396378037930035461787222601199003309754745895158180416408864398236705817365348375687127, 73389332433274756093578181032530612506034080844772029694691131491066536358974138341546265755368997326686066817185700495300656048654658808823477435882824534169738758337227051045042706421212145635797395689442273508762528067143480308369141380914943745602820875324431726796676113822460883222567652879881333689377697511377729109483335946774659003651409745906623356028422909456085113871713387553707092183155550807431980813116225621504668454658746347506330106833355214879834876630940922554688296103826113800212198446152529014601009, 41611751489666786705058828645444857290921323838985740836889871555434726115538336439656732683294221484230999885344292180835471979587191544602911706145561510874241875977207737942539214540827286575497123355913769079468353414070353334845303162978773103756799436308952789093715356537335320787195859182892716201877154488951172405077051481821231655070349325929055442868115789661600259565261490742951921267849197307813933121036899927393147013791509179036089170574512406836866375049743503088508263890869406524720316518968483951278772103, 23593863094641068061768355841967234083952390616704915054516557171931489707510236761285367431427823581558976934990213666533712612425937605789850937384533376665695143679076787413419734644649071488306868942803107068058556385777890340857286893408964349830105280387176231416136607156669126886340052156700170086464346595235314753678688190192638348424888067801774436106221652738127347173503265251253739358870494873530500079627922258831914356819785704513462559715748534676503234653204566251184185626122953499516419466255130400375063782401, 13377720374661485591022657762395421725601005479671686835910887916485154664158304243648803333619575970743939922139451148924615051245506622482845481497030424569449146466036538463408989543516023533869994690569361707589201470736063823266081668562882786353669693979528923212949456257831394944554809572848996439025284519498423465335816203839225943556911534443606105272227677102518205847376351397460870216479570593291793545149031920757695440316818494459133271358829419161577334048366989064421433250011714634225809837366658937012661164621367, 7585167452433062330109846951278204118415770106973846435961473448647082694577758506148871490162299575411813935853068801440256734056202254947773388008816250730877666046242717308752897071173585343704286989552828088203077233907348187791868306075154539862530716486392899461742341698190400933562577027805380980927336322555606104845407787576841109996768840029524661689353092917127822715462391242360313412743916526396446940099501099069613314659636086358328564860456280664614348405424082799526952652756642197606034177786895617286178880340315089, 4300789945529546341172283221374741735141741650654170929190155445382895887825589072986410134922023859258498501628690010416625568209866678555387511000998814164407636648219620714062892639355422889880330723076453526011144791625466422477989329544612624102054916247784773994807907742873957329329981174765651016185799694889028661447346215556068909368167932296740483177863203684011475479667175834418297705025800670466785415036417123172470749412013660965172296275878711136836335545875454947331782154113016126042621378805169815001263425152958655463, 2438547899115252775444684586519478563825367515920914916850818137532101968397109004383294546500787528199568650423467235906226697174994406740904718737566327631219129979540524944873660126514524778562147519984349149248319096851639461545019949851795357865865137512493966855056083690209533805730099326092124126177348427002079251040645304220291071611751217612251853961848436488834506596971288698115174798749628980154667330325648508838790914916611745767252691988423229214586202254511382955137120481382080143466166321782531285105716362061727557647521, 1382656658798348323677136160556544345688983381527158757854413883980701816081160805485328007865946528489155424790105922758830537298221828622092975524200107766901246698399477643743365291733735549444737643831125967623796927914879574696026311565967967909945532969584079206816799452348805667848966317894234379542556558110178935340045887492905037603862940386146801196368063489169165240482720691831304110891039631747696376294642704511594448757718859850032276357435970964670376678307954135562747312943639441345316304450695238654941177288999525186144407, 783966325538663499524936203035560644005653577325899015703452672217057929718018176710180980459991681653351125855990058204256914648091776828726717122221461103833006877992503824002488120413028056535166244052248423642692858127736718852646918657903837804939117193754172910265125289481772813670363902246030893200629568448471456337806018208477156321390287198945236278340691998358916691353702632268349430875219471200943845359062413458074052445626593534968300694666195536968103576600609994864077726439043563242794344623544200317351647522862730780543878769, 444508906580422204230638827121162885151205578343784741903857665147071846150116306194672615920815283497450088360346363001813670605468037461888048608299568445873314899821749668209410764274186908055439260377624856205406850558426719589450802879031476035400479448858616040120326039136165185351096332573499516444756965310283315743536012324206547634228292841801948969819172363069505763997549392496154127306249440170935160318588388430727987736670278534327026493875732869460914727932545867087932070890937700358664393401549561579938384145463168352568379262023]
len(predicted_full) = 200, len(input_sequence + seq_pred) = 200
is_manual_check: False
