test results being evaluated: data/test_linrec15.tsv
csv file used: ../linear_database_newbl.csv
The sequence ID inspected: A017345
csv results file used: ../linear_database_newbl.csv
Results we are looking at now:
('Could you give me a recursive equation in a form of a Python code for the following number sequence: 7776,1048576,11881376,60466176,205962976,550731776,1252332576,2535525376,4704270176,8153726976', 'Certainly, the Python code is the following: lambda a_n: n * abs( -10 * -4 - 8 - 7 * -9 ) + 9 // n')

Experiment type: Evaluation of the results of llms.
Ground truth: 
[7776, 1048576, 11881376, 60466176, 205962976, 550731776, 1252332576, 2535525376, 4704270176, 8153726976, 13382255776, 21003416576, 31757969376, 46525874176, 66338290976, 92389579776, 126049300576, 168874213376, 222620278176, 289254654976, 370967703776, 470184984576, 589579257376, 732082482176, 900897818976, 1099511627776, 1331705468576, 1601568101376, 1913507486176, 2272262782976, 2682916351776, 3150905752576, 3682035745376, 4282490290176, 4958844546976, 5718076875776, 6567580836576, 7515177189376, 8569125894176, 9738138110976, 11031388199776, 12458525720576, 14029687433376, 15755509298176, 17647138474976, 19716245323776, 21975035404576, 24436261477376, 27113235502176, 30019840638976, 33170543247776, 36580404888576, 40265094321376, 44240899506176, 48524739602976, 53134176971776, 58087429172576, 63403380965376, 69101596310176, 75202330366976, 81726541495776, 88695903256576, 96132816409376, 104060420914176, 112502607930976, 121484031819776, 131030122140576, 141167095653376, 151921968318176, 163322567294976, 175397542943776, 188176380824576, 201689413697376, 215967833522176, 231043703458976, 246949969867776, 263720474308576, 281389965541376, 299994111526176, 319569511422976, 340153707591776, 361785197592576, 384503446185376, 408348897330176, 433362986186976, 459588151115776, 487067845676576, 515846550629376, 545969785934176, 577484122750976, 610437195439776, 644877713560576, 680855473873376, 718421372338176, 757627416114976, 798526735563776, 841173596244576, 885623410917376, 931932751542176, 980159361278976, 1030362166487776, 1082601288728576, 1136938056761376, 1193435018546176, 1252155953242976, 1313165883211776, 1376531086012576, 1442319106405376, 1510598768350176, 1581440187006976, 1654914780735776, 1731095283096576, 1810055754849376, 1891871595954176, 1976619557570976, 2064377754059776, 2155225674980576, 2249244197093376, 2346515596358176, 2447123559934976, 2551153198183776, 2658691056664576, 2769825128137376, 2884644864562176, 3003241189098976, 3125706508107776, 3252134723148576, 3382621242981376, 3517262995566176, 3656158440062976, 3799407578831776, 3947111969432576, 4099374736625376, 4256300584370176, 4417995807826976, 4584568305355776, 4756127590516576, 4932784804069376, 5114652725974176, 5301845787390976, 5494480082679776, 5692673381400576, 5896545140313376, 6106216515378176, 6321810373754976, 6543451305803776, 6771265637084576, 7005381440357376, 7245928547582176, 7493038561918976, 7746844869727776, 8007482652568576, 8275088899201376, 8549802417586176, 8831763846882976, 9121115669451776, 9418002222852576, 9722569711845376, 10034966220390176, 10355341723646976, 10683848099975776, 11020639142936576, 11365870573289376, 11719700050994176, 12082287187210976, 12453793556299776, 12834382707820576, 13224220178533376, 13623473504398176, 14032312232574976, 14450907933423776, 14879434212504576, 15318066722577376, 15766983175602176, 16226363354738976, 16696389126347776, 17177244451988576, 17669115400421376, 18172190159606176, 18686659048702976, 19212714530071776, 19750551221272576, 20300365907065376, 20862357551410176, 21436727309466976, 22023678539595776, 22623416815356576, 23236149937509376, 23862087946014176, 24501443132030976, 25154430049919776, 25821265529240576, 26502168686753376, 27197360938418176, 27907066011394976, 28631509956043776, 29370921157924576, 30125530349797376, 30895570623622176, 31681277442558976]
Predicted:    
[7776, 1048576, 11881376, 60466176, 205962976, 550731776, 1252332576, 2535525376, 4704270176, 8153726976, 950, 1045, 1140, 1235, 1330, 1425, 1520, 1615, 1710, 1805, 1900, 1995, 2090, 2185, 2280, 2375, 2470, 2565, 2660, 2755, 2850, 2945, 3040, 3135, 3230, 3325, 3420, 3515, 3610, 3705, 3800, 3895, 3990, 4085, 4180, 4275, 4370, 4465, 4560, 4655, 4750, 4845, 4940, 5035, 5130, 5225, 5320, 5415, 5510, 5605, 5700, 5795, 5890, 5985, 6080, 6175, 6270, 6365, 6460, 6555, 6650, 6745, 6840, 6935, 7030, 7125, 7220, 7315, 7410, 7505, 7600, 7695, 7790, 7885, 7980, 8075, 8170, 8265, 8360, 8455, 8550, 8645, 8740, 8835, 8930, 9025, 9120, 9215, 9310, 9405, 9500, 9595, 9690, 9785, 9880, 9975, 10070, 10165, 10260, 10355, 10450, 10545, 10640, 10735, 10830, 10925, 11020, 11115, 11210, 11305, 11400, 11495, 11590, 11685, 11780, 11875, 11970, 12065, 12160, 12255, 12350, 12445, 12540, 12635, 12730, 12825, 12920, 13015, 13110, 13205, 13300, 13395, 13490, 13585, 13680, 13775, 13870, 13965, 14060, 14155, 14250, 14345, 14440, 14535, 14630, 14725, 14820, 14915, 15010, 15105, 15200, 15295, 15390, 15485, 15580, 15675, 15770, 15865, 15960, 16055, 16150, 16245, 16340, 16435, 16530, 16625, 16720, 16815, 16910, 17005, 17100, 17195, 17290, 17385, 17480, 17575, 17670, 17765, 17860, 17955, 18050, 18145, 18240, 18335, 18430, 18525, 18620, 18715, 18810, 18905]
len(predicted_full) = 200, len(input_sequence + seq_pred) = 200
is_manual_check: False
