test results being evaluated: data/test_linrec15.tsv
csv file used: ../linear_database_newbl.csv
The sequence ID inspected: A017460
csv results file used: ../linear_database_newbl.csv
Results we are looking at now:
('Could you give me a recursive equation in a form of a Python code for the following number sequence: 244140625,281474976710656,150094635296999121,9065737908494995456,191581231380566414401', 'Certainly, the Python code is the following: lambda a_n: a_n[-1] * 6 + n * ( -3 * n ) * -8 * 4 * n * n')

Experiment type: Evaluation of the results of llms.
Ground truth: 
[244140625, 281474976710656, 150094635296999121, 9065737908494995456, 191581231380566414401, 2176782336000000000000, 16409682740640811134241, 92420056270299898187776, 418596297479370673535601, 1601032218567680790102016, 5350250105473711181640625, 16012035393449278995173376, 43716643078717303412870881, 110443607719611533356957696, 261075123337098804348567681, 582622237229761000000000000, 1236354171303115835117980561, 2509659166022727122011815936, 4897252030306448390395044241, 9224976748383532391296208896, 16834112196028232574462890625, 29849979392446980130179383296, 51565999387260564203827465441, 86983418472562773463547252736, 143557987030641165766449098161, 232218265089212416000000000000, 368736278169776566314796884081, 575550340897290317159369936896, 884162417215006648162206715681, 1338258845052394702439737982976, 1997734107576381138808837890625, 2943833109384368375058857660416, 4285668681360310036179623022801, 6168418401625692825349129240576, 8783558934816442124406231285841, 12381557655576425121000000000000, 17287511078984605626766090564801, 23920298362969902942430645190656, 32815906717500287775869592309921, 44655684845389758862462603104256, 60300391495425327222539306640625, 80831029829703640895574283124736, 107597595648665281034526000582961, 142277019691463451701972659081216, 186941752406703015828209321210721, 244140625000000000000000000000000, 316993824502572670874954368542721, 409304044424585726500149595017216, 525686117678205789920105722386961, 671717706364343388493779080052736, 854113915267488815861797119140625, 1080929014117615599540292857696256, 1361788799550131972374553991985921, 1708157502989704661167934753734656, 2133643557240451317422184503752801, 2654348974297586158321000000000000, 3289267561794796586432994591137841, 4060737717636219342428430533656576, 4994956093880272959686195182306801, 6122559014074299303482949394108416, 7479279165296095000367519775390625, 9106685769537214956799814036094976, 11053017171245266755465100091871681, 13374115561397272104186549578960896, 16134474396061162385625440298592081, 19408409961765342806016000000000000, 23281369493976380470743875853470161, 27851389271514759751247544524148736, 33230717191845457716209080820229441, 39547615482987120994331486423351296, 46948360430511817991733551025390625, 55599457296076791953435616709840896, 65690089980561099570826551409680241, 77434826443696392228833820657319936, 91076602436708948301593028416208561, 106890007738661124410161000000000000, 125184900814733057351483732809459681, 146310379639566282742693615890333696, 170659138355056181006389366115114881, 198672241463797232629825107794661376, 230844349401034059226551640869140625, 267729431583846424771548588871254016, 309947005410907739136895795941651601, 358188942184131300411504607396171776, 413226883549602383464840561293882241, 475920314814253376475136000000000000, 547225344391761231308486996775826401, 628204241671242477596795888648851456, 720035788790726610591483943464723121, 824026505139465665731580755659718656, 941622806914375817930331445556640625, 1074424167721924686943008243357454336, 1224197350053325207749567147562825761, 1392891781473855175731003532735676416, 1582656153562506366054250150911693121, 1795856326022129150390625000000000000, 2035094622959065220239667799316090321, 2303230613111378039467503732461142016, 2603403470792763393653965678793614161, 2939056019521757527948651851351003136, 3313960565729807262163905527587890625, 3732246635594118785223552712474361856, 4198430733929098957233675735339042721, 4717448250200931539003881822316793856, 5294687643110826238059397656088521201, 5936027041831326482169856000000000000, 6647873408884499847505044841104571441, 7437204416828753789549817397705445376, 8311613198380464234534128862881148001, 9279356137345777447161964892117794816, 10349403875785205936107039355712890625, 11531495721187505814098150254300696576, 12836197646098475602532096086758942481, 14274964081643596858902905105569284096, 15860203715709850899097597065458046481, 17605349516220764271966721000000000000, 19524933209959096306041806378870389761, 21634664457773091075986529169268801536, 23951514977754549423426530579809484641, 26493807879109981416557151537142173696, 29281312480969795861303806304931640625, 32335344902305065515615703243471978496, 35678874721457244658716175674485965041, 39336638016543857102326928249119707136, 43335257111193343900365036083324748961, 47703367363695867545849856000000000000, 52471751351745001799666935023221465281, 57673480819499165272090071008659050496, 63344066768722839110303374782931584081, 69521618091287687611717137770035019776, 76247009156334506107453527656494140625, 83564056781930473215816203459244527616, 91519707038114695576996243036230350401, 100164232345820905828480703532919422976, 109551439354312006105338305625599908641, 119738888098469732352733201000000000000, 130788122956567038687204256680148518001, 142764915949024053774865343014036832256, 155739522939124030417345397708759206321, 169786953317757184334113503565012013056, 184987253775981490465758317597900390625, 201425806791554371341876100923639463936, 219193644478611974389971434717341138561, 238387778473367803127446729919492591616, 259111546553084459488673472973017605521, 281474976710656000000000000000000000000, 305595169432938947932747452209009067921, 331596698957502591145169436067767586816, 359612034309749300181708012299170911361, 389781980950398908853001620723949633536, 422256143892153613406260713222900390625, 457193413173977489361346375582466707456, 494762472611853940900251306725718169521, 535142332776141752545651715806704173056, 578522889177752696861921021768830719601, 625105506678337880602119441000000000000, 675103631173513427581457302209791435041, 728743429632896170491158053881093554176, 786264459616374456724539607542340059201, 847920369422625897359258641191521161216, 913979630063431068960851309531494140625, 984726300295838214526158009762028978176, 1060460825983727518305827186428644083281, 1141500875100823422522738807494447927296, 1228182209728728824186066929888186930881, 1320859596446125189798629376000000000000, 1419907756548917249242901712792458739361, 1525722357585819815451599496285525774336, 1638721047739707506536612648082782809841, 1759344534631996051254735111195612676096, 1888057710175417014397680759429931640625, 2025350823149807012756417217574305796096, 2171740701225978882559794451861136319841, 2327772024214397136046825942635654414336, 2494018650368264992414259966446384719361, 2671084997624767126594464001000000000000, 2859607481723623144969399741221172900881, 3060256013198814025522221319060556087296, 3273735555297369966381097332090926123281, 3500787744938476148040543336000219058176, 3742192578886885970585465738730712890625, 3998770167376752782338488023283417481216, 4271382557485524640866112889255419119201, 4560935628622516179099267914182018994176, 4868381062563201395358740289853209365041, 5194718390528185623763746816000000000000, 5540997119875238820311405712966198639601, 5908318943043730642849664587827289133056, 6297840031463325908267584473222595759521, 6710773417212902452077188663898019987456, 7148391465291368046787189716152587890625, 7612028439439404988245380482086169153536, 8103083164530186646678939088241115521361, 8623021788627816397270340847774849826816, 9173380647894662873608655787860548947921, 9755769237612933691650390625000000000000, 10371873292671770224373660963936287475521, 11023457980958886509144918266577594351616, 11712371213185344072040196687538824278561, 12440547072763479778648614284309835943936]
Predicted:    
[244140625, 281474976710656, 150094635296999121, 9065737908494995456, 191581231380566414401, 1149487388283398546406, 6896924329700391402852, 41381545978202348647608, 248289275869214092278864, 1489735655215284554303040, 8938413931291707326778240, 53630483587750243962074976, 321782901526501463774440512, 1930697409159008782649384928, 11584184454954052695899997504, 69505106729724316175404845024, 417030640378345897052435361600, 2502183842270075382314620187616, 15013103053620452293887731203392, 90078618321722713763326399731168, 540471709930336282579958413747008, 3242830259582017695479750501152224, 19456981557492106172878503029401920, 116741889344952637037271018203276256, 700451336069715822223626109251508032, 4202708016418294933341756655546548192, 25216248098509769600050539933323158848, 151297488591058617600303239599989971424, 907784931546351705601819437599998835520, 5446709589278110233610916625600060912096, 32680257535668661401665499753600443232576, 196081545214011968409992998521602748053472, 1176489271284071810459957991129616588984128, 7058935627704430862759747946777699647753184, 42353613766226585176558487680666198014807360, 254121682597359511059350926083997188232904160, 1524730095584157066356105556503983129558668096, 9148380573504942398136633339023898777531928032, 54890283441029654388819800034143392665391741248, 329341700646177926332918800204860355992572537824, 1976050203877067557997512801229162135955680986944, 11856301223262405347985076807374972815734357194720, 71137807339574432087910460844249836894406441891136, 426826844037446592527462765065499021366438979551712, 2560961064224679555164776590392994128198634237127488, 15365766385348077330988659542357964769191805816424928, 92194598312088463985931957254147788615150835328385344, 553167589872530783915591743524886731690905012438761440, 3319005539235184703493550461149320390145430075142176576, 19914033235411108220961302766895922340872580451406480352, 119484199412466649325767816601375534045235482709038882112, 716905196474799895954606899608253204271412896254882751968, 4301431178848799375727641397649519225628477377529998426944, 25808587073092796254365848385897115353770864265180748047840, 154851522438556777526195090315382692122625185591085304580416, 929109134631340665157170541892296152735751113546512705942496, 5574654807788043990943023251353776916414506681279077179766592, 33447928846728263945658139508122661498487040087674464091975648, 200687573080369583673948837048735968990922240526046785638237504, 1204125438482217502043693022292415813945533443156280714992691680, 7224752630893305012262158133754494883673200658937684291200310080, 43348515785359830073572948802526969302039203953626105748531061216, 260091094712158980441437692815161815812235223721756634492604895552, 1560546568272953882648626156890970894873411342330539806957141657568, 9363279409637723295891756941345825369240468053983238841744460558144, 56179676457826339775350541648074952215442808323899433050468477008864, 337078058746958038652103249888449713292656849943396598302812683627840, 2022468352481748231912619499330698279755941099660379589816878036274656, 12134810114890489391475716995984189678535646597962277538901270270260032, 72808860689342936348854301975905138071213879587773665233407623797603808, 436853164136057618093125811855430828427283277526641991400445745090582848, 2621118984816345708558754871132584970563699665159851948402674472983018464, 15726713908898074251352529226795509823382197990959111690416046840478000960, 94360283453388445508115175360773058940293187945754670142496281045594236896, 566161700720330673048691052164638353641759127674528020854977686276444132672, 3396970204321984038292146312987830121850554766047168125129866117661702296032, 20381821225931904229752877877926980731103328596283008750779196705973416545088, 122290927355591425378517267267561884386619971577698052504675180235843873962464, 733745564133548552271103603605371306319719829466188315028051081415066797220160, 4402473384801291313626621621632227837918318976797129890168306488490404522528736, 26414840308807747881759729729793367027509913860782779341009838930942431067332416, 158489041852846487290558378378760202165059483164696676046059033585654590536479712, 950934251117078923743350270272561212990356898988180056276354201513927547559247168, 5705605506702473542460101621635367277942141393929080337658125209083565289911481824, 34233633040214841254760609729812203667652848363574482025948751254501391744248456000, 205401798241289047528563658378873222005917090181446892155692507527008350470501996000, 1232410789447734285171381950273239332035502541088681352934155045162050102828263254336, 7394464736686405711028291701639435992213015246532088117604930270972300616975079343072, 44366788420118434266169750209836615953278091479192528705629581625833803701856233133888, 266200730520710605597018501259019695719668548875155172233777489755002822211143422058464, 1597204383124263633582111007554118174318011293250931033402664938530016933266866830910784, 9583226298745581801492666045324709045908067759505586200415989631180101599601207568660960, 57499357792473490808955996271948254275448406557033517202495937787080609597607252289338176, 344996146754840944853735977631689525652690439342201103214975626722483657585643520917328352, 2069976880529045669122415865790137153916142636053206619289853760334901945513861132999160128, 12419861283174274014734495194740822923496855816319239715739122562009411673083166805814220768, 74519167699045644088406971168444937540981134897915438294434735372056470038499000843039051584, 447115006194273864530441827010669625245886809387492629766608412232338820230994005066733120480, 2682690037165643187182650962064017751475320856324955778599650473394032921385964030409253457216, 16096140222993859123095905772384106508851925137949734671597902840364197528315784182464742464992, 96576841337963154738575434634304639053111550827698408029587417042185185169894705094798054789952, 579461048027778928431452607805827834318669304966190448177524502253111111019368230568798318538208, 3476766288166673570588715646834967005912015829797142689065147013518666666116209383412800302577984, 20860597729000041423532293881009802035472094978782856134390882081111999996697256300476812620352480, 125163586374000248541193763286058812212832569872697136806345292486671999980183537802860886952757056, 750981518244001491247162579716352873276995419236182820838071754920031999881101226817165333385402336, 4505889109464008947482975478298117239661972515417096925028430529520191999286607360902992012432192832, 27035334656784053684897852869788703437971835092502581550170583177121151995719644165417952087176798688, 162212007940704322109387117218732220627831010555015489301023499062726911974317864992507712536121486144, 973272047644225932656322703312393323766986063330092935806140994376361471845907189955046275230280100320, 5839632285865355595937936219874359942601916379980557614836845966258168831075443139730277651395735961920, 35037793715192133575627617319246159655611498279883345689021075797549012986452658838381665908388989247456, 210226762291152801453765703915476957933668989679300074134126454785294077918715953030289995450349041270592, 1261360573746916808722594223492861747602013938075800444804758728711764467512295718181739972702109900170208, 7568163442481500852335565340957170485612083628454802668828552372270586805073774309090439836212675615038784, 45408980654889005114013392045743022913672501770728816012971314233623520830442645854542639017276070480692704, 272453883929334030684080352274458137482035010624372896077827885401741124982655875127255834103656440266294080, 1634723303576004184104482113646748824892210063746237376466967312410446749895935250763535004621938659587081696, 9808339821456025104626892681880492949353260382477424258801803874462680499375611504581210027731631976134756672, 58850038928736150627761356091282957696119562294864545552810823246776082996253669027487260166389791876059796448, 353100233572416903766568136547697746176717373769187273316864939480656497977522014164923560998338751276265338688, 2118601401434501422599408819286186477060304242615123639901189636883938987865132084989541365990032507678170484704, 12711608408607008535596452915717118862361825455690741839407137821303633927190792509937248195940195046090290120000, 76269650451642051213578717494302713174170952734144451036442826927821803563144755059623489175641170276563713837536, 457617902709852307281472304965816279045025716404866706218656961566930821378868530357740935053847021659404979477312, 2745707416259113843688833829794897674270154298429200237311941769401584928273211182146445610323082129956453314363872, 16474244497554683062133002978769386045620925790575201423871650616409509569639267092878673661938492779738744082731328, 98845466985328098372798017872616316273725554743451208543229903698457057417835602557272041971630956678432489470273504, 593072801911968590236788107235697897642353328460707251259379422190742344507013615343632251829785740070594962591444800, 3558436811471811541420728643414187385854119970764243507556276533144454067042081692061793510978714440423569802133265376, 21350620868830869248524371860485124315124719824585461045337659198866724402252490152370761065872286642541418840218152256, 128103725212985215491146231162910745890748318947512766272025955193200346413514940914224566395233719855248513069580905952, 768622351277911292946877386977464475344489913685076597632155731159202078481089645485347398371402319131491078446630630208, 4611734107667467757681264321864786852066939482110459585792934386955212470886537872912084390228413914788946470709822250464, 27670404646004806546087585931188721112401636892662757514757606321731274825319227237472506341370483488733678824289885624640, 166022427876028839276525515587132326674409821355976545088545637930387648951915363424835038048222900932402072945771200207840, 996134567256173035659153093522793960046458928135859270531273827582325893711492180549010228289337405594412437674660043040576, 5976807403537038213954918561136763760278753568815155623187642965493955362268953083294061369736024433566474626047994076678112, 35860844421222229283729511366820582561672521412890933739125857792963732173613718499764368218416146601398847756287999276766528, 215165066527333375702377068200923495370035128477345602434755146757782393041682310998586209310496879608393086537728031497499104, 1290990399164000254214262409205540972220210770864073614608530880546694358250093865991517255862981277650358519226368225864354624, 7745942394984001525285574455233245833321264625184441687651185283280166149500563195949103535177887665902151115358209393130527200, 46475654369904009151713446731399474999927587751106650125907111699680996897003379175694621211067325995412906692149256397815505216, 278853926219424054910280680388396849999565526506639900755442670198085981382020275054167727266403955972477440152895538427036544992, 1673123557316544329461684082330381099997393159039839404532656021188515888292121650325006363598423735834864640917373230603497512768, 10038741343899265976770104493982286599984358954239036427195936127131095329752729901950038181590542415009187845504239383663421936608, 60232448063395595860620626963893719599906153725434218563175616762786571978516379411700229089543254490055127073025436302024151317824, 361394688380373575163723761783362317599436922352605311379053700576719431871098276470201374537259526940330762438152617812189734999520, 2168368130282241450982342570700173905596621534115631868274322203460316591226589658821208247223557161641984574628915706873184469377856, 13010208781693448705894055424201043433579729204693791209645933220761899547359537952927249483341342969851907447773494241239154133169632, 78061252690160692235364332545206260601478375228162747257875599324571397284157227717563496900048057819111444686640965447434973399017792, 468367516140964153412185995271237563608870251368976483547253595947428383704943366305380981400288346914668668119845792684609890303124448, 2810205096845784920473115971627425381653221508213858901283521575684570302229660197832285888401730081488012008719074756107659393063049024, 16861230581074709522838695829764552289919329049283153407701129454107421813377961186993715330410380488928072052314448536645956410984497120, 101167383486448257137032174978587313739515974295698920446206776724644530880267767121962291982462282933568432313886691219875738519902053696, 607004300918689542822193049871523882437095845774193522677240660347867185281606602731773751894773697601410593883320147319254431174823582176, 3642025805512137256933158299229143294622575074645161136063443962087203111689639616390642511368642185608463563299920883915526587105796619072, 21852154833072823541598949795374859767735450447870966816380663772523218670137837698343855068211853113650781379799525303493159522693106741728, 131112928998436941249593698772249158606412702687225800898283982635139312020827026190063130409271118681904688278797151820958957136218467774784, 786677573990621647497562192633494951638476216123354805389703895810835872124962157140378782455626712091428129672782910925753742817372163028960, 4720065443943729884985373155800969709830857296740128832338223374865015232749772942842272694733760272548568778036697465554522456904295892733760, 28320392663662379309912238934805818258985143780440772994029340249190091396498637657053636168402561635291412668220184793327134741425839858633696, 169922355981974275859473433608834909553910862682644637964176041495140548378991825942321817010415369811748476009321108759962808448555105271565632, 1019534135891845655156840601653009457323465176095867827785056248970843290273950955653930902062492218870490856055926652559776850691330699396922848, 6117204815351073930941043609918056743940791056575206966710337493825059741643705733923585412374953313222945136335559915358661104147984265827439424, 36703228892106443585646261659508340463644746339451241800262024962950358449862234403541512474249719879337670818013359492151966624887905666119896544, 220219373352638661513877569957050042781868478036707450801572149777702150699173406421249074845498319276026024908080156952911799749327434069615360320, 1321316240115831969083265419742300256691210868220244704809432898666212904195040438527494449072989915656156149448480941717470798495964604492360608736, 7927897440694991814499592518453801540147265209321468228856597391997277425170242631164966694437939493936936896690885650304824790975787627030636693312, 47567384644169950886997555110722809240883591255928809373139584351983664551021455786989800166627636963621621380145313901828948745854725762262130309088, 285404307865019705321985330664336855445301547535572856238837506111901987306128734721938800999765821781729728280871883410973692475128354573652962014528, 1712425847190118231931911983986021132671809285213437137433025036671411923836772408331632805998594930690378369685231300465842154850770127441999855550944, 10274555083140709391591471903916126796030855711280622824598150220028471543020634449989796835991569584142270218111387802795052929104620764652083153759040, 61647330498844256349548831423496760776185134267683736947588901320170829258123806699938781015949417504853621308668326816770317574627724587912584914078176, 369883982993065538097292988540980564657110805606102421685533407921024975548742840199632686095696505029121727852009960900621905447766347527475597481541952, 2219303897958393228583757931245883387942664833636614530113200447526149853292457041197796116574179030174730367112059765403731432686598085164853674926751712, 13315823387750359371502547587475300327655989001819687180679202685156899119754742247186776699445074181048382202672358592422388596119588510989122141673717568, 79894940326502156229015285524851801965935934010918123084075216110941394718528453483120660196670445086290293216034151554534331576717531065934732944266904544, 479369641959012937374091713149110811795615604065508738504451296665648368311170720898723961180022670517741759296204909327205989460305186395608397761973509440, 2876217851754077624244550278894664870773693624393052431026707779993890209867024325392343767080136023106450555777229455963235936761831118373650386670397122016, 17257307110524465745467301673367989224642161746358314586160246679963341259202145952354062602480816138638703334663376735779415620570986710241902320123159692096, 103543842663146794472803810040207935347852970478149887516961480079780047555212875714124375614884896831832220007980260414676493723425920261451413920841993332192, 621263055978880766836822860241247612087117822868899325101768880478680285331277254284746253689309380990993320047881562488058962340555521568708483525157291133248, 3727578335873284601020937161447485672522706937213395950610613282872081711987663525708477522135856285945959920287289374928353774043333129412250901151051412059104, 22365470015239707606125622968684914035136241623280375703663679697232490271925981154250865132815137715675759521723736249570122644259998776473505406906418510313280, 134192820091438245636753737812109484210817449739682254221982078183394941631555886925505190796890826294054557130342417497420735865559992658841032441438623511539680, 805156920548629473820522426872656905264904698438093525331892469100369649789335321553031144781344957764327342782054504984524415193359955953046194648631855970026816, 4830941523291776842923134561235941431589428190628561151991354814602217898736011929318186868688069746585964056692327029907146491160159735718277167891791253211933152, 28985649139750661057538807367415648589536569143771366911948128887613307392416071575909121212128418479515784340153962179442878946960958414309663007350747639194639168, 173913894838503966345232844204493891537219414862628201471688773325679844354496429455454727272770510877094706040923773076657273681765750485857978044104485957662859744, 1043483369031023798071397065226963349223316489175769208830132639954079066126978576732728363636623065262568236245542638459943642090594502915147868264626915871085318464, 6260900214186142788428382391361780095339898935054615252980795839724474396761871460396370181819738391575409417473255830759661852543567017490887209587761495354274793440, 37565401285116856730570294348170680572039393610327691517884775038346846380571228762378221090918430349452456504839534984557971115261402104945323257526568972256108392256, 225392407710701140383421766089024083432236361661966149107308650230081078283427372574269326545510582096714739029037209907347826691568412629671939545159413833669849201632, 1352354446264206842300530596534144500593418169971796894643851901380486469700564235445615959273063492580288434174223259444086960149410475778031637270956483002155076185408, 8114126677585241053803183579204867003560509019830781367863111408282918818203385412673695755638380955481730605045339556664521760896462854668189823625738898013069263572448, 48684760065511446322819101475229202021363054118984688207178668449697512909220312476042174533830285732890383630272037339987130565378777128009138941754433388078557257184064, 292108560393068677936914608851375212128178324713908129243072010698185077455321874856253047202981714397342301781632224039922783392272662768054833650526600328471488132398560, 1752651362358412067621487653108251272769069948283448775458432064189110464731931249137518283217890286384053810689793344239536700353635976608329001903159601970829076341938496, 10515908174150472405728925918649507636614419689700692652750592385134662788391587494825109699307341718304322864138760065437220202121815859649974011418957611824974608602594272]
len(predicted_full) = 200, len(input_sequence + seq_pred) = 200
is_manual_check: False
