test results being evaluated: data/test_linrec15.tsv
csv file used: ../linear_database_newbl.csv
The sequence ID inspected: A020577
csv results file used: ../linear_database_newbl.csv
Results we are looking at now:
('Could you give me a recursive equation in a form of a Python code for the following number sequence: 1,25,427,6229,83779,1076341,13459699,165601573,2017494787', 'Certainly, the Python code is the following: lambda a_n: ( -8 ) - a_n[-1] * -8 - -4 * -7 * -3')

Experiment type: Evaluation of the results of llms.
Ground truth: 
[1, 25, 427, 6229, 83779, 1076341, 13459699, 165601573, 2017494787, 24431946517, 294797887891, 3549239159557, 42674698231075, 512696237681653, 6156632228705203, 73909998565124581, 887135686636037443, 10647155093273691349, 127776650654729658835, 1533395943964613455045, 18401287936488804366691, 220819233437210393121205, 2649857380263641744767987, 31798475406013743182013349, 381583017510496552219359619, 4579005427024568094808412821, 54948129813166811594511843859, 659378011603596069409287605893, 7912539322303255359302285125027, 94950494185905435283152151463797, 1139406086679803739919232285209651, 13672874136626658013005032843423077, 164074497322761649203826512951819715, 1968894021703584028439959392543387733, 23626728637542629807195871802209620563, 283520746291927978747513397859366879301, 3402248974003365117196791863488534528483, 40826987817603873560738863199372369874229, 489923854718562247102253543534700317383795, 5879086262976185231597226774090000101852965, 70549035200201658138296854784863014120944131, 846588422713912150140706254293244292818148885, 10159061074747872798859881404069590575840678547, 121908732912243849945338811563248353534979326469, 1462904795053829158130129723239225027938375847459, 17554857541394374554701538619108525348757191533301, 210658290501972090930223541304223748368760951076019, 2527899486060346007122269266534675104246041280426213, 30334793832980940949442045949161272204909988230387267, 364017525997568948154674498772494903659889051577605077, 4368210311983411783466961081711916947465053425158259411, 52418523743889037090567267444221213953242937484705862597, 629022284927285144007679339307908224677576940931424160355, 7548267419131738795127012913924711395719708827593605957813, 90579209029611086058300716457039448239266926877709919943923, 1086950508355544582602239741480079094866669602308651795770021, 13043406100268015878256466187126221163734621785036908148091523, 156520873203226556974551746959447750222355494515175447791561109, 1878250478438791250100542198641161828952233729005638886534996755, 22539005741266002974193568026370006646301704690794835207283946885, 270468068895195591550105925795861790137067508162402806335116113571, 3245616826742371989912994943790428999250875974701534786149319720565, 38947401920908638119897458572470573883868591915543210943851111757107, 467368823050904877135916852042373747474123379011527400331611010495589, 5608425876610867063574373955380546273469544767260202773627012273647299, 67301110519330464528876131300648824074331960462656422390717287088637781, 807613326231965992710679332780228808438287330670700220356915696323556179, 9691359914783594841090993795489048366068105657860676073468883750456862533, 116296318977403158593113907172267912414385058046897095090974298582030881507, 1395555827728838046618013291521101553331038345574046425787403992907385570357, 16746669932746057563923639540844972551726042397627316557700506113672783437171, 200960039192952697798653766014769234090455536772657857562457708731500807278117, 2411520470315432422804942220208561469898475350755557159233594120205631388852995, 28938245643785189418207624162875594563621612856306840728554281757594707732591893, 347258947725422275430333542542038387032231792491490260897084093339829085190075283, 4167107372705067322046919858286706933037547043519302866427085982075613218680596741, 50005288472460807982743597611933372353622074054246147730245857076431904296606326563, 600063461669529696620187913798753683163362360155042817195713785503100049052197951989, 7200761540034356365233113126382534647317812051069061823983416271410093237791916897715, 86409138480412276423333394423824556582825079289368126250877989222160200997952316536805, 1036909661764947317363753170126443910716034825640670494989873056708368988588316135475011, 12442915941179367810351306172940633026749682215460680536360626352512191908960470829036245, 149314991294152413738119557428087507864710999871505791031463300152516479286493143436403667, 1791779895529828964954761911203670088322219470249327959062074506596515954436666694040320709, 21501358746357947580138433720492504696324548618267235342647884916380780684307102248434359139, 258016304956295370966430241537742043884128604282552866351763873880277663689610095082822926261, 3096195659475544451630546165032684891745353093652570352317101184888191057783526145676891684339, 37154347913706533419800236896472419971523936196975477882972816591765712498936134348734269714853, 445852174964478401039238623470360880840119308939584661956823372621940925531828669796074944207747, 5350226099573740812482313948433956052080901315689367385659785627562560356629259321273641610559637, 64202713194884889749867920659539546561326973565472062427061912472169624759893218123980273247142931, 770432558338618676998976120927627249664576010335857487942149237348311894852778757064547564168469637, 9245190700063424123991640962612564872720433755540410000368004220509742088601758435987510372999497635, 110942288400761089487927184134051857851333588519008386859893760403751287913179948935393399336190489973, 1331307460809133073855318657701532735315640138587480665347322390056402459292151046619839901891770414643, 15975689529709596886265171029152783224178051550715722675609569318604216488149432528025809706720290159461, 191708274356515162635191482307478235369026669941152122128855854977428374372132600233355215358876718833603, 2300499292278181951622363797396277304437495171335180218785752133940501334132971492781169372594752808246869, 27605991507338183419468827636719244752855836616592109516637566999558240337669346467449909765998256117486675, 331271898088058201033629166116487243168761313140777724149303603377360644966960136633187236917069213196422725, 3975262777056698412403572634729494379590074744787136249706370894027497209718490447636308153046831034004628451, 47703153324680380948843030106079384697776470272566840057482492649747375669689504757131385438654192720437295925, 572437839896164571386117470698254300842632659169269996966449895328429709281324419159421989069285156729013018227, 6869254078753974856633417414356304518219473036636232262631724769150620943132707722682234719014201600717073601829, 82431048945047698279601063334117271276324900417764034555407216249209118478138968471084532400718292116682659582979, 989172587340572379355213140542303654925353709411438954355189649183933588690985589942379518144065104966508477598741, 11870071048086868552262560350237949137604126863033356077275501695906847213942008683516596836642563391820950437860499, 142440852577042422627150742848967709488150886922922062385485228848853725500717110388750380653501213238963142811783173, 1709290230924509071525809044710399850040533323735812289331596968620489917857666777713432619826911592296650656307965987, 20511482771094108858309709450184316137711937421625550343910701758176261293126453962355604931947401535579323151647772917, 246137793253129306299716519797828458716800884450100644752395899507371806244704750707560656422321154587183672819355776691, 2953653519037551675596598282343258397073487296933506544538703411750122338678844939110176674425206803152397767236850237157, 35443842228450620107159179701504320434317423762717013325824190877414276522255315634684631774712071844479555831119289694275, 425326106741407441285910158611748391430652755037941762282149029760548080345302787279911383668460710999754708966041206852053, 5103913280896889295430921918696856571896506568585062716988042469807736915920155035641756544228831778575724144276783331362003, 61246959370762671545171063131853410293039400293523473709050946054821698356850603089502514053820457896059367370527546333258181, 734963512449152058542052758334678845371525695297367072952844353347926782063106984969570392957106953587367177015270326975212643, 8819562149389824702504633105283211608502180434883400638790994919626572682545013350481207339562554392666589654732802799401645749, 105834745792677896430055597300267997616684280951142166274473367839404950186982854695164512766682193785979961474042428595911163635, 1270016949512134757160667167861302180000924248101513835149450755986417461690464644408497243984050979509547342429662005411760404645, 15240203394145617085928006016142229622604717513392930878341203506950049037241697609212386070937727532018612374866481884202029173891, 182882440729747405031136072206352979723743814310099184401273415379500663410569799403790111899008920025708836153506354045861395699605, 2194589288756968860373632866564759326538327111143842269035600271128561276582383039252582966397514642975847514198645088802060360000787, 26335071465083626324483594399396776907949680171946455377121837100575725274036571294407174583686714585443218933504575988608775355138949, 316020857581003515893803132797098977824920118704470604097238875182206333446529619487678153642560461019819918947649874571525576030918819, 3792250290972042190725637593595551318424283157582863441354790670289959615301520422682635088558389417637567772013457943299840301895855221, 45507003491664506288707651123359160912879534242747419932685875369862301898239577840886818782910868310078232691188079715592766272264484659, 546084041899974075464491813481797746597740030694331721393906724620977535683339330552798511474061075413706637570652856900499667350815867493, 6553008502799688905573901761791987668679191698716067062618679290117842262344013144356420752468603226436510023505864442248243474017539756227, 78636102033596266866886821141576754990718551648768695375547131964403104650011888391263370206438065357278265625016137566565906916198252410197, 943633224403155202402641853699431380654744810343379293572708788875717526290585629797623395955094977106035801306851319476847297394294635738451, 11323598692837862428831702244396748813220659648281178454519201955160515936783669468226073657246813513033799490765043427634247576354951953380677, 135883184314054349145980426932785991476199168790019783704859463191679992957661773754919147616106317298918144485377657767989641610567380173042915, 1630598211768652189751765123193606937737279993803884422587329822263579301708832946582218297829156725353703356821615910544491058032628513968878133, 19567178541223826277021181478324508533007776887406907332198749630037743969242761873067407340992261319225826255781203413077988190406267359463317363, 234806142494685915324254177739902679357217364482173538619926605391361613943381657375885210953151085279267136564480474554207254641422197827958692901, 2817673709936230983891050132878892191014483405224928562706826938457411010735726388607221642418204380353231307305428006980163197583558779565545063683, 33812084519234771806692601594547126563268966514405934716353375407484698668101943538781242591591294328425706075782292732962349568552133068372317348629, 405745014230817261680311219134568460656894000324627975957325660489796340004339118842747325911366037881453489876580732117306882431535476060621192328595, 4868940170769807140163734629614842121166394274496688320699413958545473313235099250248036822427849677706076022791560057324129097797178178878845685282565, 58427282049237685681964815555378249606982403921401459874976969392029445638741715268882696296407778783650665436420292011289488906035705278427793994711331, 701127384590852228183577786664540004354688607848304709258432403895589780310180146069700768828808716497716142295575097919182330032545232477236485115447285, 8413528615090226738202933439974487115752561934116459589847874792874832821154134050628755912535113950843934116465105898635600512708338968957147142315751347, 100962343381082720858435201279693894833504835575333493090015646424126884629363506839435024518663243411510492117059605251581813879906513653763462678369732069, 1211548120572992650301222415356327084113376684783823901926761883177332466421899922580511129774348116135512283583369012710964339817814522659098621278909966659, 14538577446875911803614668984275927432139750890474261549629277983065104245795207271821536369581078139134072445104836850873252005628876203386702081382680895701, 174462929362510941643376027811311146145131625804627486676600982505275727646543204571672457901612301162921667005111897801857595052267512479662810211241193956819, 2093555152350131299720512333735733872457761817932830626659515511106378113572766635451724855769525508056793521923057730979862006460348843141188948291829654767813, 25122661828201575596646148004828807300506417987803551125534049345079671305184395846100029059987765453284920493397125282568865351996707214063385134486856137178467, 301471941938418907159753776057945693423169949149920567344774057610587882876059877437182123839740685522990415164739097822345184427111435699379272946854693539671477, 3617663303261026885917045312695348361797689923401057696600005487536536722715660942669416669423780434384970056475067736023844722238453681043090796982051969333428211, 43411959639132322631004543752344180626609832819195159848004034651437171596244603340607770861559688914527749137930503174186479676799618193488119988855445405618700197, 520943515669587871572054525028130169514580870018029538215065904789431311777948395094989561408313002358556826509227672924402709868040789583158175484154610756443143555, 6251322188035054458864654300337562048141810573644229884558251524469637326640971531039786406008591992817451241883886333577162510702875992514024390989441271142623768213, 75015866256420653506375851604050744675469607818410259110767272427757867918497786130853043505594908566364014963787052700187311970806831044903303503256563333221676680723, 900190395077047842076510219248608936790010460367785847887041224862831888423618281253323118199961252769957668762317570610303587924493887554717478609518635465549755263621, 10802284740924574104918122630983307246270751690266106755061469449207436575354945029068227689519569787488862182137581542743391833286844142204151164651844747316734277986723, 129627416891094889259017471571799686988783403444309841586729279010935165906920090248497648761216750556217399680249334148639090656407956665900983317252736780683230454555509, 1555529002693138671108209658861596244100141523460420969501129801661173977518226754208606988078324417378698944999200263840378691733348695818680261549450551823004450975381555, 18666348032317664053298515906339154930844883056431293407906828399764734622364383280663027002755056997230815028087979532121596827341511423289504028904751665647465720487856485, 223996176387811968639582190876069859181640890101551143396158565886717241627588410168514306405021432570121554031203500473559041411164353969753004527722961717696109868166840771, 2687954116653743623674986290512838310260206735189434658766981544051745270130748648762716235571510035160201743498264497454450724099097330125118167290856291262998777339167738965, 32255449399844923484099835486154059723686093200070111954320184069205044160677860179156238830482055956725306663434661026785862704047012924454769316350255700957462402708038669907, 387065392798139081809198025833848716688178405045426512693806173214786030311362830748819366547023213971753984604936719412339081100780886147351350067139219559581641528101842181189, 4644784713577668981710376310006184600285757867057255718408316582869131630115751772223957857968174327582980574486480408721919377064158649024798983355721430996514866245294938326499, 55737416562932027780524515720074215203622413450272279871811665046079999008225595347627456243456718025356779968755608931904921171489045282369611006039999175398267684533060195920181, 668848998755184333366294188640890582444822194722365326948123254044164071719647899487747710948419133614253353711455208954501889503316286170595156880405302705675895926921435568676979, 8026187985062212000395530263690686989347338969902078641162163229746304330940868501564331197922008032437513618513955781341220211668412147464194630425496332135283889223118619341284133, 96314255820746544004746363164288243872234376071460860348718755626137441573177128495738471126965398240095493532233590062219211440484157847141308645361317952058996750052183579677832707, 1155771069848958528056956357971458926467276671885982062549714691201926473949838790425549047303580608921343332110649932162987636411429749210602138377508947602349360232295506388984756757, 13869252838187502336683476295657507117610569175830948849842283933865085800051096043270931823203058419843182447115031185551262031750760198853028441390632886947235729465507095096415245971, 166431034058250028040201715547890085411349573902365546476967842324218973712090593339366773661958060642661710160212822461868481350309930182585707193281154796253454272669467636549026995717, 1997172408699000336482420586574681024936354093375145749180480043565958297262866567291001560395750575833949668860311952617707920222458328793886526178948067882367759939643221304683773596195, 23966068904388004037789047038896172299237363566329063747392879411621603879803479106888967463720409832202687063131635685510574762202475183917119464664912022422416860153141516508980278722293, 287592826852656048453468564466754067590856163916739970771478729195886716887933056391646731560278494353846644064696388040239915451571335308761650858604785137163345989204591783217829401852083, 3451113922231872581441622773601048811090328574846418104890140048353333335817722296541817517629779502290344696222943059394228875165312294015570426655656874202158462429372957849228261751770341, 41413367066782470977299473283212585733084325153075786538186724051505051807053265717871424693524432230627136160582036038385548299871730451948682006578790057196517152388998097474102382703581763, 496960404801389651727593679398551028797014577621340823955245651228393199995940888652895701553794825466528862771015154771862307601653380079249977719386502047015879627268221041447149759272466389, 5963524857616675820731124152782612345564193661947109589184800502881909743354107641640926478412441924153382336376499035630910479750049268679257900716513184448374459573087873492317516129394722515, 71562298291400109848773489833391348146770455056802453001727482550784436095411241009557011098195986505697920205684821409290341431759214609072087660790012394727261967932144112228349851781524926405, 858747579496801318185281878000696177761246378475689401658040372418102945999121920075081268312348753695208849376165364182356863834703913588251115948451496379099409534975387259119241579591291162211, 10304970953961615818223382536008354133134962966266692580058107218849737813737092533371770455485784244025337731212294979477412874173298178524350523835987600283468096348656435496895796966255283774645, 123659651447539389818680590432100249597619600567109249286031337938054417827688438628244903854790330067853842887491782369110994896667723735607374319144459970967559352629084842679873416695195007156467, 1483915817370472677824167085185202995171435521608673559734930566817836243355824091816353005412996743241714461492847496839154982703070826490841516697105508593128403144320742017207565374175339737286309, 17806989808445672133890005022222435942057228462927620695088345297011399212136786083835706481641268486596570862128811181551513666619903644597050466250372391119501247347182595070009679519727545037598339, 213683877701348065606680060266669231304686756980496214189852174516132830704121454984890198512072683357253144992932333478667096518210100232485758007081226901915757274829116718053800245920849641564128661, 2564206532416176787280160723200030775656241191743507931225216999771253190251288072298226994164996282179031682714198861426411818246859280733312082274798115437169400080723418104155702551699558349251045139, 30770478388994121447361928678400369307874895056764968701364220469780774479783093906700611615481715066984341073767290342386173233542313609177535406458057644474143690264900370344524993578103412400528216453, 369245740667929457368343144140804431694498745972079739103198041745942176999699522664851005592458245215215838743208780070473007470857593161415414906610352613859592707153147299889411058160180976209819318947, 4430948888015153488420117729689653180333984988701257672047344758516672685882084661532860445005234673335728404062252240128274442926478811907822651653061651920942744647063011893513801811596626157963422866037, 53171386656181841861041412756275838164007820123669197684237973813989776438922290379658120272026918674540581931579681881815836903637492910760791984672552533294337680053761918613382252537563940509407567591731, 638056639874182102332496953075310057968093843298809111548586896203398076376253055931031545508235457131509107011743328655515978656806744964624283702439223969397013285630757849563086728055697745468180399067237, 7656679678490185227989963436903720695617126132289160513947415348207379208184283572516042488127194806089899568488181332813014078734890348986512896028958270210801614792243844347958438311999482999455376718000835, 91880156141882222735879561242844648347405513676394084394921117059162508407325818589904508809650816652177139317395513914968369993757819648690653387915956886109777929998302061466614440923891147400426113000940373, 1102561873702586672830554734914135780168866164739198120331927483220514257456288857578676206528236515092908958308146581619612515497467801580107420270194553531581823217051172311949385948261452714834451155989231443, 13230742484431040073966656818969629362026393981227661197133303238295198892681588279213897832911157362460959755377396177064334724355031484951138635546099343026053564141906397179716042312853610117302418391417013061, 158768909813172480887599881827635552344316727805232920637651182277536053577986725749081429370252115665825298355389220279069148517231103513857285982663604246997466183290672050706096318291213753685153891852031448803, 1905226917758069770651198581931626628131800733876301951556176967299091144456683248662336771430124937485188542307311941054275145319205125822480839544640491235695287783563125471291122097259101207179531837418790281269, 22862723013096837247814382983179519537581608808010171746004674923625920244887230010964100778230427845976628200025940584341611927643305518233652236363852708872014886625045894921047866735495426448948244218041704751475, 274352676157162046973772595798154234450979305706583899243370029433306130523062776816496879115203024822924323994916917300444670270564499213974171814519956997619428140859147243266427037548855354059476363135545993292325]
Predicted:    
[1, 25, 427, 6229, 83779, 1076341, 13459699, 165601573, 2017494787, 16139958372, 129119667052, 1032957336492, 8263658692012, 66109269536172, 528874156289452, 4230993250315692, 33847946002525612, 270783568020204972, 2166268544161639852, 17330148353293118892, 138641186826344951212, 1109129494610759609772, 8873035956886076878252, 70984287655088615026092, 567874301240708920208812, 4542994409925671361670572, 36343955279405370893364652, 290751642235242967146917292, 2326013137881943737175338412, 18608105103055549897402707372, 148864840824444399179221659052, 1190918726595555193433773272492, 9527349812764441547470186180012, 76218798502115532379761489440172, 609750388016924259038091915521452, 4878003104135394072304735324171692, 39024024833083152578437882593373612, 312192198664665220627503060746988972, 2497537589317321765020024485975911852, 19980300714538574120160195887807294892, 159842405716308592961281567102458359212, 1278739245730468743690252536819666873772, 10229913965843749949522020294557334990252, 81839311726749999596176162356458679922092, 654714493813999996769409298851669439376812, 5237715950511999974155274390813355515014572, 41901727604095999793242195126506844120116652, 335213820832767998345937561012054752960933292, 2681710566662143986767500488096438023687466412, 21453684533297151894140003904771504189499731372, 171629476266377215153120031238172033515997851052, 1373035810131017721224960249905376268127982808492, 10984286481048141769799681999243010145023862468012, 87874291848385134158397455993944081160190899744172, 702994334787081073267179647951552649281527197953452, 5623954678296648586137437183612421194252217583627692, 44991637426373188689099497468899369554017740669021612, 359933099410985509512795979751194956432141925352172972, 2879464795287884076102367838009559651457135402817383852, 23035718362303072608818942704076477211657083222539070892, 184285746898424580870551541632611817693256665780312567212, 1474285975187396646964412333060894541546053326242500537772, 11794287801499173175715298664487156332368426609940004302252, 94354302411993385405722389315897250658947412879520034418092, 754834419295947083245779114527178005271579303036160275344812, 6038675354367576665966232916217424042172634424289282202758572, 48309402834940613327729863329739392337381075394314257622068652, 386475222679524906621838906637915138699048603154514060976549292, 3091801781436199252974711253103321109592388825236112487812394412, 24734414251489594023797690024826568876739110601888899902499155372, 197875314011916752190381520198612551013912884815111199219993243052, 1583002512095334017523052161588900408111303078520889593759945944492, 12664020096762672140184417292711203264890424628167116750079567556012, 101312160774101377121475338341689626119123397025336934000636540448172, 810497286192811016971802706733517008952987176202695472005092323585452, 6483978289542488135774421653868136071623897409621563776040738588683692, 51871826316339905086195373230945088572991179276972510208325908709469612, 414974610530719240689562985847560708583929434215780081666607269675756972, 3319796884245753925516503886780485668671435473726240653332858157406055852, 26558375073966031404132031094243885349371483789809925226662865259248446892, 212467000591728251233056248753951082794971870318479401813302922073987575212, 1699736004733826009864449990031608662359774962547835214506423376591900601772, 13597888037870608078915599920252869298878199700382681716051387012735204814252, 108783104302964864631324799362022954391025597603061453728411096101881638514092, 870264834423718917050598394896183635128204780824491629827288768815053108112812, 6962118675389751336404787159169469081025638246595933038618310150520424864902572, 55696949403118010691238297273355752648205105972767464308946481204163398919220652, 445575595224944085529906378186846021185640847782139714471571849633307191353765292, 3564604761799552684239251025494768169485126782257117715772574797066457530830122412, 28516838094396421473914008203958145355881014258056941726180598376531660246640979372, 228134704755171371791312065631665162847048114064455533809444787012253281973127835052, 1825077638041370974330496525053321302776384912515644270475558296098026255785022680492, 14600621104330967794643972200426570422211079300125154163804466368784210046280181444012, 116804968834647742357151777603412563377688634401001233310435730950273680370241451552172, 934439750677181938857214220827300507021509075208009866483485847602189442961931612417452, 7475518005417455510857713766618404056172072601664078931867886780817515543695452899339692, 59804144043339644086861710132947232449376580813312631454943094246540124349563623194717612, 478433152346717152694893681063577859595012646506501051639544753972320994796508985557740972, 3827465218773737221559149448508622876760101172052008413116358031778567958372071884461927852, 30619721750189897772473195588068983014080809376416067304930864254228543666976575075695422892, 244957774001519182179785564704551864112646475011328538439446914033828349335812600605563383212, 1959662192012153457438284517636414912901171800090628307515575312270626794686500804844507065772, 15677297536097227659506276141091319303209374400725026460124602498165014357492006438756056526252, 125418380288777821276050209128730554425674995205800211680996819985320114859936051510048452210092, 1003347042310222570208401673029844435405399961646401693447974559882560918879488412080387617680812, 8026776338481780561667213384238755483243199693171213547583796479060487351035907296643100941446572, 64214210707854244493337707073910043865945597545369708380670371832483898808287258373144807531572652, 513713685662833955946701656591280350927564780362957667045362974659871190466298066985158460252581292, 4109709485302671647573613252730242807420518242903661336362903797278969523730384535881267682020650412, 32877675882421373180588906021841942459364145943229290690903230378231756189843076287050141456165203372, 263021407059370985444711248174735539674913167545834325527225843025854049518744610296401131649321627052, 2104171256474967883557689985397884317399305340366674604217806744206832396149956882371209053194573016492, 16833370051799743068461519883183074539194442722933396833742453953654659169199655058969672425556584132012, 134666960414397944547692159065464596313555541783467174669939631629237273353597240471757379404452673056172, 1077335683315183556381537272523716770508444334267737397359517053033898186828777923774059035235621384449452, 8618685466521468451052298180189734164067554674141899178876136424271185494630223390192472281884971075595692, 68949483732171747608418385441517873312540437393135193431009091394169483957041787121539778255079768604765612, 551595869857373980867347083532142986500323499145081547448072731153355871656334296972318226040638148838124972, 4412766958858991846938776668257143892002587993160652379584581849226846973250674375778545808325105190704999852, 35302135670871934775510213346057151136020703945285219036676654793814775786005395006228366466600841525639998892, 282417085366975478204081706768457209088165631562281752293413238350518206288043160049826931732806732205119991212, 2259336682935803825632653654147657672705325052498254018347305906804145650304345280398615453862453857640959929772, 18074693463486430605061229233181261381642600419986032146778447254433165202434762243188923630899630861127679438252, 144597547707891444840489833865450091053140803359888257174227578035465321619478097945511389047197046889021435506092, 1156780381663131558723918670923600728425126426879106057393820624283722572955824783564091112377576375112171484048812, 9254243053305052469791349367388805827401011415032848459150564994269780583646598268512728899020611000897371872390572, 74033944426440419758330794939110446619208091320262787673204519954158244669172786148101831192164888007178974979124652, 592271555411523358066646359512883572953664730562102301385636159633265957353382289184814649537319104057431799832997292, 4738172443292186864533170876103068583629317844496818411085089277066127658827058313478517196298552832459454398663978412, 37905379546337494916265367008824548669034542755974547288680714216529021270616466507828137570388422659675635189311827372, 303243036370699959330122936070596389352276342047796378309445713732232170164931732062625100563107381277405081514494619052, 2425944290965599674640983488564771114818210736382371026475565709857857361319453856501000804504859050219240652115956952492, 19407554327724797397127867908518168918545685891058968211804525678862858890555630852008006436038872401753925216927655620012, 155260434621798379177022943268145351348365487128471745694436205430902871124445046816064051488310979214031401735421244960172, 1242083476974387033416183546145162810786923897027773965555489643447222968995560374528512411906487833712251213883369959681452, 9936667815795096267329468369161302486295391176222191724443917147577783751964482996228099295251902669698009711066959677451692, 79493342526360770138635746953290419890363129409777533795551337180622270015715863969824794362015221357584077688535677419613612, 635946740210886161109085975626323359122905035278220270364410697444978160125726911758598354896121770860672621508285419356908972, 5087573921687089288872687805010586872983240282225762162915285579559825281005815294068786839168974166885380972066283354855271852, 40700591373496714310981502440084694983865922257806097303322284636478602248046522352550294713351793335083047776530266838842174892, 325604730987973714487852019520677559870927378062448778426578277091828817984372178820402357706814346680664382212242134710737399212, 2604837847903789715902816156165420478967419024499590227412626216734630543874977430563218861654514773445315057697937077685899193772, 20838702783230317727222529249323363831739352195996721819301009733877044350999819444505750893236118187562520461583496621487193550252, 166709622265842541817780233994586910653914817567973774554408077871016354807998555556046007145888945500500163692667972971897548402092, 1333676978126740334542241871956695285231318540543790196435264622968130838463988444448368057167111564004001309541343783775180387216812, 10669415825013922676337934975653562281850548324350321571482116983745046707711907555586944457336892512032010476330750270201443097734572, 85355326600111381410703479805228498254804386594802572571856935869960373661695260444695555658695140096256083810646002161611544781876652, 682842612800891051285627838441827986038435092758420580574855486959682989293562083557564445269561120770048670485168017292892358255013292, 5462740902407128410285022707534623888307480742067364644598843895677463914348496668460515562156488966160389363881344138343138866040106412, 43701927219257027282280181660276991106459845936538917156790751165419711314787973347684124497251911729283114911050753106745110928320851372, 349615417754056218258241453282215928851678767492311337254326009323357690518303786781472995978015293834264919288406024853960887426566811052, 2796923342032449746065931626257727430813430139938490698034608074586861524146430294251783967824122350674119354307248198831687099412534488492, 22375386736259597968527453010061819446507441119507925584276864596694892193171442354014271742592978805392954834457985590653496795300275908012, 179003093890076783748219624080494555572059528956063404674214916773559137545371538832114173940743830443143638675663884725227974362402207264172, 1432024751120614269985756992643956444576476231648507237393719334188473100362972310656913391525950643545149109405311077801823794899217658113452, 11456198008964914159886055941151651556611809853188057899149754673507784802903778485255307132207605148361192875242488622414590359193741264907692, 91649584071719313279088447529213212452894478825504463193198037388062278423230227882042457057660841186889543001939908979316722873549930119261612, 733196672573754506232707580233705699623155830604035705545584299104498227385841823056339656461286729495116344015519271834533782988399440954092972, 5865573380590036049861660641869645596985246644832285644364674392835985819086734584450717251690293835960930752124154174676270263907195527632743852, 46924587044720288398893285134957164775881973158658285154917395142687886552693876675605738013522350687687446016993233397410162111257564221061950892, 375396696357762307191146281079657318207055785269266281239339161141503092421551013404845904108178805501499568135945867179281296890060513768495607212, 3003173570862098457529170248637258545656446282154130249914713289132024739372408107238767232865430444011996545087566937434250375120484110147964857772, 24025388566896787660233361989098068365251570257233041999317706313056197914979264857910137862923443552095972360700535499474003000963872881183718862252, 192203108535174301281866895912784546922012562057864335994541650504449583319834118863281102903387548416767778885604283995792024007710983049469750898092, 1537624868281394410254935167302276375376100496462914687956333204035596666558672950906248823227100387334142231084834271966336192061687864395758007184812, 12300998946251155282039481338418211003008803971703317503650665632284773332469383607249990585816803098673137848678674175730689536493502915166064057478572, 98407991570009242256315850707345688024070431773626540029205325058278186659755068857999924686534424789385102789429393405845516291948023321328512459828652, 787263932560073938050526805658765504192563454189012320233642600466225493278040550863999397492275398315080822315435147246764130335584186570628099678629292, 6298111460480591504404214445270124033540507633512098561869140803729803946224324406911995179938203186520646578523481177974113042684673492565024797429034412, 50384891683844732035233715562160992268324061068096788494953126429838431569794595255295961439505625492165172628187849423792904341477387940520198379432275372, 403079133470757856281869724497287938146592488544774307959625011438707452558356762042367691516045003937321381025502795390343234731819103524161587035458203052, 3224633067766062850254957795978303505172739908358194463677000091509659620466854096338941532128360031498571048204022363122745877854552828193292696283665624492, 25797064542128502802039662367826428041381919266865555709416000732077276963734832770711532257026880251988568385632178904981967022836422625546341570269324996012, 206376516337028022416317298942611424331055354134924445675328005856618215709878662165692258056215042015908547085057431239855736182691381004370732562154599968172, 1651012130696224179330538391540891394648442833079395565402624046852945725679029297325538064449720336127268376680459449918845889461531048034965860497236799745452, 13208097045569793434644307132327131157187542664635164523220992374823565805432234378604304515597762689018147013443675599350767115692248384279726883977894397963692, 105664776364558347477154457058617049257500341317081316185767938998588526443457875028834436124782101512145176107549404794806136925537987074237815071823155183709612, 845318210916466779817235656468936394060002730536650529486143511988708211547663000230675488998256812097161408860395238358449095404303896593902520574585241469676972, 6762545687331734238537885251751491152480021844293204235889148095909665692381304001845403911986054496777291270883161906867592763234431172751220164596681931757415852, 54100365498653873908303082014011929219840174754345633887113184767277325539050432014763231295888435974218330167065295254940742105875449382009761316773455454059326892, 432802923989230991266424656112095433758721398034765071096905478138218604312403456118105850367107487793746641336522362039525936847003595056078090534187643632474615212, 3462423391913847930131397248896763470069771184278120568775243825105748834499227648944846802936859902349973130692178896316207494776028760448624724273501149059796921772, 27699387135310783441051177991174107760558169474224964550201950600845990675993821191558774423494879218799785045537431170529659958208230083588997794188009192478375374252, 221595097082486267528409423929392862084465355793799716401615604806767925407950569532470195387959033750398280364299449364237279665665840668711982353504073539827002994092, 1772760776659890140227275391435142896675722846350397731212924838454143403263604556259761563103672270003186242914395594913898237325326725349695858828032588318616023952812, 14182086213279121121818203131481143173405782770803181849703398707633147226108836450078092504829378160025489943315164759311185898602613802797566870624260706548928191622572, 113456689706232968974545625051849145387246262166425454797627189661065177808870691600624740038635025280203919546521318074489487188820910422380534964994085652391425532980652, 907653517649863751796365000414793163097970097331403638381017517288521422470965532804997920309080202241631356372170544595915897510567283379044279719952685219131404263845292, 7261228141198910014370920003318345304783760778651229107048140138308171379767724262439983362472641617933050850977364356767327180084538267032354237759621481753051234110762412, 58089825129591280114967360026546762438270086229209832856385121106465371038141794099519866899781132943464406807818914854138617440676306136258833902076971854024409872886099372, 464718601036730240919738880212374099506160689833678662851080968851722968305134352796158935198249063547715254462551318833108939525410449090070671216615774832195278983088795052, 3717748808293841927357911041698992796049285518669429302808647750813783746441074822369271481585992508381722035700410550664871516203283592720565369732926198657562231864710360492, 29741990466350735418863288333591942368394284149355434422469182006510269971528598578954171852687940067053776285603284405318972129626268741764522957863409589260497854917682884012, 237935923730805883350906306668735538947154273194843475379753456052082159772228788631633374821503520536430210284826275242551777037010149934116183662907276714083982839341463072172, 1903487389846447066807250453349884311577234185558747803038027648416657278177830309053066998572028164291441682278610201940414216296081199472929469303258213712671862714731704577452, 15227899118771576534458003626799074492617873484469982424304221187333258225422642472424535988576225314331533458228881615523313730368649595783435754426065709701374901717853636619692, 121823192950172612275664029014392595940942987875759859394433769498666065803381139779396287908609802514652267665831052924186509842949196766267486035408525677610999213742829092957612, 974585543601380898205312232115140767527543903006078875155470155989328526427049118235170303268878420117218141326648423393492078743593574130139888283268205420887993709942632743660972, 7796684348811047185642497856921126140220351224048631001243761247914628211416392945881362426151027360937745130613187387147936629948748593041119106266145643367103949679541061949287852, 62373474790488377485139982855369009121762809792389048009950089983317025691331143567050899409208218887501961044905499097183493039589988744328952850129165146936831597436328495594302892]
len(predicted_full) = 200, len(input_sequence + seq_pred) = 200
is_manual_check: False
