test results being evaluated: data/test_linrec15.tsv
csv file used: ../linear_database_newbl.csv
The sequence ID inspected: A021744
csv results file used: ../linear_database_newbl.csv
Results we are looking at now:
('Could you give me a recursive equation in a form of a Python code for the following number sequence: 1,16,167,1442,11193,81228,563179,3779974,24771725,159439280,1012078431,6355276746', 'Certainly, the Python code is the following: lambda a_n: -5 - a_n[-1] * -10 + a_n[-1]')

Experiment type: Evaluation of the results of llms.
Ground truth: 
[1, 16, 167, 1442, 11193, 81228, 563179, 3779974, 24771725, 159439280, 1012078431, 6355276746, 39568060897, 244679845972, 1504794392723, 9213774596558, 56213415403509, 341957238034104, 2075218782238855, 12569055967480210, 76004518190620361, 458983885134432476, 2768710647008205627, 16686394388049524502, 100489394158267548253, 604793005299333085888, 3638047238344140657839, 21874753482003567302234, 131480967228507071159985, 790048419360638965975140, 4746105133340489300056291, 28505710034840904557882206, 171179680978694036081084357, 1027805288103042319939737032, 6170468133303184676041677783, 37040992397365922794814749218, 222336878668418254287905526169, 1334475918617577688627292784364, 8009128845484625247482152735115, 48066140144778820268361288124070, 288453677839929358347015153586221, 1731006258343462705044350310825936, 10387458532370626490189487871897087, 62331856208934680181202213507683562, 374026662739809367049333137393981313, 2244337605520449351153771805968786548, 13466913785133008727400190543299208499, 80805923497259002971543720995075680494, 484857745021496320883994331438248164245, 2909257490741239640653702483134027127000, 17456100049198947220975203239989124410151, 104739375825712033412333384620508638463666, 628450132633907163711280027524517625843817, 3770770184309790649673554339748820070564092, 22624968048823173639948599213879033361658843, 135751543009491956168739570369714930304397878, 814517931646639371135723734488533894270904829, 4887150957855966647342959715634587574937190624, 29323122587127220986349587826733097084538647375, 175939819723163507428151646582661043035236183930, 1055644339342754256113560365437816970265145728081, 6333893141082480810382134173658309019514345995396, 38003494371653018094706743152395504657322748124547, 228021643855822202185950462287755738847597105578622, 1368133251264907391026814041878065820413794741910373, 8208816448241130075006685597164523190363465090783208, 49252983392712468451430100333021665806542818129815159, 295518323872632288144174455830518169460901224258514754, 1773112060817697265757591684473912055072965633165384505, 10638682952816165877866577575612936182772932077928494860, 63832150656448765079237813682786731001502671225710740011, 382993168636458873117351466783313134106098970598798621126, 2297960335307614386240663098297031259413038737630803939277, 13787768629290110992434475574424704687524577787236249927152, 82726644862963265078790240356387833209035676695720091935903, 496360034613894489090581984634033102388281042696015357142538, 2978161034863949039620389052068761440858524899425293545139489, 17868970345086635211057597760879512021229357535360677780852884, 107213842750034637924825014716188305981503245596460287229575635, 643283159897782448008559672685992073054599214261249378077259790, 3859699476374569739018255732597487895735270944023960749872645941, 23158199443186801483619421976141501747769111776602191737921540856, 138949209583817755327967566152227470698678532502609705947518488007, 833695322126391388813866953960639478633496229353458690591300809682, 5002172255875773115972735051281739557532525448301025127303728935433, 30013035150841764606720979114406068427950584652672598519501892675868, 180078218982986225176496327396519036597871434138228161243008546077819, 1080469354287595570666820662635545232203631301571773143478435605405014, 6482816327673964649748099205919497986166053555668425042534128792420765, 38896898975785744538056318341344407001166659115302542369768722615678720, 233381398903424252469503913398388681905647679798687459616417581244645871, 1400288418664094449196163048426683868838308849128134763987473700199954586, 8401730638202311399765914335880824411696703525655454532569451204776970737, 50410384460302592052313119062444401710093419625192340607438824006215426212, 302462309917259171105558690892687083446442295374757645379939814963730108963, 1814773875280773122684119273075119454553325801435786019656958392569246583198, 10888643330570729224728020257561275848474367518827805409631488461968521830149, 65331860377854827824962520562982748103742478921139833135450183675051193371144, 391991164239281229466658622154221143315433083596134219077857616048406875119895, 2351946995296448689920015241559946891871476916037002283300329264208537436951650, 14111682021082498707262993051544768545179203024977882013997497416552095999939801, 84670092373014025090862802556241995377050723619466167535081009622658494679062316, 508020555470679314815882381516510685337077060368069517986439847220046808624587467, 3048123338987051710385947499771124847575906720677892213880302686210225043110976742, 18288740064737189370317452571094121443940985177267178981417712753588931169932656493, 109732440542497531764107559365329865178946927573012003052496074190682931393728064528, 658394644025357168304435600191517972541679816958755866828166691439890069504221596479, 3950367868004002898460668918369654138156042835250511254307916411918485859819365951274, 23702207227283316834074706485212065925729967382571175035633939915107374521225458873025, 142213243459996398221563369341808739367403918965080496735103287217429472532255394278580, 853279461241460875417202530425796708585766338396001848906587723973714676591470871727731, 5119676769856177682951313403318551826686201158432611979477245395328824124032218964064046, 30718060631174128249984318119286369689034778610994702481283583821969012496585087266538197, 184308363847230080261431883594818315191034754048427472606728124952047963461368610264661272, 1105850183384307035376796321493309590079291832524717543023206118894471422057098971933778023, 6635101101810474981304103610697452889736979121606494470204240595601803534305417891406319858, 39810606618386013733050452401335081503111261703079615582153731130081923397720177679754576809, 238863639747931901624468677407611859515647490450279748099976897144031960074053617864304345404, 1433181838675670505877789116699076208272916485319084004844786225006633493796161266631484880155, 8599091032994418515922208910483075300309184390835112583131950722050968169188872599084300859510, 51594546202668488498812980310427913234319644802948042160462307837557479205803589399251153209661, 309567277239520818009285939284560271284665005360712381836544611132386562822616620652307220159776, 1857403663554674343137793615554707525967423491892744117649792473652661161412448406130139068022927, 11144421981915793234237302363514502402564499358052210568098062821500209277009526891591490113679802, 66866531894433495282477120615816411671037952614005579635771652608092600749335715798518927090673553, 401199191381294651080131668203737900391887155741349406615293237168692864110824555735630326110549188, 2407195148361236303407144381107394330529238765650093474354063803111565619452668593935033100589971139, 14443170890534759805074676743432279729463486273572215582071855809161324437509297680411123627549753534, 86659025345045268753607267133985563529815084134438245422712304167407154416440935943250044102854341285, 519954152079455162137440253728682072630436929650240945189854889006557182205246242070531485174929894440, 3119724912522648720903627247227172955785856071633849886415735523809587238763180092906803849318697585591, 18718349475365481065816701988563388585713318376522507802912247570747435628232391793572733129178172549506, 112310096853340830096874943981081878773198857904961638871701871480088940619640099076951290309080554241657, 673860581125784699091123482229798180949500037307820992029910014823174341456986104578703564995267255232332, 4043163486783406787096110617474520315311383279832854540292181441310725791389311252214885967558428520543083, 24258980920843933685323514854842564792191609385309461358773605100356658477379508933633380540816317429952518, 145553885525781066925675354997099750263771782548949203443571851627137089572721933890043574312353121556979469, 873323313158273725622723499795088897171763637301280455939392769937950711231462697527569770771900756003375664, 5239939878967578974079698009722059713120335777134101147319407140703915057376058427086327727362338436428456415, 31439639273895156946194973760646287337747141402590667883504664330406823978239268856059981790796795189014583370, 188637835643819357185753773665672558955913910007090188063660968936566730775536232939819847529766974259918055521, 1131827013865158220657442307863910286919860479570735535253898230482865794128464609999218387711022382283106433236, 6790962083202159711659252217976439421589934821347239258118121475585867711926000175168804913358195061694410394387, 40745772499269010208528505327597937166489016032824981830622669350443954606447969440368294713329306547656446518862, 244474634995894320944035992727381774730063321261167286589066838721249003709611281842939063636755849523433100586613, 1466847809976767224128540762825652001221554811050129354344099625956186540198139510077088735367952465728248713729848, 8801086859867609837092868619870281148277318316364558927245268646023646381234614127623035686998870906908454844801799, 52806521159240691484165331976241782101372317279098886077903678016146772189010241989793656524165283082548389926411794, 316839126955619311213032593312304166694649781101521453073697245551194135447568925612050855268717095014390036028425545, 1901034761734591678818398567827104362711473435833251297610018747595888455474929672250796528682389985936284267248126300, 11406208570411929130611406449445070957432695809478048266045126405087573471685073627245423423250618727885208133787819451, 68437251422493470072173513919946841524199376622692702336379178220361152623839579735568510858508473360719890553867010966, 410623508535070296875566459679519895538347971739005119071550569040443467109889808287461912998968112859647068477481681117, 2463741051210969163466025639050140675176389203143182605106614515910435529086427059149309702244968911547659102230604739392, 14782446307268551891859288239861258840712013333184484545669977016107054685025309642235685274771910124887390332589468004143, 88694677843624995906471401469750860112229155573852369695746249349086807176170819250981790715327125961941729641075071081178, 532168067061818398215406768982546628491915051329315601669409182953632324441060622337203314666181809573178152272178002638129, 3193008402371252503175332414759986839959209857456796813036312534404907697782305867553679440031149037400471130553850940061924, 19158050414229225588466453493061455304453932732344882035497958399395240319236600270469961201009036768024891247095600435448675, 114948302485383906377871015981588398828857267692888138568111350399401314085585644538541537212772339901519883318110397283723230, 689689814912346202502587571008476710698373176094616425459178838564360851394152952169787462120654262177012833153043639840077381, 4138138889474291036192332801656983783674631760026909972107197656837144366887348619151133522185745192105708081406957250859482696, 24828833336846815323038033688018088022902733492548610725802092846722620190413188171327715101390443268669057565952377088773301847, 148973000021086237467648386518671725635423033277591794006200226722613921873832379013106341333590016275455005443536056548807093922, 893838000126544152452991241065575424877499031918508913036512249002192258043391594816480225163246865302999791541399813766019995673, 5363028000759398552953452056164094238889509035341674226185118099166168074836860455836659930929894967401613378213614272531371206508, 32178168004557059508898235385849439218658471161466469108818892268043964652201814302703123261898958431656816752364954655141939688459, 193069008027345698009277027559467665587353282636934213458966114562626103210306532186611641059261772723492836282634841311730025526054, 1158414048164090892835100241578847790296313457846495394974107862504078332872086979099542686219991062997981709950149687899211390725805, 6950484288984628880907791830584042307219575491940275421706392532092119113782839021008253646342369775230073774621061620037181734574160, 41702905733908190904932702889062017996848830414895577712587839903595122459444932724151042841967620693419600436921028353423686168029311, 250217434403451233527025976862172874054041484761432731879437494679599422416394340799599995146577874594026352425874827966509211049048426, 1501304606420717841649304658812088855910157879752051278064829371179006567900930772927813194454148560624953707010493715748747197450456577, 9007827638524359252331571941067982318275157973722216337404606749826155954834172301644923417001580172626707578073191869120368684290782452, 54046965831146416526168151587385904323260664675553378309804227141697783987811028223967674283006054054437201643426322427379342978913761203, 324281794986879804217902509229208536005767225648102819046902032179812007307548365789128364721471705317176108715237883985632525740243305838, 1945690769921285350611883053899728998358238155577258251266570484190682809095310074460708383919817200444493618483803424452860747778925152789, 11674144619527744730193638316020811829738077396765670556704314138557887674208395435391247683369078299728836429540606643141625469375524004184, 70044867717166631513773529859237255888253604516540286042466740109835228116978789915471698607046306301101151721136192315888589793821595456935, 420269206303000604745699678970986242726174919056715659592870313497126670954697795448408156606760864389922614249094404080191851907006173879090, 2521615237818007706789490572903734124730426339238634193555033630956039704569043930228166374184275695534814357917210627004117190187357424875241, 15129691426908066632313405932811500615809883620367388418549110078733449291925476880096895856709388224300080120861516581034191586950495960908156, 90778148561448501751762748073814533134237695488657775106308600109910001755336637818378104953815725621715653036940490806831223959233730838345307, 544668891368691520299988050827615046411285205131315986848598891537099543275849549775881245812854239191706589560420410346432244776652152453004982, 3268013348212151670746986116889330318132874645253151055088040174371166934273889273689866423415576478784650133176091825215076089100545720066500733, 19608080089272922769217205760954185313666537957718815812281316655011338022335868960138156755540320556189342734603125909409902098143974220076579168, 117648480535637600338979679863816141732519570232806977529536643906155662391872174122127985497894657615780821911266542816804770251917488310588231119, 705890883213825920652260305673352050952414702051290419444797047046035954338095021624480153368305320532858982289497843981547929208173718781136696314, 4235345299282957117005472966492388513719756888467897851960002055236380860753188714546310184345213611167825041061118600408854191257988553142710842065, 25412071795697750667492393461215712943220013803159814044029446615877731777303460012638479675670969361979509555845923689514838537695071704607134838020, 152472430774186543832252139078601190247327961546927619948777192796198107484387337908087859897715371667216668173905820190253119417315768890282823815171, 914834584645119462130001726028141717558009228386235802208679088996385164035736673431627624587504475561905320403323181878761242421259853590439680261886, 5489007507870717768462454813951523238254270927700070842204207661932445319967802297792530297462145953492087507882327876844468423960939510528522422168037, 32934045047224311589186951172622504304200736400550927663474125478797950558999001181918053430182702710866319089257701116469068750318755759069238850961512, 197604270283345894427182818480301851039156104764806968894042005878534524391656048503918874391042277172008949203972035685996716972222995037780685155414263, 1185625621700075491023402468104645235666999589155344387378049722178862962905050915831950797727571671395077126400389997892575877935069740659009293020226498, 7113753730200453568441942594742042074611530452800561432128532455127143705673096290019431672598370885501452945622843461601169363119795168177677355918123449, 42682522381202724522159294499023105804513719766289773083237348091095439257121402399197380984060332859927160735190436362286531516268526118432154873924802444, 256095134287216362690493961646992901826492493685746376756414786348486510185618020426356866715934147939209148219812929022920545225371418210415313933358081195, 1536570805723298253930654743146228746816755796916819815042081931101492392438058083657078608630352093713701682367842859926745169751075760573571531040110650950]
Predicted:    
[1, 16, 167, 1442, 11193, 81228, 563179, 3779974, 24771725, 159439280, 1012078431, 6355276746, 69908044201, 768988486206, 8458873348261, 93047606830866, 1023523675139521, 11258760426534726, 123846364691881981, 1362310011610701786, 14985410127717719641, 164839511404894916046, 1813234625453844076501, 19945580879992284841506, 219401389679915133256561, 2413415286479066465822166, 26547568151269731124043821, 292023249663967042364482026, 3212255746303637466009302281, 35334813209340012126102325086, 388682945302740133387125575941, 4275512398330141467258381335346, 47030636381631556139842194688801, 517337000197947117538264141576806, 5690707002177418292920905557344861, 62597777023951601222129961130793466, 688575547263467613443429572438728121, 7574331019898143747877725296826009326, 83317641218879581226654978265086102581, 916494053407675393493204760915947128386, 10081434587484429328425252370075418412241, 110895780462328722612677776070829602534646, 1219853585085615948739455536779125627881101, 13418389435941775436134010904570381906692106, 147602283795359529797474119950274200973613161, 1623625121748954827772215319453016210709744766, 17859876339238503105494368513983178317807192421, 196458639731623534160438053653814961495879116626, 2161045037047858875764818590191964576454670282881, 23771495407526447633413004492111610341001373111686, 261486449482790923967543049413227713751015104228541, 2876350944310700163642973543545504851261166146513946, 31639860387417701800072708979000553363872827611653401, 348038464261594719800799798769006087002601103728187406, 3828423106877541917808797786459066957028612141010061461, 42112654175652961095896775651049736527314733551110676066, 463239195932182572054864532161547101800462069062217436721, 5095631155254008292603509853777018119805082759684391803926, 56051942707794091218638608391547199317855910356528309843181, 616571369785735003405024692307019192496415013921811408274986, 6782285067643085037455271615377211117460565153139925491024841, 74605135744073935412007987769149322292066216684539180401273246, 820656493184813289532087865460642545212728383529930984414005701, 9027221425032946184852966520067067997340012218829240828554062706, 99299435675362408033382631720737747970740134407121649114094689761, 1092293792428986488367208948928115227678141478478338140255041587366, 12015231716718851372039298438209267504459556263261719542805457461021, 132167548883907365092432282820301942549055118895878914970860032071226, 1453843037722981016016755111023321368039606307854668064679460352783481, 15992273414952791176184306221256535048435669386401348711474063880618286, 175915007564480702938027368433821885532792363250414835826214702686801141, 1935065083209287732318301052772040740860715995754563194088361729554812546, 21285715915302165055501311580492448149467875953300195134971979025102938001, 234142875068323815610514427385416929644146635486302146484691769276132318006, 2575571625751561971715658701239586226085612990349323611331609462037455498061, 28331287883267181688872245713635448486941742893842559724647704082412010478666, 311644166715938998577594702849989933356359171832268156971124744906532115265321, 3428085833875328984353541731349889266919950890154949726682372193971853267918526, 37708944172628618827888959044848781936119459791704446993506094133690385947103781, 414798385898914807106778549493336601297314057708748916928567035470594245418141586, 4562782244888062878174564044426702614270454634796238086214237390176536699599557441, 50190604693768691659920204488693728756975000982758618948356611291941903695595131846, 552096651631455608259122249375631016326725010810344808431922724211360940651546450301, 6073063167946011690850344743131941179593975118913792892751149966324970347167010953306, 66803694847406128599353792174451352975533726308051721820262649629574673818837120486361, 734840643321467414592891713918964882730870989388568940022889145925321412007208325349966, 8083247076536141560521808853108613710039580883274258340251780605178535532079291578849621, 88915717841897557165739897384194750810435389716016841742769586656963890852872207367345826, 978072896260873128823138871226142258914789286876185259170465453226602799381594281040804081, 10758801858869604417054527583487564848062682155638037850875119985492630793197537091448844886, 118346820447565648587599803418363213328689503712018416359626319840418938725172908005937293741, 1301815024923222134463597837601995346615584540832202579955889518244608325976901988065310231146, 14319965274155443479099576213621948812771429949154228379514784700690691585745921868718412542601, 157519618015709878270095338349841436940485729440696512174662631707597607443205140555902537968606, 1732715798172808660971048721848255806345343023847661633921288948783573681875256546114927917654661, 19059873779900895270681535940330813869798773262324277973134178436619310500627822007264207094201266, 209658611578909847977496895343638952567786505885567057704475962802812415506906042079906278036213921, 2306244727368008327752465848780028478245651564741237634749235590830936570575966462878969058398353126, 25368692001048091605277124336580313260702167212153613982241591499140302276335631091668659642381884381, 279055612011529007658048367702383445867723839333689753804657506490543325039691942008355256066200728186, 3069611732126819084238532044726217904544962232670587291851232571395976575436611362091907816728208010041, 33765729053395009926623852491988396949994584559376460210363558285355742329802724983010985984010288110446, 371423019587345109192862377411872366449940430153141062313999141138913165627829974813120845824113169214901, 4085653215460796201121486151530596030949344731684551685453990552528044821906129722944329304065244861363906, 44942185370068758212336347666836556340442792048530068539993896077808493040967426952387622344717693475002961, 494364039070756340335699824335202119744870712533830753939932856855893423450641696476263845791894628225032566, 5438004429778319743692698067687223317193577837872138293339261425414827657957058661238902303710840910475358221, 59818048727561517180619678744559456489129356216593521226731875679563104237527645273627925340819250015228940426, 657998536003176688986816466190154021380422918382528733494050632475194146612804098009907178749011750167518344681, 7237983896034943578854981128091694235184652102207816068434556957227135612740845078108978966239129251842701791486, 79617822856384379367404792409008636587031173124285976752780126529498491740149295859198768628630421770269719706341, 875796051420228173041452716499095002457342904367145744280581391824483409141642254451186454914934639472966916769746, 9633756565622509903455979881490045027030771948038603187086395310069317500558064798963051004064281034202636084467201, 105971322221847608938015778696390495297338491428424635057950348410762492506138712788593561044707091376228996929139206, 1165684544440323698318173565660295448270723405712670985637453832518387417567525840674529171491778005138518966220531261, 12822529988843560681499909222263249930977957462839380842011992157702261593242784247419820886409558056523708628425843866, 141047829877279167496499001444895749240757532091233189262131913734724877525670626721618029750505138621760794912684282521, 1551526128650070842461489015893853241648332853003565081883451051081973652782376893937798327255556524839368744039527107726, 17066787415150779267076379174832385658131661383039215900717961561901710180606145833315781599811121773233056184434798184981, 187734661566658571937840170923156242239448275213431374907897577180918811986667604166473597597922339505563618028782780034786, 2065081277233244291316241880154718664633931027347745123986873348990106931853343645831209573577145734561199798316610580382641, 22715894049565687204478660681701905310973241300825196363855606838891176250386780104143305309348603080173197781482716384209046, 249874834545222559249265267498720958420705654309077160002411675227802938754254581145576358402834633881905175596309880226299501, 2748623179997448151741917942485930542627762197399848760026528427505832326296800392601339942431180972700956931559408682489294506, 30234854979971929669161097367345235968905384171398336360291812702564155589264804318614739366742990699710526247153495507382239561, 332583404779691226360772071040797595657959225885381699963209939728205711481912847504762133034172897696815788718688450581204635166, 3658417452576603489968492781448773552237551484739198699595309337010262826301041322552383463375901874664973675905572956393250986821, 40242591978342638389653420595936509074613066332131185695548402707112891089311454548076218097134920621314710434961302520325760855026, 442668511761769022286187626555301599820743729653443042651032429778241801982426000028838399068484126834461814784574327723583369405281, 4869353629379459245148063892108317598028181026187873469161356727560659821806686000317222389753325395179079962630317604959417063458086, 53562889923174051696628702813191493578309991288066608160774924003167258039873546003489446287286579346969879588933493654553587698038941, 589191789154914568662915730945106429361409904168732689768524164034839838438609006038383909160152372816668675478268430200089464678428346, 6481109680704060255292073040396170722975508945856059587453765804383238222824699066422223000761676100983355430260952732200984111462711801, 71292206487744662808212803444357877952730598404416655461991423848215620451071689730644453008378437110816909732870480054210825226089829806, 784214271365191290890340837887936657480036582448583210081905662330371824961788587037088983092162808218986007061575280596319077486988127861, 8626356985017104199793749216767303232280402406934415310900962285634090074579674457407978814013790890408846077677328086559509852356869406466, 94889926835188146197731241384440335555084426476278568419910585141974990820376419031487766954151699794497306854450608952154608375925563471121, 1043789195187069608175043655228843691105928691239064252619016436561724899024140609346365436495668697739470375398956698473700692135181198182326, 11481681147057765689925480207517280602165215603629706778809180802178973889265546702810019801452355675134174129388523683210707613486993180005581, 126298492617635422589180282282690086623817371639926774566900988823968712781921013730910217815975912426475915423273760515317783748356924980061386, 1389283418793989648480983105109590952861991088039194520235910877063655840601131151040012395975735036691235069656011365668495621231926174780675241, 15282117606733886133290814156205500481481901968431139722595019647700214246612442661440136355733085403603585766216125022353451833551187922587427646, 168103293674072747466198955718260505296300921652742536948545216124702356712736869275841499913063939439639443428377375245887970169063067148461704101, 1849136230414800222128188512900865558259310138180167906433997377371725923840105562034256499043703333836033877712151127704767671859693738633078745106, 20340498534562802443410073641909521140852411519981846970773971151088985162241161182376821489480736672196372654833662404752444390456631124963866196161, 223745483880190826877510810061004732549376526719800316678513682661978836784652773006145036384288103394160099203170286452276888295022942374602528157766, 2461200322682099095652618910671052058043141793917803483463650509281767204631180503067595400227169137335761091234873150975045771245252366120627809735421, 27073203549503090052178808017381572638474559733095838318100155602099439250942985533743549402498860510693372003583604660725503483697776027326905907089626, 297805239044533990573966888191197299023220157064054221499101711623093831760372840871179043427487465617627092039419651267980538320675536300595964977985881, 3275857629489873896313635770103170289255421727704596436490118827854032149364101249582969477702362121793898012433616163947785921527430899306555614757844686, 36034433924388612859449993471134873181809639004750560801391307106394353643005113745412664254725983339732878136769777803425645136801739892372111762336291541, 396378773168274741453949928182483604999906029052256168815304378170337890073056251199539306801985816737061659504467555837682096504819138816093229385699206946, 4360166504851022155993449210007319654998966319574817856968348159873716790803618763194932374821843984107678254549143114214503061553010526977025523242691276401, 47961831553361243715927941310080516204988629515322996426651829758610884698839806395144256123040283825184460800040574256359533677083115796747280755669604040406, 527580147086973680875207354410885678254874924668552960693170127344719731687237870346586817353443122077029068800446316819954870447914273764220088312365644444461, 5803381617956710489627280898519742460803624171354082567624871400791917048559616573812454990887874342847319756804909485019503574927057011406420971436022088889066, 63837197797523815385900089883717167068839865884894908243873585408711087534155782311937004899766617771320517324854004335214539324197627125470630685796242977779721, 702209175772761969244900988720888837757238524733843990682609439495821962875713605431307053897432795484525690573394047687359932566173898380176937543758672755576926, 7724300933500381661693910875929777215329623772072283897508703834454041591632849659744377592871760750329782596307334524560959258227912882181946312981345400311346181, 84967310268504198278633019635227549368625861492795122872595742178994457507961346257188153521589368253627608559380679770170551840507041704001409442794799403424807986, 934640412953546181064963215987503043054884476420746351598553163968939032587574808829069688737483050789903694153187477471876070245577458744015503870742793437672887841, 10281044542489007991714595375862533473603729240628209867584084803658329358463322897119766576112313558688940635685062252190636772701352046184170542578170727814401766246, 113091489967379087908860549134487868209641021646910308543424932840241622943096551868317432337235449145578346992535684774097004499714872508025875968359878005958419428701, 1244006389641169966997466040479366550306051238116013393977674261242657852374062070551491755709589940601361816917892532515067049496863597588284635651958658065542613715706, 13684070286052869636972126445273032053366563619276147333754416873669236376114682776066409312805489346614979986096817857665737544465499573471130992171545238720968750872761, 150524773146581566006693390898003352587032199812037620671298585610361600137261510536730502440860382812764779847064996434323112989120495308182440913886997625930656259600366, 1655772504612397226073627299878036878457354197932413827384284441713977601509876615904035526849464210940412578317714960777554242880325448390006850052756973885237218855604021, 18213497550736369486809900298658405663030896177256552101227128858853753616608642774944390795344106320344538361494864568553096671683579932290075350580326712737609407411644226, 200348473058100064354908903285242462293339857949822073113498417447391289782695070524388298748785169523789921976443510254084063388519379255190828856383593840113703481528086481, 2203833203639100707903997936137667085226738437448042804248482591921304187609645775768271286236636864761689141740878612794924697273713171807099117420219532241250738296808951286, 24242165240030107786943977297514337937494122811928470846733308511134346063706103533450984148603005512378580559149664740744171670010844889878090291622414854653758121264898464141, 266663817640331185656383750272657717312435350931213179314066393622477806700767138867960825634633060636164386150646312148185888370119293788658993207846563401191339333913883105546, 2933301994043643042220221252999234890436788860243344972454730329847255873708438527547569081980963666997808247657109433630044772071312231675248925286312197413104732673052714161001, 32266321934480073464422433782991583794804677462676794697002033628319814610792823803023259901790600336975890724228203769930492492784434548427738178149434171544152059403579855771006, 354929541279280808108646771612907421742851452089444741667022369911517960718721061833255858919696603706734797966510241469235417420628780032705119959643775886985672653439378413481061, 3904224954072088889195114487741981639171365972983892158337246069026697567905931680165814448116662640774082777631612656161589591626916580359756319556081534756842399187833162548291666, 42946474494792977781146259365161798030885025702822813741709706759293673246965248481823958929283289048514910553947739217777485507896082383957319515116896882325266391066164788031208321, 472411219442722755592608853016779778339735282731050951158806774352230405716617733300063548222116179533664016093425131395552340586856906223530514666285865705577930301727812668343291526, 5196523413869950311518697383184577561737088110041560462746874517874534462882795066300699030443277974870304177027676445351075746455425968458835661329144522761357233319005939351776206781, 57161757552569453426705671215030353179107969210457165090215619696619879091710745729307689334876057723573345947304440898861833211009685653047192274620589750374929566509065332869538274586, 628779333078263987693762383365333884970187661315028815992371816662818670008818203022384582683636634959306805420348849887480165321106542183519115020826487254124225231599718661564921020441, 6916572663860903864631386217018672734672064274465316975916089983291005370097000233246230409520002984552374859623837348762281818532171964018710265229091359795366477547596905277214131224846, 76082299302469942510945248387205400081392707019118486735076989816201059071067002565708534504720032830076123455862210836385100003853891604205812917520004957749031253023565958049355443473301, 836905292327169367620397732259259400895319777210303354085846887978211649781737028222793879551920361130837358014484319200236100042392807646263942092720054535239343783259225538542909878206306, 9205958215598863043824375054851853409848517549313336894944315767760328147599107310450732675071123972439210938159327511202597100466320884108903363019920599887632781615851480923972008660269361, 101265540371587493482068125603370387508333693042446705844387473445363609623590180414958059425782363696831320319752602623228568105129529725197936993219126598763960597774366290163692095262962966, 1113920944087462428302749381637074262591670623466913764288262207898999705859491984564538653683606000665144523517278628855514249156424826977177306925410392586403566575518029191800613047892592621, 12253130384962086711330243198007816888508376858136051407170884286888996764454411830209925190519666007316589758690064917410656740720673096748950376179514318450439232330698321109806743526818518826, 134784434234582953824632675178085985773592145439496565478879727155778964408998530132309177095716326080482487345590714091517224147927404064238454137974657502954831555637681532207874178795003707081, 1482628776580412492070959426958945843509513599834462220267676998713568608498983831455400948052879586885307360801497855006689465627201444706622995517721232532503147112014496854286615966745040777886, 16308916542384537412780553696548404278604649598179084422944446985849254693488822146009410428581675455738380968816476405073584121899215891772852950694933557857534618232159465397152775634195448556741, 179398081966229911540586090662032447064651145579969928652388916844341801628377043606103514714398430013122190656981240455809425340891374809501382457644269136432880800553754119368680531976149934124146, 1973378901628529026946446997282356917711162601379669215176278085287759817912147479667138661858382730144344097226793645013903678749805122904515207034086960500761688806091295313055485851737649275365601, 21707167917913819296410916970105926094822788615176361366939058938165357997033622276338525280442210031587785069494730095152940466247856351949667277374956565508378576867004248443610344369114142029021606, 238778847097052012260520086671165187043050674766939975036329648319818937967369845039723778084864310347465635764442031046682345128726419871446340051124522220592164345537046732879713788060255562319237661, 2626567318067572134865720953382817057473557422436339725399626131518008317641068295436961558933507413822121993408862341513505796415990618585909740562369744426513807800907514061676851668662811185511614266, 28892240498743293483522930487210987632209131646799736979395887446698091494051751249806577148268581552043341927497485756648563760575896804445007146186067188691651885809982654678445368355290923040627756921, 317814645486176228318752235359320863954300448114797106773354761913679006434569263747872348630954397072476761202472343323134201366334864848895078608046739075608170743909809201462899051908200153446905326126, 3495961100347938511506274588952529503497304929262768174506902381050469070780261901226595834940498367797244373227195776554476215029683513337845864688514129831689878183007901216091889570990201687915958587381, 38455572103827323626569020478477824538470354221890449919575926191555159778582880913492554184345482045769688105499153542099238365326518646716304511573655428148588660013086913377010785280892218567075544461186]
len(predicted_full) = 200, len(input_sequence + seq_pred) = 200
is_manual_check: False
