test results being evaluated: data/test_linrec15.tsv
csv file used: ../linear_database_newbl.csv
The sequence ID inspected: A022348
csv results file used: ../linear_database_newbl.csv
Results we are looking at now:
('Could you give me a recursive equation in a form of a Python code for the following number sequence: 0,14,14,28,42,70,112,182,294,476,770,1246,2016,3262,5278', 'Certainly, the Python code is the following: lambda a_n: ( a_n[-2] * 2 + abs( -10 ) )')

Experiment type: Evaluation of the results of llms.
Ground truth: 
[0, 14, 14, 28, 42, 70, 112, 182, 294, 476, 770, 1246, 2016, 3262, 5278, 8540, 13818, 22358, 36176, 58534, 94710, 153244, 247954, 401198, 649152, 1050350, 1699502, 2749852, 4449354, 7199206, 11648560, 18847766, 30496326, 49344092, 79840418, 129184510, 209024928, 338209438, 547234366, 885443804, 1432678170, 2318121974, 3750800144, 6068922118, 9819722262, 15888644380, 25708366642, 41597011022, 67305377664, 108902388686, 176207766350, 285110155036, 461317921386, 746428076422, 1207745997808, 1954174074230, 3161920072038, 5116094146268, 8278014218306, 13394108364574, 21672122582880, 35066230947454, 56738353530334, 91804584477788, 148542938008122, 240347522485910, 388890460494032, 629237982979942, 1018128443473974, 1647366426453916, 2665494869927890, 4312861296381806, 6978356166309696, 11291217462691502, 18269573629001198, 29560791091692700, 47830364720693898, 77391155812386598, 125221520533080496, 202612676345467094, 327834196878547590, 530446873224014684, 858281070102562274, 1388727943326576958, 2247009013429139232, 3635736956755716190, 5882745970184855422, 9518482926940571612, 15401228897125427034, 24919711824065998646, 40320940721191425680, 65240652545257424326, 105561593266448850006, 170802245811706274332, 276363839078155124338, 447166084889861398670, 723529923968016523008, 1170696008857877921678, 1894225932825894444686, 3064921941683772366364, 4959147874509666811050, 8024069816193439177414, 12983217690703105988464, 21007287506896545165878, 33990505197599651154342, 54997792704496196320220, 88988297902095847474562, 143986090606592043794782, 232974388508687891269344, 376960479115279935064126, 609934867623967826333470, 986895346739247761397596, 1596830214363215587731066, 2583725561102463349128662, 4180555775465678936859728, 6764281336568142285988390, 10944837112033821222848118, 17709118448601963508836508, 28653955560635784731684626, 46363074009237748240521134, 75017029569873532972205760, 121380103579111281212726894, 196397133148984814184932654, 317777236728096095397659548, 514174369877080909582592202, 831951606605177004980251750, 1346125976482257914562843952, 2178077583087434919543095702, 3524203559569692834105939654, 5702281142657127753649035356, 9226484702226820587754975010, 14928765844883948341404010366, 24155250547110768929158985376, 39084016391994717270562995742, 63239266939105486199721981118, 102323283331100203470284976860, 165562550270205689670006957978, 267885833601305893140291934838, 433448383871511582810298892816, 701334217472817475950590827654, 1134782601344329058760889720470, 1836116818817146534711480548124, 2970899420161475593472370268594, 4807016238978622128183850816718, 7777915659140097721656221085312, 12584931898118719849840071902030, 20362847557258817571496292987342, 32947779455377537421336364889372, 53310627012636354992832657876714, 86258406468013892414169022766086, 139569033480650247407001680642800, 225827439948664139821170703408886, 365396473429314387228172384051686, 591223913377978527049343087460572, 956620386807292914277515471512258, 1547844300185271441326858558972830, 2504464686992564355604374030485088, 4052308987177835796931232589457918, 6556773674170400152535606619943006, 10609082661348235949466839209400924, 17165856335518636102002445829343930, 27774938996866872051469285038744854, 44940795332385508153471730868088784, 72715734329252380204941015906833638, 117656529661637888358412746774922422, 190372263990890268563353762681756060, 308028793652528156921766509456678482, 498401057643418425485120272138434542, 806429851295946582406886781595113024, 1304830908939365007892007053733547566, 2111260760235311590298893835328660590, 3416091669174676598190900889062208156, 5527352429409988188489794724390868746, 8943444098584664786680695613453076902, 14470796527994652975170490337843945648, 23414240626579317761851185951297022550, 37885037154573970737021676289140968198, 61299277781153288498872862240437990748, 99184314935727259235894538529578958946, 160483592716880547734767400770016949694, 259667907652607806970661939299595908640, 420151500369488354705429340069612858334, 679819408022096161676091279369208766974, 1099970908391584516381520619438821625308, 1779790316413680678057611898808030392282, 2879761224805265194439132518246852017590, 4659551541218945872496744417054882409872, 7539312766024211066935876935301734427462, 12198864307243156939432621352356616837334, 19738177073267368006368498287658351264796, 31937041380510524945801119640014968102130, 51675218453777892952169617927673319366926, 83612259834288417897970737567688287469056, 135287478288066310850140355495361606835982, 218899738122354728748111093063049894305038, 354187216410421039598251448558411501141020, 573086954532775768346362541621461395446058, 927274170943196807944613990179872896587078, 1500361125475972576290976531801334292033136, 2427635296419169384235590521981207188620214]
Predicted:    
[0, 14, 14, 28, 42, 70, 112, 182, 294, 476, 770, 1246, 2016, 3262, 5278, 6534, 10566, 13078, 21142, 26166, 42294, 52342, 84598, 104694, 169206, 209398, 338422, 418806, 676854, 837622, 1353718, 1675254, 2707446, 3350518, 5414902, 6701046, 10829814, 13402102, 21659638, 26804214, 43319286, 53608438, 86638582, 107216886, 173277174, 214433782, 346554358, 428867574, 693108726, 857735158, 1386217462, 1715470326, 2772434934, 3430940662, 5544869878, 6861881334, 11089739766, 13723762678, 22179479542, 27447525366, 44358959094, 54895050742, 88717918198, 109790101494, 177435836406, 219580202998, 354871672822, 439160406006, 709743345654, 878320812022, 1419486691318, 1756641624054, 2838973382646, 3513283248118, 5677946765302, 7026566496246, 11355893530614, 14053132992502, 22711787061238, 28106265985014, 45423574122486, 56212531970038, 90847148244982, 112425063940086, 181694296489974, 224850127880182, 363388592979958, 449700255760374, 726777185959926, 899400511520758, 1453554371919862, 1798801023041526, 2907108743839734, 3597602046083062, 5814217487679478, 7195204092166134, 11628434975358966, 14390408184332278, 23256869950717942, 28780816368664566, 46513739901435894, 57561632737329142, 93027479802871798, 115123265474658294, 186054959605743606, 230246530949316598, 372109919211487222, 460493061898633206, 744219838422974454, 920986123797266422, 1488439676845948918, 1841972247594532854, 2976879353691897846, 3683944495189065718, 5953758707383795702, 7367888990378131446, 11907517414767591414, 14735777980756262902, 23815034829535182838, 29471555961512525814, 47630069659070365686, 58943111923025051638, 95260139318140731382, 117886223846050103286, 190520278636281462774, 235772447692100206582, 381040557272562925558, 471544895384200413174, 762081114545125851126, 943089790768400826358, 1524162229090251702262, 1886179581536801652726, 3048324458180503404534, 3772359163073603305462, 6096648916361006809078, 7544718326147206610934, 12193297832722013618166, 15089436652294413221878, 24386595665444027236342, 30178873304588826443766, 48773191330888054472694, 60357746609177652887542, 97546382661776108945398, 120715493218355305775094, 195092765323552217890806, 241430986436710611550198, 390185530647104435781622, 482861972873421223100406, 780371061294208871563254, 965723945746842446200822, 1560742122588417743126518, 1931447891493684892401654, 3121484245176835486253046, 3862895782987369784803318, 6242968490353670972506102, 7725791565974739569606646, 12485936980707341945012214, 15451583131949479139213302, 24971873961414683890024438, 30903166263898958278426614, 49943747922829367780048886, 61806332527797916556853238, 99887495845658735560097782, 123612665055595833113706486, 199774991691317471120195574, 247225330111191666227412982, 399549983382634942240391158, 494450660222383332454825974, 799099966765269884480782326, 988901320444766664909651958, 1598199933530539768961564662, 1977802640889533329819303926, 3196399867061079537923129334, 3955605281779066659638607862, 6392799734122159075846258678, 7911210563558133319277215734, 12785599468244318151692517366, 15822421127116266638554431478, 25571198936488636303385034742, 31644842254232533277108862966, 51142397872977272606770069494, 63289684508465066554217725942, 102284795745954545213540138998, 126579369016930133108435451894, 204569591491909090427080278006, 253158738033860266216870903798, 409139182983818180854160556022, 506317476067720532433741807606, 818278365967636361708321112054, 1012634952135441064867483615222, 1636556731935272723416642224118, 2025269904270882129734967230454, 3273113463870545446833284448246, 4050539808541764259469934460918, 6546226927741090893666568896502, 8101079617083528518939868921846, 13092453855482181787333137793014, 16202159234167057037879737843702, 26184907710964363574666275586038, 32404318468334114075759475687414]
len(predicted_full) = 200, len(input_sequence + seq_pred) = 200
is_manual_check: False
