test results being evaluated: data/test_linrec15.tsv
csv file used: ../linear_database_newbl.csv
The sequence ID inspected: A024224
csv results file used: ../linear_database_newbl.csv
Results we are looking at now:
('Could you give me a recursive equation in a form of a Python code for the following number sequence: 0,2,4,7,11,16,22,28,35,43,51,60,70,81,93', 'Certainly, the Python code is the following: lambda a_n: n + a_n[-1]')

Experiment type: Evaluation of the results of llms.
Ground truth: 
[0, 2, 4, 7, 11, 16, 22, 28, 35, 43, 51, 60, 70, 81, 93, 105, 118, 132, 146, 161, 177, 194, 212, 230, 249, 269, 289, 310, 332, 355, 379, 403, 428, 454, 480, 507, 535, 564, 594, 624, 655, 687, 719, 752, 786, 821, 857, 893, 930, 968, 1006, 1045, 1085, 1126, 1168, 1210, 1253, 1297, 1341, 1386, 1432, 1479, 1527, 1575, 1624, 1674, 1724, 1775, 1827, 1880, 1934, 1988, 2043, 2099, 2155, 2212, 2270, 2329, 2389, 2449, 2510, 2572, 2634, 2697, 2761, 2826, 2892, 2958, 3025, 3093, 3161, 3230, 3300, 3371, 3443, 3515, 3588, 3662, 3736, 3811, 3887, 3964, 4042, 4120, 4199, 4279, 4359, 4440, 4522, 4605, 4689, 4773, 4858, 4944, 5030, 5117, 5205, 5294, 5384, 5474, 5565, 5657, 5749, 5842, 5936, 6031, 6127, 6223, 6320, 6418, 6516, 6615, 6715, 6816, 6918, 7020, 7123, 7227, 7331, 7436, 7542, 7649, 7757, 7865, 7974, 8084, 8194, 8305, 8417, 8530, 8644, 8758, 8873, 8989, 9105, 9222, 9340, 9459, 9579, 9699, 9820, 9942, 10064, 10187, 10311, 10436, 10562, 10688, 10815, 10943, 11071, 11200, 11330, 11461, 11593, 11725, 11858, 11992, 12126, 12261, 12397, 12534, 12672, 12810, 12949, 13089, 13229, 13370, 13512, 13655, 13799, 13943, 14088, 14234, 14380, 14527, 14675, 14824, 14974, 15124]
Predicted:    
[0, 2, 4, 7, 11, 16, 22, 28, 35, 43, 51, 60, 70, 81, 93, 108, 124, 141, 159, 178, 198, 219, 241, 264, 288, 313, 339, 366, 394, 423, 453, 484, 516, 549, 583, 618, 654, 691, 729, 768, 808, 849, 891, 934, 978, 1023, 1069, 1116, 1164, 1213, 1263, 1314, 1366, 1419, 1473, 1528, 1584, 1641, 1699, 1758, 1818, 1879, 1941, 2004, 2068, 2133, 2199, 2266, 2334, 2403, 2473, 2544, 2616, 2689, 2763, 2838, 2914, 2991, 3069, 3148, 3228, 3309, 3391, 3474, 3558, 3643, 3729, 3816, 3904, 3993, 4083, 4174, 4266, 4359, 4453, 4548, 4644, 4741, 4839, 4938, 5038, 5139, 5241, 5344, 5448, 5553, 5659, 5766, 5874, 5983, 6093, 6204, 6316, 6429, 6543, 6658, 6774, 6891, 7009, 7128, 7248, 7369, 7491, 7614, 7738, 7863, 7989, 8116, 8244, 8373, 8503, 8634, 8766, 8899, 9033, 9168, 9304, 9441, 9579, 9718, 9858, 9999, 10141, 10284, 10428, 10573, 10719, 10866, 11014, 11163, 11313, 11464, 11616, 11769, 11923, 12078, 12234, 12391, 12549, 12708, 12868, 13029, 13191, 13354, 13518, 13683, 13849, 14016, 14184, 14353, 14523, 14694, 14866, 15039, 15213, 15388, 15564, 15741, 15919, 16098, 16278, 16459, 16641, 16824, 17008, 17193, 17379, 17566, 17754, 17943, 18133, 18324, 18516, 18709, 18903, 19098, 19294, 19491, 19689, 19888]
len(predicted_full) = 200, len(input_sequence + seq_pred) = 200
is_manual_check: False
