test results being evaluated: data/test_linrec15.tsv
csv file used: ../linear_database_newbl.csv
The sequence ID inspected: A024875
csv results file used: ../linear_database_newbl.csv
Results we are looking at now:
('Could you give me a recursive equation in a form of a Python code for the following number sequence: 12,15,38,45,82,94,148,166,240,265,362,395,518,560,712', 'Certainly, the Python code is the following: lambda a_n: a_n[-2] - n * -7')

Experiment type: Evaluation of the results of llms.
Ground truth: 
[12, 15, 38, 45, 82, 94, 148, 166, 240, 265, 362, 395, 518, 560, 712, 764, 948, 1011, 1230, 1305, 1562, 1650, 1948, 2050, 2392, 2509, 2898, 3031, 3470, 3620, 4112, 4280, 4828, 5015, 5622, 5829, 6498, 6726, 7460, 7710, 8512, 8785, 9658, 9955, 10902, 11224, 12248, 12596, 13700, 14075, 15262, 15665, 16938, 17370, 18732, 19194, 20648, 21141, 22690, 23215, 24862, 25420, 27168, 27760, 29612, 30239, 32198, 32861, 34930, 35630, 37812, 38550, 40848, 41625, 44042, 44859, 47398, 48256, 50920, 51820, 54612, 55555, 58478, 59465, 62522, 63554, 66748, 67826, 71160, 72285, 75762, 76935, 80558, 81780, 85552, 86824, 90748, 92071, 96150, 97525, 101762, 103190, 107588, 109070, 113632, 115169, 119898, 121491, 126390, 128040, 133112, 134820, 140068, 141835, 147262, 149089, 154698, 156586, 162380, 164330, 170312, 172325, 178498, 180575, 186942, 189084, 195648, 197856, 204620, 206895, 213862, 216205, 223378, 225790, 233172, 235654, 243248, 245801, 253610, 256235, 264262, 266960, 275208, 277980, 286452, 289299, 297998, 300921, 309850, 312850, 322012, 325090, 334488, 337645, 347282, 350519, 360398, 363716, 373840, 377240, 387612, 391095, 401718, 405285, 416162, 419814, 430948, 434686, 446080, 449905, 461562, 465475, 477398, 481400, 493592, 497684, 510148, 514331, 527070, 531345, 544362, 548730, 562028, 566490, 580072, 584629, 598498, 603151, 617310, 622060, 636512, 641360, 656108, 661055, 676102, 681149, 696498, 701646, 717300, 722550]
Predicted:    
[12, 15, 38, 45, 82, 94, 148, 166, 240, 265, 362, 395, 518, 560, 712, 665, 824, 784, 950, 917, 1090, 1064, 1244, 1225, 1412, 1400, 1594, 1589, 1790, 1792, 2000, 2009, 2224, 2240, 2462, 2485, 2714, 2744, 2980, 3017, 3260, 3304, 3554, 3605, 3862, 3920, 4184, 4249, 4520, 4592, 4870, 4949, 5234, 5320, 5612, 5705, 6004, 6104, 6410, 6517, 6830, 6944, 7264, 7385, 7712, 7840, 8174, 8309, 8650, 8792, 9140, 9289, 9644, 9800, 10162, 10325, 10694, 10864, 11240, 11417, 11800, 11984, 12374, 12565, 12962, 13160, 13564, 13769, 14180, 14392, 14810, 15029, 15454, 15680, 16112, 16345, 16784, 17024, 17470, 17717, 18170, 18424, 18884, 19145, 19612, 19880, 20354, 20629, 21110, 21392, 21880, 22169, 22664, 22960, 23462, 23765, 24274, 24584, 25100, 25417, 25940, 26264, 26794, 27125, 27662, 28000, 28544, 28889, 29440, 29792, 30350, 30709, 31274, 31640, 32212, 32585, 33164, 33544, 34130, 34517, 35110, 35504, 36104, 36505, 37112, 37520, 38134, 38549, 39170, 39592, 40220, 40649, 41284, 41720, 42362, 42805, 43454, 43904, 44560, 45017, 45680, 46144, 46814, 47285, 47962, 48440, 49124, 49609, 50300, 50792, 51490, 51989, 52694, 53200, 53912, 54425, 55144, 55664, 56390, 56917, 57650, 58184, 58924, 59465, 60212, 60760, 61514, 62069, 62830, 63392, 64160, 64729, 65504, 66080, 66862, 67445, 68234, 68824, 69620, 70217]
len(predicted_full) = 200, len(input_sequence + seq_pred) = 200
is_manual_check: False
