test results being evaluated: data/test_linrec15.tsv
csv file used: ../linear_database_newbl.csv
The sequence ID inspected: A026381
csv results file used: ../linear_database_newbl.csv
Results we are looking at now:
('Could you give me a recursive equation in a form of a Python code for the following number sequence: 1,4,11,17,30,39,58,70,95,110,141,159,196,217,260', 'Certainly, the Python code is the following: lambda a_n: n - -7 + a_n[-2] + n')

Experiment type: Evaluation of the results of llms.
Ground truth: 
[1, 4, 11, 17, 30, 39, 58, 70, 95, 110, 141, 159, 196, 217, 260, 284, 333, 360, 415, 445, 506, 539, 606, 642, 715, 754, 833, 875, 960, 1005, 1096, 1144, 1241, 1292, 1395, 1449, 1558, 1615, 1730, 1790, 1911, 1974, 2101, 2167, 2300, 2369, 2508, 2580, 2725, 2800, 2951, 3029, 3186, 3267, 3430, 3514, 3683, 3770, 3945, 4035, 4216, 4309, 4496, 4592, 4785, 4884, 5083, 5185, 5390, 5495, 5706, 5814, 6031, 6142, 6365, 6479, 6708, 6825, 7060, 7180, 7421, 7544, 7791, 7917, 8170, 8299, 8558, 8690, 8955, 9090, 9361, 9499, 9776, 9917, 10200, 10344, 10633, 10780, 11075, 11225, 11526, 11679, 11986, 12142, 12455, 12614, 12933, 13095, 13420, 13585, 13916, 14084, 14421, 14592, 14935, 15109, 15458, 15635, 15990, 16170, 16531, 16714, 17081, 17267, 17640, 17829, 18208, 18400, 18785, 18980, 19371, 19569, 19966, 20167, 20570, 20774, 21183, 21390, 21805, 22015, 22436, 22649, 23076, 23292, 23725, 23944, 24383, 24605, 25050, 25275, 25726, 25954, 26411, 26642, 27105, 27339, 27808, 28045, 28520, 28760, 29241, 29484, 29971, 30217, 30710, 30959, 31458, 31710, 32215, 32470, 32981, 33239, 33756, 34017, 34540, 34804, 35333, 35600, 36135, 36405, 36946, 37219, 37766, 38042, 38595, 38874, 39433, 39715, 40280, 40565, 41136, 41424, 42001, 42292, 42875, 43169, 43758, 44055, 44650, 44950]
Predicted:    
[1, 4, 11, 17, 30, 39, 58, 70, 95, 110, 141, 159, 196, 217, 260, 254, 299, 295, 342, 340, 389, 389, 440, 442, 495, 499, 554, 560, 617, 625, 684, 694, 755, 767, 830, 844, 909, 925, 992, 1010, 1079, 1099, 1170, 1192, 1265, 1289, 1364, 1390, 1467, 1495, 1574, 1604, 1685, 1717, 1800, 1834, 1919, 1955, 2042, 2080, 2169, 2209, 2300, 2342, 2435, 2479, 2574, 2620, 2717, 2765, 2864, 2914, 3015, 3067, 3170, 3224, 3329, 3385, 3492, 3550, 3659, 3719, 3830, 3892, 4005, 4069, 4184, 4250, 4367, 4435, 4554, 4624, 4745, 4817, 4940, 5014, 5139, 5215, 5342, 5420, 5549, 5629, 5760, 5842, 5975, 6059, 6194, 6280, 6417, 6505, 6644, 6734, 6875, 6967, 7110, 7204, 7349, 7445, 7592, 7690, 7839, 7939, 8090, 8192, 8345, 8449, 8604, 8710, 8867, 8975, 9134, 9244, 9405, 9517, 9680, 9794, 9959, 10075, 10242, 10360, 10529, 10649, 10820, 10942, 11115, 11239, 11414, 11540, 11717, 11845, 12024, 12154, 12335, 12467, 12650, 12784, 12969, 13105, 13292, 13430, 13619, 13759, 13950, 14092, 14285, 14429, 14624, 14770, 14967, 15115, 15314, 15464, 15665, 15817, 16020, 16174, 16379, 16535, 16742, 16900, 17109, 17269, 17480, 17642, 17855, 18019, 18234, 18400, 18617, 18785, 19004, 19174, 19395, 19567, 19790, 19964, 20189, 20365, 20592, 20770]
len(predicted_full) = 200, len(input_sequence + seq_pred) = 200
is_manual_check: False
