test results being evaluated: data/test_linrec15.tsv
csv file used: ../linear_database_newbl.csv
The sequence ID inspected: A027472
csv results file used: ../linear_database_newbl.csv
Results we are looking at now:
('Could you give me a recursive equation in a form of a Python code for the following number sequence: 1,9,54,270,1215,5103,20412,78732,295245,1082565,3897234,13817466,48361131,167403915,573956280', 'Certainly, the Python code is the following: lambda a_n: abs( a_n[-1] * -6 + -3 )')

Experiment type: Evaluation of the results of llms.
Ground truth: 
[1, 9, 54, 270, 1215, 5103, 20412, 78732, 295245, 1082565, 3897234, 13817466, 48361131, 167403915, 573956280, 1951451352, 6586148313, 22082967873, 73609892910, 244074908070, 805447196631, 2646469360359, 8661172452084, 28242953648100, 91789599356325, 297398301914493, 960825283108362, 3095992578904722, 9951404717908035, 31913125474670595, 102122001518945904, 326131553237924016, 1039544325945882801, 3307641037100536185, 10506624470789938470, 33321009035933804862, 105516528613790382063, 333660374265229045983, 1053664339784933829420, 3323095225475560538940, 10467749960248015697661, 32935115728585220121909, 103510363718410691811714, 324974397720591706850730, 1019237883760037626031835, 3193612035781451228233083, 9997394198968021236207912, 31268445686134023866437512, 97713892769168824582617225, 305106644769037350227355825, 951932731679396532709350174, 2967790281118118601976209366, 9245808183483369490772036871, 28784119816504829546743133655, 89550594984681691923200860260, 278420940770555805797588129172, 865093637394226968013934544213, 2686343400329441637516954637293, 8336927794125853357811238529530, 25858606547881884143719604252610, 80161680298433840845530773183091, 248369796334491736390251084124659, 769145175745522796563358195998944, 2380687448736141989362775368568160, 7365251794527439279591086296507745, 22775624780000235310735513009200873, 70397385683637090960455222028439062, 217496400544968325803197477013237102, 671680060506519829686345149599702815, 2073447143302735126423065461807778255, 6398065470762725532962601996435430044, 19734878001366716784771969538300833516, 60849207170880710086380239409760903341, 187548926211618626978569231057482236325, 577853448327689823663699792987918241650, 1779788620849284656884195362402788184282, 5479875490509639601459233089503321514763, 16866629756503695916179717431328405181803, 51897322327703679742091438250241246713240, 159633535767493597181369867022893961409080, 490873122485042811332712341095398931332921, 1508980339491057531133893492996967085208609, 4637354214045688998118794637015069578933774, 14247293067248803548437260631793286055760390, 43759542992264182327343014797650807171264055, 134367537893893548087488551319845419667057863, 412477093069626705756941599400455706884921812, 1265877975282647476288544908504846824577863492, 3883943787799032029521671878367143666318444805, 11913670270439727461341757559485732819156577885, 36535255496015164214781389849089580645413505514, 112014684432837701273890195251604318682091956466, 343349358805002519122141685445134976829890562211, 1052199647950814171503337423138316864478696884195, 3223760623508877461627246573019524010317709602640, 9874887804642982540352934239459805126341615730192, 30241843901719134029830861108345653199421198173713, 92596161224851369142884182981223288662145318119513, 283457636402606232070053621371091699986159137100550, 867552159898885740578042901772129142381880995368350, 2654709609290590366168811279422715175688555845827151, 8121834349215766565803590943976425636512512439213759, 24843258009365874201281572299222007829332390990536204, 75976954106313110421395099750047888021744690893387420, 232314148132765087634650401158800272989565497154780765, 710217538577310410768788369256903691710957377016044053, 2170853608481590312161202185275818831267454624086776162, 6634290934331589084829094528833577175929510860526876682, 20271444521568744425866677726991485815340172073832123195, 61930192896168732970767006266863897032186030280606394715, 189168589210115402528888310051511540025586419766215896584, 577731096776838932047685919887048757375439606313037738216, 1764143170514990310359898076797952455557145940705883093481, 5386100830333377496231547225622067231568277429588758117265, 16441781482070310251654196794004205233208425837691998463230, 50183176523536338246353244127786748146575282339390360526902, 153145211114929859820767658803763007274893534035725755401063, 467289233914785982530034651221738406813136680775676022890423, 1425628171265448760261122664744286664853637331180028544411460, 4348764925792923529199895187413244196150171018641599677490420, 13263733023668416764059680321610394798258021606856879016345781, 40448904840773932115190264782431699839315784900249490553980109, 123336004924327071695498184418562232296930098220432872836726234, 376024405257094730778957879324884854563811275062295344014409250, 1146267945057917808342307083748439314718715015915706774495537875, 3493824696536533479827351991265243031262643368511074248662399443, 10647846694206578224235739401951216857181389313557559614971122112, 32446587957936580888025442114607251367946438301943114732234836672, 98860697684338019893202518942943969011711804201232927699778017985, 301180265038332107116500697244782789314749915124686361131881868745, 917441422732150110908725200837953727451084356841352300063270923254, 2794344486031510643149475993391935398877730216638927997902634338766, 8510049116550509685955222343511803260218542023400371629976204577151, 25914059339871852803096729692648724213447439996068800828123028975535, 78902509034833701072115415780602085664825041182060229387120864343420, 240214305283827045486218043598721905246245125376494476134123520334412, 731240605790473506112457868013756388029010896366681714114170128076813, 2225746953391441255831349861034572363562755794050410764858459440934533, 6774012466843516865573673490105220236930126329718641458264876559365970, 20614440816365522547752977599384950792960024730007088754288077587135290, 62726798484083661466734060409557064555721218107021570066619436086568811, 190849620919658799781765332735460855988683706155406053606948497029347659, 580612931248539447223398758744500632303601134219263487029589793779423864, 1766200175476326290504744475901103322042423030666990327677423498559785880, 5372192200407159133618597780865855937879036718278762246685496474786015385, 16338874209514187433971045664564430817963139260420235522677958244004364033, 49688083212495200141665371747031556734079683778264277890883653837931079662, 151092334666567037165472252863422488844446385366558722566156416772484303462, 459402368918615991381503471544189999864870766317239359153853969916337409175, 1396706531007604322790745453755154831803935953971204226152321130014099639975, 4245987854263117141283866179415670688683965300072460847503056235242862905524, 12906678311965369323505262095044985735800927633995096218568892794546185918116, 39229509079789477812233099262570943486447556361221937190650187309739065093221, 119226939360144491390120203641146985105870024235086279697074098686461864499005, 362326023510049493315430229247122006685371242480651811027471936267949042763210, 1101003594020860073235920245002544936443934549731529051573801819240025800912722, 3345357074140305607139911513661578845348878054953492118243474758460078395080963, 10163919263470864806405973197557790504658693198807743569440365985894633085691843, 30877729408012753842245994524226199001494764148276689324882124514110277728684080, 93798385560189686200030285252838076212087868450425414741623057486259522911662960, 284912596139076171832591991455495656494216900418167197277680037114513300844176241, 865355649142908372833152073426940223761938287605489189247115143782590087657156409, 2628117156656240243419202593370707346239960725320374574750497844080458784736549094, 7981091978802692763757701127107362799931169073825677389579732716686055818678477310, 24235267106364274367995946105484552892473915846129191097626261542132047546962693295, 73587083759324251262824054538471278782602617205519543878247012318837308006232177823, 223421025389755558050983876430057376544769391997481024786966832582493995392415768812, 678290178877880646298495960179874789869449591273789698005941222271403926131465837052, 2059095185879280533406148450546048469246543402081147297518035853323904775756235576765, 6250389528734147417972509793669366063452525238269991500750014158314574851851768348405, 18971770569569529809845970903137605227891194252631268319923572386413650726797132163394, 57580987869044362405321981863908872007459238696582621392048737242974764486594804636266, 174751602718843937067314386819537390627289084881489118410752563028097831755828418721691, 530315557383774953527977185435012312597264563946715532749393616125730414287918611727675, 1609233415509386065877999735113140810639975228527964375239539248933250912321959925242600, 4882873963631337148464102053400444402570439121990566190012544806763178482531204116021832, 14815083503290534302726309639294530175980764154221376962878971175065552895861721579293513, 44947456730322129494712024159893574601704352264502143667039590514181931667105901062602353, 136357453002100842287328612619901855533260394510287402135962802683473275844029138055085790, 413642999889054510402343221522942500304806671615005918211328501995117255772669396446433430, 1254717099663465348220441105286258917591246903898851285241029789385189009177097169220848071, 3805744131023439094878575507194232849489472653262261633134394223052313624520587546421246359, 11542696485301859232818536703138552378671367607696529788407613247938885278765738052882021924, 35006538520997441935597201476731675246790213236456688702547679522437602894617402291527443540, 106161133123459633695995861000088449933200755358384958130552202030000991386937556949306051605, 321926463147355970288938800113781731959597966248940332493188028858543546854443078100328080813, 976164114059724555069685393893402671103297058948399717882570152022680432397343527142930309562, 2959813115892319907617709188970905425216948836490602353151964043833474893953442673208777997442, 8973901468396927379479224668688383470072664025530017772854359069069578135922671934728741800755, 27206590166092271896516379551102876869585378236130688803415596542734752761289370468780788634035, 82478925977206045328386498007553984615164094021111982898775703203237987318435144157988075016864, 250027738957080105995475300242794539749633562503789728263827917040182170981015437002487410653216, 757896583713649071298784503860970948616076736339612613799728373528052205786203043413789963542561, 2297251302966242003677662874397243548914014978024214399341145588154976893186159483922627609701545, 6962802918268815969909617371884428900832169108650711684600997968222301098935369982198479559301590, 21102648844599334554956840342480499899445189452372156951790716919073743330619505946047699587421742, 63953945988224513906348791650170494593216543544433985864100438009845936420346870060981293647594463, 193809673883096623360864104645440534376397342619426850562781530415624487527650159524902702069106063, 587302042069989767760194256501334952655749523089172274432671304289771174326212604620917278997291100, 1779613725468360954569834857639723499755864132777743123029652243651919689038724626062377483594806700]
Predicted:    
[1, 9, 54, 270, 1215, 5103, 20412, 78732, 295245, 1082565, 3897234, 13817466, 48361131, 167403915, 573956280, 3443737683, 20662426101, 123974556609, 743847339657, 4463084037945, 26778504227673, 160671025366041, 964026152196249, 5784156913177497, 34704941479064985, 208229648874389913, 1249377893246339481, 7496267359478036889, 44977604156868221337, 269865624941209328025, 1619193749647255968153, 9715162497883535808921, 58290974987301214853529, 349745849923807289121177, 2098475099542843734727065, 12590850597257062408362393, 75545103583542374450174361, 453270621501254246701046169, 2719623729007525480206277017, 16317742374045152881237662105, 97906454244270917287425972633, 587438725465625503724555835801, 3524632352793753022347335014809, 21147794116762518134084010088857, 126886764700575108804504060533145, 761320588203450652827024363198873, 4567923529220703916962146179193241, 27407541175324223501772877075159449, 164445247051945341010637262450956697, 986671482311672046063823574705740185, 5920028893870032276382941448234441113, 35520173363220193658297648689406646681, 213121040179321161949785892136439880089, 1278726241075926971698715352818639280537, 7672357446455561830192292116911835683225, 46034144678733370981153752701471014099353, 276204868072400225886922516208826084596121, 1657229208434401355321535097252956507576729, 9943375250606408131929210583517739045460377, 59660251503638448791575263501106434272762265, 357961509021830692749451581006638605636573593, 2147769054130984156496709486039831633819441561, 12886614324785904938980256916238989802916649369, 77319685948715429633881541497433938817499896217, 463918115692292577803289248984603632904999377305, 2783508694153755466819735493907621797429996263833, 16701052164922532800918412963445730784579977583001, 100206312989535196805510477780674384707479865498009, 601237877937211180833062866684046308244879192988057, 3607427267623267084998377200104277849469275157928345, 21644563605739602509990263200625667096815650947570073, 129867381634437615059941579203754002580893905685420441, 779204289806625690359649475222524015485363434112522649, 4675225738839754142157896851335144092912180604675135897, 28051354433038524852947381108010864557473083628050815385, 168308126598231149117684286648065187344838501768304892313, 1009848759589386894706105719888391124069031010609829353881, 6059092557536321368236634319330346744414186063658976123289, 36354555345217928209419805915982080466485116381953856739737, 218127332071307569256518835495892482798910698291723140438425, 1308763992427845415539113012975354896793464189750338842630553, 7852583954567072493234678077852129380760785138502033055783321, 47115503727402434959408068467112776284564710831012198334699929, 282693022364414609756448410802676657707388264986073190008199577, 1696158134186487658538690464816059946244329589916439140049197465, 10176948805118925951232142788896359677465977539498634840295184793, 61061692830713555707392856733378158064795865236991809041771108761, 366370156984281334244357140400268948388775191421950854250626652569, 2198220941905688005466142842401613690332651148531705125503759915417, 13189325651434128032796857054409682141995906891190230753022559492505, 79135953908604768196781142326458092851975441347141384518135356955033, 474815723451628609180686853958748557111852648082848307108812141730201, 2848894340709771655084121123752491342671115888497089842652872850381209, 17093366044258629930504726742514948056026695330982539055917237102287257, 102560196265551779583028360455089688336160171985895234335503422613723545, 615361177593310677498170162730538130016961031915371406013020535682341273, 3692167065559864064989020976383228780101766191492228436078123214094047641, 22153002393359184389934125858299372680610597148953370616468739284564285849, 132918014360155106339604755149796236083663582893720223698812435707385715097, 797508086160930638037628530898777416501981497362321342192874614244314290585, 4785048516965583828225771185392664499011888984173928053157247685465885743513, 28710291101793502969354627112355986994071333905043568318943486112795314461081, 172261746610761017816127762674135921964428003430261409913660916676771886766489, 1033570479664566106896766576044815531786568020581568459481965500060631320598937, 6201422877987396641380599456268893190719408123489410756891793000363787923593625, 37208537267924379848283596737613359144316448740936464541350758002182727541561753, 223251223607546279089701580425680154865898692445618787248104548013096365249370521, 1339507341645277674538209482554080929195392154673712723488627288078578191496223129, 8037044049871666047229256895324485575172352928042276340931763728471469148977338777, 48222264299229996283375541371946913451034117568253658045590582370828814893864032665, 289333585795379977700253248231681480706204705409521948273543494224972889363184195993, 1736001514772279866201519489390088884237228232457131689641260965349837336179105175961, 10416009088633679197209116936340533305423369394742790137847565792099024017074631055769, 62496054531802075183254701618043199832540216368456740827085394752594144102447786334617, 374976327190812451099528209708259198995241298210740444962512368515564864614686718007705, 2249857963144874706597169258249555193971447789264442669775074211093389187688120308046233, 13499147778869248239583015549497331163828686735586656018650445266560335126128721848277401, 80994886673215489437498093296983986982972120413519936111902671599362010756772331089664409, 485969320039292936624988559781903921897832722481119616671416029596172064540633986537986457, 2915815920235757619749931358691423531386996334886717700028496177577032387243803919227918745, 17494895521414545718499588152148541188321978009320306200170977065462194323462823515367512473, 104969373128487274310997528912891247129931868055921837201025862392773165940776941092205074841, 629816238770923645865985173477347482779591208335531023206155174356638995644661646553230449049, 3778897432625541875195911040864084896677547250013186139236931046139833973867969879319382694297, 22673384595753251251175466245184509380065283500079116835421586276839003843207819275916296165785, 136040307574519507507052797471107056280391701000474701012529517661034023059246915655497776994713, 816241845447117045042316784826642337682350206002848206075177105966204138355481493932986661968281, 4897451072682702270253900708959854026094101236017089236451062635797224830132888963597919971809689, 29384706436096213621523404253759124156564607416102535418706375814783348980797333781587519830858137, 176308238616577281729140425522554744939387644496615212512238254888700093884784002689525118985148825, 1057849431699463690374842553135328469636325866979691275073429529332200563308704016137150713910892953, 6347096590196782142249055318811970817817955201878147650440577175993203379852224096822904283465357721, 38082579541180692853494331912871824906907731211268885902643463055959220279113344580937425700792146329, 228495477247084157120965991477230949441446387267613315415860778335755321674680067485624554204752877977, 1370972863482504942725795948863385696648678323605679892495164670014531930048080404913747325228517267865, 8225837180895029656354775693180314179892069941634079354970988020087191580288482429482483951371103607193, 49355023085370177938128654159081885079352419649804476129825928120523149481730894576894903708226621643161, 296130138512221067628771924954491310476114517898826856778955568723138896890385367461369422249359729858969, 1776780831073326405772631549726947862856687107392961140673733412338833381342312204768216533496158379153817, 10660684986439958434635789298361687177140122644357766844042400474033000288053873228609299200976950274922905, 63964109918639750607814735790170123062840735866146601064254402844198001728323239371655795205861701649537433, 383784659511838503646888414741020738377044415196879606385526417065188010369939436229934771235170209897224601, 2302707957071031021881330488446124430262266491181277638313158502391128062219636617379608627411021259383347609, 13816247742426186131287982930676746581573598947087665829878951014346768373317819704277651764466127556300085657, 82897486454557116787727897584060479489441593682525994979273706086080610239906918225665910586796765337800513945, 497384918727342700726367385504362876936649562095155969875642236516483661439441509353995463520780592026803083673, 2984309512364056204358204313026177261619897372570935819253853419098901968636649056123972781124683552160818502041, 17905857074184337226149225878157063569719384235425614915523120514593411811819894336743836686748101312964911012249, 107435142445106023356895355268942381418316305412553689493138723087560470870919366020463020120488607877789466073497, 644610854670636140141372131613654288509897832475322136958832338525362825225516196122778120722931647266736796440985, 3867665128023816840848232789681925731059386994851932821752994031152176951353097176736668724337589883600420778645913, 23205990768142901045089396738091554386356321969111596930517964186913061708118583060420012346025539301602524671875481, 139235944608857406270536380428549326318137931814669581583107785121478370248711498362520074076153235809615148031252889, 835415667653144437623218282571295957908827590888017489498646710728870221492268990175120444456919414857690888187517337, 5012494005918866625739309695427775747452965545328104936991880264373221328953613941050722666741516489146145329125104025, 30074964035513199754435858172566654484717793271968629621951281586239327973721683646304336000449098934876871974750624153, 180449784213079198526615149035399926908306759631811777731707689517435967842330101877826016002694593609261231848503744921, 1082698705278475191159690894212399561449840557790870666390246137104615807053980611266956096016167561655567391091022469529, 6496192231670851146958145365274397368699043346745223998341476822627694842323883667601736576097005369933404346546134817177, 38977153390025106881748872191646384212194260080471343990048860935766169053943302005610419456582032219600426079276808903065, 233862920340150641290493233149878305273165560482828063940293165614597014323659812033662516739492193317602556475660853418393, 1403177522040903847742959398899269831638993362896968383641758993687582085941958872201975100436953159905615338853965120510361, 8419065132245423086457756393395618989833960177381810301850553962125492515651753233211850602621718959433692033123790723062169, 50514390793472538518746538360373713939003761064290861811103323772752955093910519399271103615730313756602152198742744338373017, 303086344760835231112479230162242283634022566385745170866619942636517730563463116395626621694381882539612913192456466030238105, 1818518068565011386674875380973453701804135398314471025199719655819106383380778698373759730166291295237677479154738796181428633, 10911108411390068320049252285840722210824812389886826151198317934914638300284672190242558380997747771426064874928432777088571801, 65466650468340409920295513715044333264948874339320956907189907609487829801708033141455350285986486628556389249570596662531430809, 392799902810042459521773082290265999589693246035925741443139445656926978810248198848732101715918919771338335497423579975188584857, 2356799416860254757130638493741595997538159476215554448658836673941561872861489193092392610295513518628030012984541479851131509145, 14140796501161528542783830962449575985228956857293326691953020043649371237168935158554355661773081111768180077907248879106789054873, 84844779006969171256702985774697455911373741143759960151718120261896227423013610951326133970638486670609080467443493274640734329241, 509068674041815027540217914648184735468242446862559760910308721571377364538081665707956803823830920023654482804660959647844405975449, 3054412044250890165241307487889108412809454681175358565461852329428264187228489994247740822942985520141926896827965757887066435852697, 18326472265505340991447844927334650476856728087052151392771113976569585123370939965486444937657913120851561380967794547322398615116185, 109958833593032045948687069564007902861140368522312908356626683859417510740225639792918669625947478725109368285806767283934391690697113, 659753001558192275692122417384047417166842211133877450139760103156505064441353838757512017755684872350656209714840603703606350144182681, 3958518009349153654152734504304284503001053266803264700838560618939030386648123032545072106534109234103937258289043622221638100865096089, 23751108056094921924916407025825707018006319600819588205031363713634182319888738195270432639204655404623623549734261733329828605190576537, 142506648336569531549498442154954242108037917604917529230188182281805093919332429171622595835227932427741741298405570399978971631143459225, 855039890019417189296990652929725452648227505629505175381129093690830563515994575029735575011367594566450447790433422399873829786860755353, 5130239340116503135781943917578352715889365033777031052286774562144983381095967450178413450068205567398702686742600534399242978721164532121, 30781436040699018814691663505470116295336190202662186313720647372869900286575804701070480700409233404392216120455603206395457872326987192729, 184688616244194112888149981032820697772017141215973117882323884237219401719454828206422884202455400426353296722733619238372747233961923156377, 1108131697465164677328899886196924186632102847295838707293943305423316410316728969238537305214732402558119780336401715430236483403771538938265, 6648790184790988063973399317181545119792617083775032243763659832539898461900373815431223831288394415348718682018410292581418900422629233629593, 39892741108745928383840395903089270718755702502650193462581958995239390771402242892587342987730366492092312092110461755488513402535775401777561, 239356446652475570303042375418535624312534215015901160775491753971436344628413457355524057926382198952553872552662770532931080415214652410665369, 1436138679914853421818254252511213745875205290095406964652950523828618067770480744133144347558293193715323235315976623197586482491287914463992217, 8616832079489120530909525515067282475251231740572441787917703142971708406622884464798866085349759162291939411895859739185518894947727486783953305, 51700992476934723185457153090403694851507390443434650727506218857830250439737306788793196512098554973751636471375158435113113369686364920703719833, 310205954861608339112742918542422169109044342660607904365037313146981502638423840732759179072591329842509818828250950610678680218118189524222319001, 1861235729169650034676457511254533014654266055963647426190223878881889015830543044396555074435547979055058912969505703664072081308709137145333914009, 11167414375017900208058745067527198087925596335781884557141343273291334094983258266379330446613287874330353477817034221984432487852254822872003484057, 67004486250107401248352470405163188527553578014691307342848059639748004569899549598275982679679727245982120866902205331906594927113528937232020904345, 402026917500644407490114822430979131165321468088147844057088357838488027419397297589655896078078363475892725201413231991439569562681173623392125426073, 2412161505003866444940688934585874786991928808528887064342530147030928164516383785537935376468470180855356351208479391948637417376087041740352752556441, 14472969030023198669644133607515248721951572851173322386055180882185568987098302713227612258810821085132138107250876351691824504256522250442116515338649, 86837814180139192017864801645091492331709437107039934316331085293113413922589816279365673552864926510792828643505258110150947025539133502652699092031897, 521026885080835152107188809870548953990256622642239605897986511758680483535538897676194041317189559064756971861031548660905682153234801015916194552191385]
len(predicted_full) = 200, len(input_sequence + seq_pred) = 200
is_manual_check: False
