test results being evaluated: data/test_linrec15.tsv
csv file used: ../linear_database_newbl.csv
The sequence ID inspected: A027940
csv results file used: ../linear_database_newbl.csv
Results we are looking at now:
('Could you give me a recursive equation in a form of a Python code for the following number sequence: 1,46,551,3785,18955,77533,276408,895103,2708322,7811510,21791338,59419294,159571139,424302452,1121168305', 'Certainly, the Python code is the following: lambda a_n: n * a_n[-1] - 9 * -5 * n')

Experiment type: Evaluation of the results of llms.
Ground truth: 
[1, 46, 551, 3785, 18955, 77533, 276408, 895103, 2708322, 7811510, 21791338, 59419294, 159571139, 424302452, 1121168305, 2951121095, 7749900701, 20324325571, 53259796514, 139506540045, 365330860180, 956582678652, 2504546934692, 6557230277964, 17167369784405, 44945172450762, 117668525005579, 308060883894229, 806514735473151, 2111484086661305, 5527938476757852, 14472332522305195, 37889060539925910, 99194850870040146, 259695494225254830, 679891634411892234, 1779979412146269367, 4660046605782095152, 12200160409676474933, 31940434628560624115, 83621143482286106929, 218922995825692946623, 573147844003467830118, 1500520536194850730073, 3928413764592896690280, 10284720757597554689336, 26925748508215642581640, 70492524767067693198040, 184551825793008517854185, 483162952611982050928550, 1264937032042965320248111, 3311648143516945513833761, 8670007398507907209923891, 22698374052006817000479445, 59425114757512590131862080, 155576970220531005803557143, 407305795904080486423865098, 1066340417491710520078460718, 2791715456571051148680594482, 7308805952221443009953360310, 19134702400093277975226527723, 50095301248058391020845008684, 131151201344081895204597671929, 343358302784187294723595573087, 898923707008479989111478092805, 2353412818241252672772153391355, 6161314747715278029383813913066, 16130531424904581415577242732261, 42230279526998466217566717382524, 110560307156090817237364415303220, 289450641941273985494792726663340, 757791618667731139247306787709092, 1983924214061919432247449768314557, 5193981023518027157495396201627074, 13598018856492162040239126685803155, 35600075545958458963222408659930797, 93202207781383214849428564030430119, 244006547798191185585063791274712369, 638817435613190341905763364126145636, 1672445759041379840132226905525692355, 4378519841510949178490918010792265662, 11463113765491467695340527843182580810, 30010821454963453907530666297400783350, 78569350599398894027251471894567923106, 205697230343233228174223750303621199455, 538522340430300790495419780010542685544, 1409869790947669143312035590804646728957, 3691087032412706639440686993568213913867, 9663391306290450775010025391159106042393, 25299086886458645685589389181268977623415, 66233869353085486281758142154115295876014, 173402521172797813159685037282659189780913, 453973694165307953197296969695566977773008, 1188518561323126046432205871805876902321008, 3111581989804070186099320645724037806539280, 8146227408089084511865756065368358430021296, 21327100234463183349497947550383316620317905, 55835073295300465536628086585784037672140830, 146178119651438213260386312206971420134109495, 382699285659014174244530850035133034890415225, 1001919737325604309473206237898430696599706971, 2623059926317798754175087863660162278930737101, 6867260041627791953052057353082059588831078856, 17978720198565577104981084195586020174098311855, 47068900554068939361891195233676004871825553330, 123227981463641240980692501505441998646167571878, 322615043836854783580186309282649995553194316538, 844617150046923109759866426342507992797686122958, 2211236406303914545699412969744873987938666549267, 5789092068864820527338372482892113976449206437860, 15156039800290547036315704478931467947190304039233, 39679027332006820581608740953902289871272722110199, 103881042195729914708510518382775401673168619887469, 271964099255182923543922814194423915155184612727347, 712011255569818855923257924200496343799769319882930, 1864069667454273644225850958407065116251962949042365, 4880197746793002076754294951020699004964438503027556, 12776523572924732586037033894655031898650175816228076, 33449372971981195681356806732944396690995442458095284, 87571595343018854458033386304178158174346062408097020, 229265413057075367692743352179590077832053241178009125, 600224643828207248620196670234592075321824772504772282, 1571408518427546378167846658524186148133432833307723547, 4114000911454431885883343305337966369078486161868402309, 10770594215935749279482183257489712959102038797413720655, 28197781736352815952563206467131172508227644120686668457, 73822750993122698578207436143903804565580908236076274284, 193270471243015279782059101964580241188515096077437815259, 505988662735923140767969869749836918999964396343424534246, 1324695516964754142521850507284930515811378110197663646530, 3468097888158339286797581652104954628434169952433953724222, 9079598147510263717870894449029933369491131766271681941050, 23770696554372451866815101694984845480039225366576879537415, 62232491515607091882574410635924603070626544354729972102816, 162926777992448823780908130212788963731840407720007976107205, 426547842461739379460149980002442288124894678828863339378979, 1116716749392769314599541809794537900642843628791378267191297, 2923602405716568564338475449381171413803636207571348861244207, 7654090467756936378415884538348976340768064993950083211743478, 20038668997554240570909178165665757608500558774307711535891465, 52461916524905785334311649958648296484733611329003318502535224, 137347080577163115432025771710279131845700275212734030068892328, 359579325206583560961765665172189099052367214309232141667370648, 941390895042587567453271223806288165311401367714997415930610568, 2464593359921179141398048006246675396881836888835796847681118905, 6452389184720949856740872794933738025334109298792431661176474006, 16892574194241670428824570378554538679120491007541538536856671295, 44225333398004061429732838340729878012027363723832226294342337745, 115783425999770513860373944643635095356961600163955184714683431555, 303124944601307480151388995590175408058857436768033374324108547525, 793591407804151926593793042126891128819610710140144986923025573456, 2077649278811148299629990130790497978399974693652401637389275813191, 5439356428629292972296177350244602806380313370817059978558897177946, 14240420007076730617258541919943310440740965418798778354065161135390, 37281903592600898879479448409585328515842582885579275141974921883330, 97605290770725966021179803308812675106786783237939047132858628459238, 255533968719576999184059961516852696804517766828237866320364013452603, 668996615388005031531000081241745415306766517246774551894867148609948, 1751455877444438095408940282208383549115781784912085789433851924535177, 4585371016945309254695820765383405232040578837489482816479397435803535, 12004657173391489668678522013941832147005954727556362660080260658241493, 31428600503229159751339745276442091208977285345179605163840637097311339, 82281144336295989585340713815384441479925901307982452831524360057664634, 215414832505658809004682396169711233230800418578767753330818737805118357, 563963353180680437428706474693749258212475354428320807161021865784751180, 1476475227036382503281437027911536541406625644706194668152340726114958500, 3865462327928467072415604609040860366007401579690263197296098173853284796, 10119911756749018713965376799211044556615579094364594923736055796301650516, 26494272942318589069480525788592273303839335703403521573912175504658006669, 69362907070206748494476200566565775354902428015845969798000581449667899570, 181594448268301656413948075911105052760867948344134387820089684176929360035, 475420437734698220747368027166749382927701417016557193662268591177157877597, 1244666864935793005828156005589143096022236302705537193166716214381678327287, 3258580157072680796737099989600679905139007491100054385837880182098637691169, 8531073606282249384383143963212896619394786170594625964346924467326153233780, 22334640661774067356412331900038009953045351020683823507202893360755546266867, 58472848379039952684853851736901133239741266891456844557261755761467897250574, 153083904475345790698149223310665389766178449653686710164582374076020479337274, 400778865046997419409593818195095036058794082069603285936485366625009505929606, 1049252690665646467530632231274619718410203796555123147644873725963671941861330, 2746979206949941983182302875628764119171817307595766156998135811437128191455407, 7191684930184179482016276395611672639105248126232175323349533708525508353614040, 18828075583602596462866526311206253798143927071100759813050465314324088301150605, 49292541820623609906583302538007088755326533087070104115801862234638571665838651, 129049549878268233256883381302815012467835672190109552534355121389790799716393705, 337856107814181089864066841370437948648180483483258553487263501934940599009560039, 884518773564275036335317142808498833476705778259666107927435384415245614467603262, 2315700212878644019141884587055058551781936851295739770295042651311018960961939297, 6062581865071657021090336618356676821869104775627553202957692569518042344988790688, 15872045382336327044129125268014971913825377475586919838578035057243347778114812640, 41553554281937324111297039185688238919607027651133206312776412602212249595640625184, 108788617463475645289761992289049744844995705477812699099751202749393658799148118368, 284812298108489611757988937681460995615380088782304890986477195645968994065481194913, 745648276861993189984204820755333242001144560869101973859680384188513600431143076878, 1952132532477489958194625524584538730388053593825001030592563956919572094336509891655, 5110749320570476684599671752998282949163016220605901117918011486570202980074076556841, 13380115429233940095604389734410310117100995067992702323161470502791037154088983307435, 35029596967131343602213497450232647402139968983372205851566400021802908801432351876285, 91708675472160090711036102616287632089318911882123915231537729562617689580820770017240, 240096429449348928530894810398630248865816766662999539843046788666050160283361411428575]
Predicted:    
[1, 46, 551, 3785, 18955, 77533, 276408, 895103, 2708322, 7811510, 21791338, 59419294, 159571139, 424302452, 1121168305, 16817525250, 269080404720, 4574366881005, 82338603858900, 1564433473319955, 31288669466400000, 657062058794400945, 14455365293476821780, 332473401749966901975, 7979361641999205648480, 199484041049980141213125, 5186585067299483671542420, 140037796817086059131646555, 3921058310878409655686104800, 113710691015473880014897040505, 3411320730464216400446911216500, 105750942644390708413854247712895, 3384030164620502669243335926814080, 111672995432476588085030085584866125, 3796881844704203994891022909885449780, 132890864564647139821185801845990743875, 4784071124327297033562688866455666781120, 177010631600109990241819488058859670903105, 6726404000804179629189140546236667494319700, 262329756031363005538376481303230032278470055, 10493190241254520221535059252129201291138804000, 430220799891435329082937429337297252936690965845, 18069273595440283821483372032166484623341020567380, 776978764603932204323784997383158838803663884399275, 34187065642573016990246539884858988907361210913570080, 1538417953915785764561094294818654500831254491110655625, 70767225880126145169810337561658107038237706591090160820, 3326059616365928822981085865397931030797172209781237560655, 159650861585564583503092121539100689478264266069499402913600, 7822892217692664591651513955415933784434949037405470742768605, 391144610884633229582575697770796689221747451870273537138432500, 19948375155116294708711360586310631150309120045383950394060059795, 1037315508066047324852990750488152819816074242359965420491123111680, 54977721927500508217208509775872099450251934845078167286029524921425, 2968796984085027443729259527897093370313604481634221033445594345759380, 163283834124676509405109274034340135367248246489882156839507689016768375, 9143894710981884526686119345923047580565901803433400783012430584939031520, 521201998525967418021108802717613712092256402795703844631708543341524799205, 30229715914506110245224310557621595301350871362150822988639095513808438356500, 1783553238955860504468234322899674122779701410366898556329706635314697863036155, 107013194337351630268094059373980447366782084622013913379782398118881871782172000, 6527804854578449446353737621812807289373707161942848716166726285251794178712494745, 404723900983863865673931732552394051941169844040456620402337029685611239080174676980, 25497605761983423537457699150800825272293700174548767085347232870193508062051004652575, 1631846768766939106397292745651252817426796811171121093462222903692384515971264297767680, 106070039969851041915824028467331433132741792726122871075044488740004993538132179354902125, 7000622638010168766444385878843874586760958319924109490952936256840329573516723837423543220, 469041716746681307351773853882539597312984207434915335893846729208302081425620497107377398755, 31894836738774328899920622064012692617282926105574242840781577586164541536942193803301663118400, 2200743734975428694094522922416875790592521901284622756013928853445353366049011372427814755172705, 154052061448280008586616604569181305341476533089923592920975019741174735623430796069947032862092500, 10937696362827880609649778924411872679244833849384575097389226401623406229263586520966239333208570695, 787514138123607403894784082557654832905628037155689407012024300916885248506978229509569231991017093280, 57488532083023340484319238026708802802110846712365326711877773966932623141009410754198553935344247812725, 4254151374143727195839623613976451407356202656715034176678955273553014112434696395810692991215474338144980, 319061353060779539687971771048233855551715199253627563250921645516476058432602229685801974341160575360876875, 24248662832619245016285854599665773021930355143275694807070045059252180440877769456120950049928203727426645920, 1867147038111681866254010804174264522688637346032228500144393469562417893947588248121313153844471687011851739305, 145637468972711185567812842725592632769713712990513823011262690625868595727911883353462425999868791586924435669300, 11505360048844183659857214575321817988807383326250592017889752559443619062505038784923531653989634535367030417878255, 920428803907534692788577166025745439104590666100047361431180204755489525000403102793882532319170762829362433430264000, 74554733116510310115874750448085380567471843954103836275925596585194651525032651326304485117852831789178357107851387645, 6113488115553845429501729536743001206532691204236514574625898919985961425052677408756967779663932206712625282843813790580, 507419513590969170648643551549669100142213369951630709693949610358834798279372224926828325712106373157147898476036544621875, 42623239141641410334486058330172204411945923075936979614291767270142123055467266893853579359816935345200423471987069748241280, 3622975327039519878431314958064637375015403461454643267214800217962080459714717685977554245584439504342035995118900928600512625, 311575878125398709545093086393558814251324697685099320980472818744738919535465720994069665120261797373415095580225479859644089620, 27107101396909687730423098516239616839865248698603640925301135230792285999585517726484060865462776371487113315479616747789035800855, 2385424922928052520277232669429086281908141885477120401426499900309721167963525559930597356160724320690865971762206273805435150479200, 212302818140596674304673707579188679089824627807463715726958491127565183948753774833823164698304464541487071486836358368683728392652805, 19107253632653700687420633682126981118084216502671734415426264201480866555387839735044084822847401808733836433815272253181535555338756500, 1738760080571486762555277665073555281745663701743127831803790042334758856540293415889011718879113564594779115477189775039519735535826845595, 159965927412576782155085545186767085920601060560367760525948683894797814801706994261789078136878447942719678623901459303635815669296069798880, 14876831249369640740422955702369338990615898632114201728913227602216196776558750466346384266729695658672930112022835715238130857244534491300025, 1398422137440746229599757836022717865117894471418734962517843394608322496996522543836560121072591391915255430530146557232384300580986242182206580, 132850103056870891811976994422158197186199974784779821439195122487790637214669641664473211501896182231949265900363922937076508555193693007309629375, 12753609893459605613949791464527186929875197579338862858162731758827901172608285599789428304182033494267129526434936601959344821298594528701724424320, 1237100159665581744553129772059137132197894165195869697241784980606306413743003703179574545505657248943911564064188850390056447665963669284067269163405, 121235815647227010966206717661795438955393628189195230329694928099418028546814362911598305459554410396503333278290507338225531871264439589838592378018100, 12002345749075474085654465048517748456583969190730327802639797881842384826134621928248232240495886629253829994550760226484327655255179519394020645423796355, 1200234574907547408565446504851774845658396919073032780263979788184238482613462192824823224049588662925382999455076022648432765525517951939402064542379640000, 121223692065662288265110096990029259411498088826376310806661958606608086743959681475307145629008454955463682944962678287491709318077313145879608518780343644545, 12364816590697553403041229892982984459972805060290383702279519777874024847883887510481328854158862405457295660386193185324154350443885940879720068915595051748180, 1273576108841848000513246678977247399377198921209909521334790537121024559332040413579576871978362827762101453019777898088387898095720251910611167098306290330067175, 132451915319552192053377654613633729535228687805830590218818215860586554170532203012275994685749734087258551114056901401192341401954906198703561378223854194326990880, 13907451108552980165604653734431541601199012219612211972975912665361588187905881316288979442003722079162147866975974647125195847205265150863873944713504690404334047125, 1474189817506615897554093295849743409727095295278894469135446742528328347918023419526631820852394540391187673899453312595270759803758105991570638139631497182859409000020, 157738310473207901038287982655922544840799196594841708197492801450531133227228505889349604831206215821857081107241504447693971299002117341098058280940570198565956763006955, 17035737531106453312135102126839634842806313232242904485329222556657362388540678636049757321770271308760564759582082480350948900292228672838590294341581581445123330404756000, 1856895390890603411022726131825520197865888142314476588900885258675652500350933971329423548072959572654901558794446990358253430131852925339406342083232392377518443014118408905, 204258492997966375212499874500807221765247695654592424779097378454321775038602736846236590288025552992039171467389168939407877314503821787334697629155563161527028731553024984500, 22672692722774267648587486069589601615942494217659759150479809008429717029284903789932261521970836382116348032880197752274274381909924218394151436836267510929500189202385773284495, 2539341584950717976641798439794035380985559352377893024853738608944128307279909224472413290460733674797030979682582148254718730773911512460144960925661961224104021190667206607868480, 286945599099431131360523223696725998051368206818701911808472462810686498722629742365382701822062905252064500704131782752783216577452000907996380584599801618323754394545394346689143325, 32711798297335148975099647501426763777855975577332017946165860760418260854379790629653628007715171198735353080271023233817286689829528103511587386644377384488908000978174955522562344180, 3761856804193542132136459462664077834453437191393182063809073987448099998253675922410167220887244687854565604231167671888987969330395731903832549464103399216224420112490119885094669585875, 436375389286450887327829297669033028796598714201609119401852582543979599797426406999579397622920383791129610090815449939122604442325904900844575737835994309082032733048853906670981671966720, 51055920546514753817356027827276864369202049561588266970016752157645613176298889618950789521881684903562164380625407642877344719752130873398815361326811334162597829766715907080504855620111505, 6024598624488740950448011283618669995565841848267415502461976754602182354803268975036193163582038818620335396913798101859526676930751443061060212636563737431186543912472477035499572963173162900, 716927236314160173103313342750621729472335179943822444792975233797659700221589008029306986466262619415819912232741974121283674554759421724266165303751084754311198725584224767224449182617606390455, 86031268357699220772397601130074607536680221593258693375157028055719164026590680963516838375951514329898389467929036894554040946571130606911939836450130170517343847070106972066933901914112766860000, 10409783471281605713460109736739027511938306812784301898394000394742018847217472396585537443490133233917705125619413464241038954535106803436344720210465750632598605495482943620099002131607644790065445, 1269993583496355897042133387882161356456473431159684831604068048158526299360531632383435568105796254537960025325568442637406752453283030019234055865676821577177029870448919121652078260056132664387989780, 156209210770051775336182406709505846844146232032641234287300369923498734821345390783162574877012939308169083115044918444401030551753812692365788871478249053992774674065217051963205625986904317719722748475, 19369942135486420141686618431978725008674132772047513051625245870513843117846828457112159284749604474212966306265569887105727788417472773853357820063302882695104059584086914443437497622376135397245620816480, 2421242766935802517710827303997340626084266596505939131453155733814230389730853557139019910593700559276620788283196235888215973552184096731669727507912860336888007448010864305429687202797016924655702602065625, 305076588633911117231564240303664918886617591159748330563097622460593029106087548199516508734806270468854219323682725721915212667575196188190385665997020402447888938449368902484140587552424132506618527860274420, 38744726756506711888408658518565444698600434077288037981513398052495314696473118621338596609320396349544485854107706166683232008782049915900178979581621591110881895183069850615485854619157864828340553038254857055, 4959325024832859121716308290376376921420855561892868861633714950719400281148559183531340365993010732741694189325786389335453697124102389235222909386447563662192882583432940878782189391252206698027590788896621708800, 639752928203438826701403769458552622863290367484180083150749228642802636268164134675542907213098384523678550423026444224273526929009208211343755310851735712422881853262849373362902431471534664045559211767664200441005, 83167880666447047471182490029611840972227747772943410809597399723564342714861337507820577937702789988078211554993437749155558500771197067474688190410725642614974640924170418537177316091299506325922697529796346057336500, 10894992367304563218724906193879151167361834958255586816057259363786928895646835213524495709839065488438245713704140345139378163601026815839184152943805059182561677961066324828370228407960235328695873376403321333511087395, 1438138992484202344871687617592047954091762214489737459719558236019874614225382248185233433698756644473848434208946525558397917595335539690772308188582267812098141490860754877344870149850751063387855285685238416023463542080, 191272486000398911867934453139742377894204374527135082142701245390643323691975839008636046681934633715021841749789887899266923040179626778872716989081441619009052818284480398686867729930149891430584752996136709331120651102625, 25630513124053454190303216720725478637823386186636101007121966882346205374724762427157230255379240917812926794471844978501767687384069988368944076536913176947213077650120373424040275810640085451698356901482319050370167247757780, 3460119271747216315690934257297939616106157135195873635961465529116737725587842927666226084476197523904745117253699072097738637796849448429807450332483278887873765482766250412245437234436411535979278181700113071799972578447306375, 470576220957621418933967058992519787790437370386638814490759311959876330679946638162606747488762863251045335946503073805292454740371524986453813245217725928750832105656210056065379463883351968893181832711215377764796270668833673120, 64468942271194134393953487081975210927289919742969517585234025738503057303152689428277124405960512265393211024670921111325066299430898923144172414594828452238863998474900777680956986552019219738365911081436506753777089081630213223605, 8896714033424790546365581217312579107966008924529793426762295551913421907835071141102243168022550692624263121404587113362859149321464051393895793214086326408963231789536307319972064144178652323894495729238237932021238293264969424863700, 1236643250646045885944815789206448496007275240509641286319959081715965645189074888613211800355134546274772573875237608757437421755683503143751515256757999370845889218745546717476116916040832673021334906364115072550952122763830750056060555, 173130055090446424032274210488902789441018533671349780084794271440235190326470484405849652049718836478468160342533265226041239045795690440125212135946119911918424490624376540446656368245716574222986886890976110157133297186936305007848484000, 24411337767752945788550663678935293311183613247660318991955992273073161836032338301224800939010355943464010608297190396871814705457192352057654911168402907580497853178037092202978547922646036965441151051627631532155794903358019006106636250345, 3466409963020918301974194242408811650188073081167765296857750902776388980716592038773921733339470543971889506378201036355797688174921313992186997385913212876430695151281267092822953805015737249092643449331123677566122876276838698867142347555380, 495696624711991317182309776664460065976894450606990437450658379097023624242472661544670807867544287787980199412082748198879069409013747900882740626185589441329589406633221194273682394117250426620248013254350685891955571307587933938001355700425775, 71380313958526749674252607839682249500672800887406622992894806589971401890916063262432596332926377441469148715339915740638585994897979697727114650170724879551460874555183851975410264752884061433315713908626498768441602268292662487072195220861318080, 10350145523986378702766628136753926177597556128673960333969746955545853274182829173052726468274324729013026563724287782392594969260207056170431624274755107534961826810501658536434488389168188907830778516750842321424032328902436060625468307024891128125, 1511121246502011290603927707966073221929243194786398208759583055509694578030693059265698064368051410435901878303746016229318865511990230200883017144114245700104426714333242146319435304818555580543293663445622978927908720019755664851318372825634104712820, 222134823235795659718777373071012763623598749633600536687658709159925102970511879712057615462103557334077576110650664385709873230262563839529803520184794117915350727006986595508956989808327670339864168526506577902402581842904082733143800805368213392791155, 32875953838897757638379051214509889016292614945772879429773488955668915239635758197384527088391326485443481264376298329085061238078859448250410920987349529451471907597034016135325634491632495210299896941922973529555582112749804244505282519194495582133097600, 4898517121995765888118478630961973463427599626920159035036249854394668370705727971410294536170307646331078708392068451033674124473750057789311227227115079888269314231958068404163519539253241786334684644346523055903781734799720832431287095359979841737831549105, 734777568299364883217771794644296019514139944038023855255437478159200255605859195711544180425546146949661806258810267655051118671062508668396684084067261983240397134793710260624527930887986267950202696651978458385567260219958124864693064303996976260674732372500, 110951412813204097365883540991288698946635131549741602143571059202039238596484738552443171244257468189398932745080350415912718919330438808927899296694156559469299967353850249354303717564085926460480607194448747216220656293213676854568652709903543415361884588254295, 16864614747607022799614298230675882239888539995560723525822800998709964266665680259971362029127135164788637777252213263218733275738226698957040693097511797039333595037785237901854165069741060821993052293556209576865539756568478881894435211905338599135006457414659680, 2580286056383874488340987629293409982702946619320790699450888552802624532799849079775618390456451680212661579919588629272466191187948684940427226043919304947018040040781141398983687255670382305764937000914100065260427582754977268929848587421516805667655987984442937925, 397364052683116671204512094911185137336253779375401767715436837131604178051176758285445232130293558752749883307616648907959793442944097480825792810763572961840778166280295775443487837373238875087800298140771410050105847744266499415196682462913588072819022149604212447380, 61591428165883084036699374711233696287119335803187273995892709755398647597932397534244010980195501606676231912680580580733767983656335109527997885668353809085320615773445845193740614792852025638609046211819568557766406400361307409355485781751606151286948433188652929350875, 9608262793877761109725102454952456620790616385297214743359262721842189025277454015342065712910498250641492178378170570594467805450388277086367670164263194217310016060657551850223535907684915999623011209043852695011559398456363955859455781953250559600763955577429856978743520, 1508497258638808494226841085427535689464126772491662714707404247329223676968560280408704316926948225350714272005372779583331445455710959502559724215789321492117672521523235640485095137506531811940812759819884873116814825557649141069934557766660337857319941025656487545662739705, 238342566864931742087840891497550638935332030053682708923769871078017340961032524304575282074457819605412854976848899174166368382002331601404436426094712795754592258400671231196645031726032026286648416051541809952456742438108564289049660127132333381456550682053725032214712880500, 37896468131524146991966701748110551590717792778535550718879409501404757212804171364427469849838793317260643941318974968692452572738370724623305391749059334524980169085706725760266560044439092179577098152195147782440622047659261721958895960214041007651591558446542280122139348006655, 6063434901043863518714672279697688254514846844565688115020705520224761154048667418308395175974206930761703030611035994990792411638139315939728862679849493523996827053713076121642649607110254748732335704351223645190499527625481875513423353634246561224254649351446764819542295681072000, 976213019068062026513062237031327808976890341975075786518333588756186545801835454347651623331847315852634187928376795193517578273740429866296346891455768457363489155647805255584466586744751014545906048400547006875670423947702581957661159935113696357104998545582929135946309604652599245, 158146509089026048295116082399075105054256235399962277415970041378502220419897343604319562979759265168126738444397040821349847680345949638340008196415834490092885243214944451404683587052649664356436779840888615113858608679527818277141107909488418809851009764384434520023302155953721084980, 25777880981511245872103921431049242123843766370193851218803116744695861928443267007504088765700760222404658366436717653880025171896389791049421336015781021885140294644035945578963424689581895290099195114064844263558953214763034379174000589246612266005714591594662826763798251420456536859075, 4227572480967844323025043114692075708310377684711791599883711146130121356264695789230670557574924676474363972095621695236324128191007925732105099106588087589163008321621895074950001649091430827576267998706634459223668327221137638184536096636444411624937193021524703589262913232954872044895680, 697549459359694313299132113924192491871212317977445613980812339111470023783674805223060641999862571618270055395777579713993481151516307745797341352587034452211896373067612687366750272100086086550084219786594685771905273991487710300448455945013327918114636848551576092228380683437553887407794625, 115793210253709256007655930911415953650621244784255971920814848292504023948090017667028066571977186888632829195699078232522917871151707085802358664529447719067174797929223706102880545168614290367313980484574717838136275482586959909874443686872212434407029716859561631309911193450633945309693915220, 19337466112369445753278540462206464259653747878970747310776079664848171999331032950393687117520190210401682475681746064831327284482335083328993896976417769084218191254180358919181051043158586491341434740923977878968758005592022304949032095707659476545973962715546792428755169306255868866718883849255, 3248694306878066886550794797650685995621829643667085548210381383694492895887613535666139435743391955347482655914533338891662983793032293999270974692038185206148656130702300298422416575250642530545361036475228283666751344939459747231437392078886792059723625736211861128030868443450985969608772486682400, 549029337862393303827084320802965933260089209779737457647554453844369299405006687527577564640633240453724568849556134272691044261022457685876794722954453299839122886088688750433388401217358587662166015164313579939680977294768697282112919261331867858093292749419804530637216766943216628863882550249333205, 93334987436606861650604334536504208654215165662555367800084257153542780898851136879688185988907650877133176704424542826357477524373817806599055102902257060972650890635077087573676028206950959902568222577933308589745766140110678537959196274426417535875859767401366770208326850380346826906860033542386652500, 15960282851659773342253341205742219679870793328296967893814407973255815533703544406426679804103208299989773216456596823307128656667922844928438422596285957426323302298598181975098600823388614143339166060826595768846526009958926029991022562926917398634772020225633717705623891415039307401073065735748117585195, 2745168650485481014867574687387661784937776452467078477736078171400000271797009637905388926305751827598240993230534653608826128946882729327691408686561184677327607995358887299716959341622841632654336562462174472241602473712935277158455880823429792565180787478808999445367309323386760872984567306548676224661280, 474914176533988215572090420918065488794235326276804576648341523652200047020882667357632284250895066174495691828882495074326920307810712173690613702775084949177676183197087502851033966100751602449200225305956183697797227952337802948412867382453354113776276233833956904048544512945909631026330144032920986866409225, 82635066716913949509543733239743395050196946772163996336811425115482808181633584120228017459655741514362250378225554142932884133559063918222166784282864781156915655876293225496079910101530778826160839203236375963416717663706777713023838924546883615797072064687108501304446745252588275798581445061728251714755212980, 14461136675459941164170153316955094133784465685128699358941999395209491431785877221039903055439754765013393816189471975013254723372836185688879187249501336702460239778351314461813984267767886294578146860566365793597925591148686099779171811795704632764487611320243987728278180419202948264751752885802444050082162279375, 2545160054880949644893946983784096567546065960582651087173791893556870491994314390903022937757396838642357311649347067602332831313619168681242736955912235259633002200989831345279261231127147987845753847459680379673234904042168753561134238876044015366549819592362941840176959753779718894596308507901230152814460561177920, 450493329713928087146228616129785092455653675023129242429761165159566077082993647189835059983059240439697244161934430965612911142510592856579964441196465640955041389575200148114429237909505193848698431000363427202162578015463869380320760281059790719879318067848240705711321876419010244343546605898517737048159519328499805, 80187812689079199512028693671101746457106354154117005152497487398402761720772869199790640676984544798266109460824328711879098183366885528471233670532970884089997367344385626364368404347891924505068320718064690041984938886752568749697095330028642748138518616076986845616615294002583823493151295849936157194572394440472973300, 14353618471345176712653136167127212615822037393586943922297050244314094348018343586762524681180233518889633593487554839426358574822672509596350827025401788252109528754645027119221944378272654486407229408533579517515304060728709806195780064075127051916794832277780645365374137626462504405274081957138572137828458604844662228755, 2583651324842131808277564510082898270847966730845649906013469043976536982643301845617254442612442033400134046827759871096744543468081051727343148864572321885379715175836104881459949988089077807553301293536044313152754730931167765115240411533522869345023069810000516165767344772763250792949334752284942984809122548872039201184000, 467640889796425857298239176325004587023481978283062632988437896959753193858437634056723054112852008045424262475824536668510762367722670362649109944487590261253728446826334983544250947844123083167147534130024020680648606298541365485858514487567639351449175635610093426003889403870148393523829590163574680250451181345839095414312145, 85110641942949506028279530091150834838273720047517399203895697246675081282235649398323595848539065464267215770600065673668958750925526006002138009896741427548178577322392967005053672507630401136420851211664371763878046346334528518426249636737310361963749965681037003532707871504367007621336985409770591805582115004942715365404818580, 15575247475559759603175154006680602775404090768695684054312912596141539874649123839893218040282648979960900486019812018281419451419371259098391255811103681241316679649997912961924822068896363407965015771734580032789682481379218718872003683522927796239366243719629771646485540485299162394704668329988018300421527045904516911869081808375, 2865845535502995766984228337229230910674352701440005865993575917690043336935438786540352119412007412312805689427645411363781179061164311674103991069243077348402269055599615984994167260676930867065562901999162726033301576573776244272448677768218714508043388844411877982953339449295045880625658972717795367277560976446431111783911052749280, 530181424068054216892082242387407718474755249766401085208811544772658017333056175509965142091221371277869052544114401102299518126315397659709238347809969309454419775285928957223920943225232210407129136869845104316160791666148605190403005387120462183988026936216197426846367798119583487915746909952792142946348780642589755680023544758625125, 98613744876658084341927297084057835636304476456550601848838947327714391223948448644853516428967175057683643773205278605027710371494663964705918332692654291558522078203182786043649295439893191135726019457791189402805907249903640565414959002004405966221773010136212721393424410450242528752328925251219338588020873199521694556484379325104281620, 18440770291935061771940404554718815263988937097374962545732883150282591158878359896587607572216861735786841385589387099140181839469502161400006728213526352521443628623995180990162418247260026742380765638606952418324704655731980785732597333374823915683471552895471778900570364754195352876685509021978016315959903288310556882062578933794500671355, 3466864814883791613124796056287137269629920174306492958597782032253127137869131660558470223576770006327926180490804774638354185820266406343201264904142954274031402181311094026150534630484885027567583940058107054645044475277612387717728298674466896148492651944348694433307228573788726340816875696131867067400461818202384693827764839553366126223200, 655237450013036614880586454638268943960054912943927169174980804095841029057265883845550872256009531195978048112762102406648941120030350798865039066883018357791935012267796770942451045161643270210273364670982233327913405827468741278650648449474243372065111217481903247895066200446069278414389506568922875738687283640250707133447554675586197856193305, 124495115502476956827311426381271099352410433459346162143246352778209795520880517930654665728641810927235829141424799457263298812805766651784357422707773487980467652330881386479065698580712221339951939287486624332303547107219060842943623205400106240692371131321561617100062578084753162898734006248095346390350583891647634355355035388361377592676736500, 23778567060973098754016482438822779976310392790735116969360053380638070944488178924755041154170585887102043366012136696337290073245901430490812267737184736204269321595198344817501548428916034275930820403909945247469977497478840621002232032231420291972242886082418268866111952414187854113658195193386211160556961523304698161872811759177023120201256680095, 4565484875706834960771164628253973755451595415821142458117130249082509621341730353552967901600752490323592326274330245696759694063213074654235955405539469351219709746278082204960297298351878580978717517550709487514235679515937399232428550188432696058670634127824307622293494863524067989822373477130152542826936612474502047079579857761988439078641282586880, 881138581011419147428834773253016934802157915253480494416606138072924356918953958235722805008945230632453318970945737419474620954200123408267539393269117584785403981031669865557337378581912566128892480887286931090247486146575918051858710186367510339323432386670091371102644508660145122035718081086119440765598766207578895086358912548063768742177767539276525, 170940884716215314601193946011085285351618635559175215916821590786147325242277067897730224171735374742695943880363473059378076465114823941203902642294208811448368372320143953918123451444891037829005141292133664631508012312435728102060589776155297005828745883013997725993913034680068153674929307730707171508526160644270305646753629034324371135982486902619654580, 33333472519661986347232819472161630643565633934039167103780210203298728422244028240057393713488398074825709056670877246578724910697390668534761015247370718232431832602428071014034073031753752376656002551966064603144062400924966979901815006350282916136605447187729556568813041762613289966611215007487898444162601325632709601116957661693252371516584946010832651875, 6533360613853749324057632616543679606138864251071676752340921199846550770759829535051249167843726022665838975107491940329430082496688571032813158988484660773556639190075901918750678314223735465824576500185348662216236230581293528060755741244655451562774667648794993087487356185472204833455798141467628095055869859824011081818923701691877464817250649418123199776320, 1287072040929188616839353625459104882409356257461120320211161476369770501839686418405096086065214026465170278096175912244897726251847648493464192320731478172390657920444952677993883627902075886767441570536513686456598537424514825027968881025197123957866609526812613638235009168538024352190792233869122734726006362385330183118327969233299860568998377935370270355943905, 254840264103979346134192017840902766717052538977301823401809972321214559364257910844209025040912377240103715063042830624489749797865834401705910079504832678133350268248100630242788958324611025579953430966229709918406510410053935355537838442989030543657588686308897500370531815370528821733776862306086301475749259752295376257428937908193372392661678831203313530476902100, 50713212556691889880704211550339650576693455256483062856960184491921697313487324257997595983141563070780639297545523294273460209775301045939476105821461702948536703381372025418315002706597594090410732762279712273762895571600733135752029850154817078187860148575470602573735831258735235525021595598911173993674102690706779875228358643730481106139674087409459392564903526855]
len(predicted_full) = 200, len(input_sequence + seq_pred) = 200
is_manual_check: False
