test results being evaluated: data/test_linrec15.tsv
csv file used: ../linear_database_newbl.csv
The sequence ID inspected: A029268
csv results file used: ../linear_database_newbl.csv
Results we are looking at now:
('Could you give me a recursive equation in a form of a Python code for the following number sequence: 1,0,0,1,1,0,1,1,1,2,1,1,4,2,1', 'Certainly, the Python code is the following: lambda a_n: n // isqrt( a_n[-3] + n + ( -2 % -2 ) )')

Experiment type: Evaluation of the results of llms.
Ground truth: 
[1, 0, 0, 1, 1, 0, 1, 1, 1, 2, 1, 1, 4, 2, 1, 4, 4, 2, 5, 4, 4, 7, 5, 4, 10, 7, 5, 11, 10, 7, 13, 11, 10, 16, 13, 11, 21, 16, 13, 23, 21, 16, 26, 23, 21, 31, 26, 23, 38, 31, 26, 41, 38, 31, 46, 41, 38, 53, 46, 41, 62, 53, 46, 67, 62, 53, 74, 67, 62, 83, 74, 67, 95, 83, 74, 102, 95, 83, 111, 102, 95, 123, 111, 102, 138, 123, 111, 147, 138, 123, 159, 147, 138, 174, 159, 147, 192, 174, 159, 204, 192, 174, 219, 204, 192, 237, 219, 204, 259, 237, 219, 274, 259, 237, 292, 274, 259, 314, 292, 274, 340, 314, 292, 358, 340, 314, 380, 358, 340, 406, 380, 358, 436, 406, 380, 458, 436, 406, 484, 458, 436, 514, 484, 458, 549, 514, 484, 575, 549, 514, 605, 575, 549, 640, 605, 575, 680, 640, 605, 710, 680, 640, 745, 710, 680, 785, 745, 710, 830, 785, 745, 865, 830, 785, 905, 865, 830, 950, 905, 865, 1001, 950, 905, 1041, 1001, 950, 1086, 1041, 1001, 1137, 1086, 1041, 1194, 1137, 1086, 1239, 1194, 1137, 1290, 1239]
Predicted:    
[1, 0, 0, 1, 1, 0, 1, 1, 1, 2, 1, 1, 4, 2, 1, 3, 4, 4, 4, 4, 5, 4, 4, 4, 4, 5, 5, 5, 5, 5, 6, 5, 5, 5, 5, 5, 6, 6, 6, 6, 6, 6, 7, 6, 6, 6, 6, 6, 6, 7, 7, 7, 7, 7, 7, 7, 8, 7, 7, 7, 7, 7, 7, 7, 8, 8, 8, 8, 8, 8, 8, 8, 9, 8, 8, 8, 8, 8, 8, 8, 8, 9, 9, 9, 9, 9, 9, 9, 9, 9, 10, 9, 9, 9, 9, 9, 9, 9, 9, 9, 10, 10, 10, 10, 10, 10, 10, 10, 10, 10, 11, 10, 10, 10, 10, 10, 10, 10, 10, 10, 10, 11, 11, 11, 11, 11, 11, 11, 11, 11, 11, 11, 12, 11, 11, 11, 11, 11, 11, 11, 11, 11, 11, 11, 12, 12, 12, 12, 12, 12, 12, 12, 12, 12, 12, 12, 13, 12, 12, 12, 12, 12, 12, 12, 12, 12, 12, 12, 12, 13, 13, 13, 13, 13, 13, 13, 13, 13, 13, 13, 13, 13, 14, 13, 13, 13, 13, 13, 13, 13, 13, 13, 13, 13, 13, 13, 14, 14, 14, 14]
len(predicted_full) = 200, len(input_sequence + seq_pred) = 200
is_manual_check: False
