test results being evaluated: data/test_linrec15.tsv
csv file used: ../linear_database_newbl.csv
The sequence ID inspected: A029941
csv results file used: ../linear_database_newbl.csv
Results we are looking at now:
('Could you give me a recursive equation in a form of a Python code for the following number sequence: 1,15,50,225,590,1485,3130,6435,11931,21450,36220,59670,94140,145350,217500', 'Certainly, the Python code is the following: lambda a_n: abs( -7 * a_n[-2] // -1 ) + ( a_n[-1] ) + -1')

Experiment type: Evaluation of the results of llms.
Ground truth: 
[1, 15, 50, 225, 590, 1485, 3130, 6435, 11931, 21450, 36220, 59670, 94140, 145350, 217500, 319770, 458981, 648945, 900350, 1233375, 1663850, 2220075, 2924870, 3817125, 4928511, 6310980, 8007640, 10086780, 12605560, 15651900, 19300440, 23662980, 28835081, 34956675, 42148650, 50584365, 60414470, 71851065, 85080050, 100358775, 117913891, 138054510, 161054740, 187283250, 217068340, 250846050, 289006900, 332063550, 380476781, 434845125, 495709110, 563763915, 639639330, 724137975, 817989950, 922117785, 1037362951, 1164780360, 1305335600, 1460230200, 1630566640, 1817707320, 2022906160, 2247702600, 2493516561, 2762080695, 3054997410, 3374210745, 3721522110, 4099105125, 4508978730, 4953566475, 5435123371, 5956343250, 6519737900, 7128294030, 7784800940, 8492560830, 9254663500, 10074751650, 10956238581, 11903132505, 12919195630, 14008829175, 15176169690, 16426038915, 17762975670, 19192252365, 20718838031, 22348485900, 24086625800, 25939524660, 27913103720, 30014176500, 32249189000, 34625537100, 37150224921, 39831266475, 42676260250, 45693877125, 48892346230, 52281034065, 55868839650, 59665866975, 63681724211, 67927294710, 72412938180, 77150362410, 82150721060, 87426591450, 92989966820, 98854342470, 105032596861, 111539191725, 118387939750, 125594320995, 133173131410, 141140921295, 149513522350, 158308610625, 167543106071, 177235866000, 187404954720, 198070470000, 209251676640, 220969972080, 233245881440, 246102164880, 259560667681, 273645575775, 288380118290, 303789973905, 319899819310, 336736892925, 354327386650, 372700169715, 391883016891, 411906499290, 432800046300, 454596006150, 477325534620, 501022832310, 525720857340, 551455742250, 578262323461, 606178745025, 635241801950, 665491733775, 696967374410, 729711142875, 763763996710, 799170622965, 835974187551, 874221734100, 913958726200, 955234657260, 998097377880, 1042598924460, 1088789628600, 1136724167700, 1186455448361, 1238040886995, 1291536064010, 1347001237725, 1404494761190, 1464079837545, 1525817696210, 1589774593095, 1656014737731, 1724607546750, 1795620318580, 1869125743650, 1945194318100, 2023902119250, 2105322954900, 2189536407630, 2276619710861, 2366656070805, 2459726265750, 2555917249275, 2655313463810, 2758005734055, 2864082291230, 2973637960425, 3086764886311, 3203562023640, 3324125560720, 3448558716840, 3576961854160, 3709442591400, 3846105600400, 3987063039960, 4132424027441, 4282305402375, 4436820869250, 4596092094825, 4760237512350, 4929383762325, 5103654154250, 5283180454875]
Predicted:    
[1, 15, 50, 225, 590, 1485, 3130, 6435, 11931, 21450, 36220, 59670, 94140, 145350, 217500, 1234949, 2757448, 11402090, 30704225, 110518854, 325448428, 1099080405, 3377219400, 11070782234, 34711318033, 112206793670, 355186019900, 1140633575589, 3626935714888, 11611370744010, 36999920748225, 118279515956294, 377278961193868, 1205235572887925, 3846188301245000, 12282837311460474, 39206155420175473, 125186016600398790, 399629104541627100, 1275931220744418629, 4073334952535808328, 13004853497746738730, 41518198165497397025, 132552172649724568134, 423179559808206347308, 1351044768356278324245, 4313301687013722755400, 13770615065507671025114, 43963726874603730312913, 140358032333157427488710, 448104120455383539679100, 1430610346787485532100069, 4567339189975170309853768, 14581611617487569034554250, 46552985947313761203530625, 148624267269726744445410374, 474495168900923072870124748, 1514865039789010283987997365, 4836331222095471794078870600, 15440386500618543781994852154, 49294705055286846340546946353, 157377410559616652814510911430, 502440345946624577198339535900, 1604082219863941146899915915909, 5121164641490313187288292667208, 16349740180537901215587704078570, 52197892670970093526605752749025, 166646073934735402035719681299014, 532031322631526056721959950542188, 1698553840174673870971997719635285, 5422773098595356268025717373430600, 17312649979818073364829701410877594, 55272061669985567241009723024891793, 176460611528712080794817632901034950, 563365043218611051481885694075277500, 1798589323919595617045609124382522149, 5742144626449872977418808982909464648, 18332269893887042296738072853587119690, 58527282279036153138669735733953372225, 186853171536245449215836245709063210054, 596544147489498521186524395846736815628, 1904516348243216665697378115810179286005, 6080325380669706314003048886737336995400, 19411939818372222973884695697408591997434, 61974217483060167171906037904569950965233, 197857796211665727989098907786430094947270, 631677318593086898192441173118419751703900, 2016681892074746994116133527623430416334789, 6438423122226355281463221739452368678262088, 20555196366749584240276156432816381592605610, 65624158222334071210518708608982962340440225, 209510532789581160892451803638697633488679494, 668879640345919659366082763901578369871761068, 2135453369872987785613245389372461804292517525, 6817610852294425401175824736683510393394845000, 21765784441405339900468542462290743023442467674, 69489060407466317708699315619075315777206382673, 221849551497303697011979112855110516941303656390, 708272974349567920972874322188637727381748335100, 2261219834830693800056728112174411345970873929829, 7219130655277669246866848367494875437643112275528, 23047669499092525847263945152715754859439229784330, 73581584086036210575331883725179882922941015713025, 234915270579683891506179499794190166939015624203334, 749986359181937365533502685870449347399602734194508, 2394393253239724606076759184429780515972712103617845, 7644297767513286164811277985522925947769931242979400, 24405050540191358407348592276531389559578915968304314, 77915134912784361561027538175191871193968434669160113, 248750488694123870412467684110911598111020846447290310, 794156433083614401339660451337254696468799889131411100, 2535409853942481494226934240113635883245945814262443269, 8094504885527782303604557399474418758527545038182320968, 25842373863125152763193097080269869941249165738019423850, 82503908061819628888424998876590801250941981005295670625, 263400525103695698230776678438479890839686141171431637574, 840927881536433100449751670574615499596280008208501331948, 2684731557262302988065188419643974735474082996408522794965, 8571226728017334691213450113666283232648043053868032118600, 27364347628853455607669769051174106380966624028727691683354, 87362934724974798446163919846838089009502925405803916513553, 278913368126948987699852303205056833676269293606897758297030, 890453911201772576822999742132923456742789771447525173891900, 2842847488090415490721965864568321292476674826695809481971109, 9076024866502823528482964059498785489676203226828485699214408, 28975957283135731963536725111477034537012927013699152073012170, 92508131348655496662917473527968532964746349601498551967513025, 295339832330605620407674549308307774723836838697392616478598214, 942896751771194097048096864004087505477061285907882480251189388, 3010275578085433439901818709162241928543919156789630795601376885, 9610552840483792119238496757190854466883348158144808157359702600, 30682481887081826198551227721326547966690782255672223726569340794, 97956351770468371033220705021662529234874219362685880828087258993, 312733724980041154423079299070948365001709695152391446914072644550, 998428187373319751655624234222586069645829230691192612710683457500, 3187564262233607832617179327719224624657797096757932741109191969349, 10176561573846846094206548967277327112178601711596281030083976171848, 32489511409482100922526804261311899484783181388901810217848319957290, 103725442426410023581972647032253189270033393370075777428436153160225, 331152022292784730039660276861436485663515663092388448953374392861254, 1057230119277654895113468806087208810553749416682918890952427464982828, 3375294275327148005391090744117264210198359058329638033626048215011605, 10775905110270732271185372386727725884074604975110070270293040469891400, 34402965037560768308923007595548575355463118383417536505675377974972634, 109834300809455894207220614302642656543985353209188028397726661264212433, 350655056072381272369681667471482684032227181893110783937454307089020870, 1119495161738572531820225967589981279840124654357426982721540935938507900, 3574080554245241438407997639890360068065714927609202470283721085561653989, 11410546686415249161149579413020229026946587508111191349334507637131209288, 36429110566131939230005562892252749503406592001375608641320555236062787210, 116302937371038683358052618783394352692032704558153948086662108695981252225, 371306711333962257968091559029163599215878848567783208575905995348420762694, 1185427272931233041474459890512924068060107780474860845182540756220289528268, 3784574252268968847251100803717069262571259720449343305213882723659234867125, 12082565162787600137572320037307537738992014183773369221491668017201261565000, 38574584928670382068330025663327022576990832226918772357988847082815905634874, 123152541068183583031336265924479786749934931513332356908430523203224736589873, 393174635568876257509646445567768944788870757101763763414352452782936076033990, 1255242423046161338729000307039127452038415277695090261773366115205509232163100, 4007464872028295141296525426013510065560510577407436605673833284686061764401029, 12794161833351424512399527575287402229829417521273068438087396091124626389542728, 40846415937549490501475205557381972688752991563125124677804229083927058740349930, 130405548771009462088271898584393788297558914212036603744416001721799443467149025, 416330460333855895598598337486067597118829855153912476489045605309288854649598534, 1329169301730922130216501627576824115201742254638168702699957617361884958919641708, 4243482524067913399406689989979297295033551240715556038123276854526906941466831445, 13547667636184368310922201383017066101445747023182736957022980176060101653904323400, 43252045304659762106769031312872147166680605708191629223885918157748450244172143514, 138085718757950340283224440993991609876800834870470787923046779390169161821502407313, 440850035890568675030607660184096640043565074827812192490248206494408313530707411910, 1407450067196221057013178747142037909181170918921107707951575662225592446281224263100, 4493400318430201782227432368430714389486126442715793055383313107686450640996176146469, 14345550788803749181319683598424979753754322875163547011044342743265597764964745988168, 45799353017815161656911710177439980480157207974174098398727534497070752251937979013450, 146218208539441405926149495366414838756437468100318927476037933699929936606691200930625, 466813679664147537524531466608494702117537923919537616267130675179425202370257054024774, 1490341139440237379007577934173398573412600200621770108599396211078934758617095460539148, 4758036897089270141679298200432861488235365668058533422469310937334911175208894838712565, 15190424873170931794732343739646651502123567072410924182665084414887454485528563062486600, 48496683152795822786487431142676681919771126748820658139950260976231832711990826933474554, 154829657264992345349613837320203242434636096255697127418605851880444014110690768370880753, 494306439334563104855025855318940015873033983497441734398257678714066843094626556905202630, 1578114040189509522302322716560362712915486657287321626328498641877174941869461935501367900, 5038259115531451256287503703792942824026724541769413767116302392875642843531847833837786309, 16085057396858017912403762719715481814435131142780665151415792886015867436618081382347361608, 51352871205578176706416288646266081582622202935166561521229909636145367341341016219211865770, 163948272983584302093242627684274454283668120934631217581140459838256439397667585895643397025, 523418371422631539038156648208137025362023541480797148229749827291274010787054699430126457414, 1671056282307721653690855041998058205347700388023215671297733046159069086570727800699630236588, 5334984882266142426957951579455017382881865178388795708905981837197987162080110696710515438485, 17032378858420194002793936873441424820315767894551305407990113160311470768075205301607927094600, 54377273034283190991499597929626546500488824143272875370331986020697380902635980178581535163994, 173603925043224549011057156043716520242699199405132013226262778142877676279162417289837024826193, 554244836283206885951554341551102345746120968408042140818586680287759342597614278539907770974150, 1769472311585778729028954433857117987445015364243966233402426127287903076551751199568766944757500, 5649186165568226930689834824714834407667862143100261219132532889302218474735051149348121341576549, 18035492346668678033892515861714660319782969692808024852949515780317540010597309546329489954879048, 57579795505646266548721359634718501173458004694509853386877246005433069333742667591766339345914890, 183828241932327012785968970666721123411938792544166027357523856467655849407923834416072769030068225, 586886810471850878627018488109750631626144825405735001065664578505687334744122507558437144451472454]
len(predicted_full) = 200, len(input_sequence + seq_pred) = 200
is_manual_check: False
