test results being evaluated: data/test_linrec15.tsv
csv file used: ../linear_database_newbl.csv
The sequence ID inspected: A032527
csv results file used: ../linear_database_newbl.csv
Results we are looking at now:
('Could you give me a recursive equation in a form of a Python code for the following number sequence: 0,1,5,11,20,31,45,61,80,101,125,151,180,211,245', 'Certainly, the Python code is the following: lambda a_n: a_n[-1] * ( n ) // -9 + n - -7')

Experiment type: Evaluation of the results of llms.
Ground truth: 
[0, 1, 5, 11, 20, 31, 45, 61, 80, 101, 125, 151, 180, 211, 245, 281, 320, 361, 405, 451, 500, 551, 605, 661, 720, 781, 845, 911, 980, 1051, 1125, 1201, 1280, 1361, 1445, 1531, 1620, 1711, 1805, 1901, 2000, 2101, 2205, 2311, 2420, 2531, 2645, 2761, 2880, 3001, 3125, 3251, 3380, 3511, 3645, 3781, 3920, 4061, 4205, 4351, 4500, 4651, 4805, 4961, 5120, 5281, 5445, 5611, 5780, 5951, 6125, 6301, 6480, 6661, 6845, 7031, 7220, 7411, 7605, 7801, 8000, 8201, 8405, 8611, 8820, 9031, 9245, 9461, 9680, 9901, 10125, 10351, 10580, 10811, 11045, 11281, 11520, 11761, 12005, 12251, 12500, 12751, 13005, 13261, 13520, 13781, 14045, 14311, 14580, 14851, 15125, 15401, 15680, 15961, 16245, 16531, 16820, 17111, 17405, 17701, 18000, 18301, 18605, 18911, 19220, 19531, 19845, 20161, 20480, 20801, 21125, 21451, 21780, 22111, 22445, 22781, 23120, 23461, 23805, 24151, 24500, 24851, 25205, 25561, 25920, 26281, 26645, 27011, 27380, 27751, 28125, 28501, 28880, 29261, 29645, 30031, 30420, 30811, 31205, 31601, 32000, 32401, 32805, 33211, 33620, 34031, 34445, 34861, 35280, 35701, 36125, 36551, 36980, 37411, 37845, 38281, 38720, 39161, 39605, 40051, 40500, 40951, 41405, 41861, 42320, 42781, 43245, 43711, 44180, 44651, 45125, 45601, 46080, 46561, 47045, 47531, 48020, 48511, 49005, 49501]
Predicted:    
[0, 1, 5, 11, 20, 31, 45, 61, 80, 101, 125, 151, 180, 211, 245, -387, 711, -1319, 2663, -5596, 12462, -29050, 71040, -181517, 484076, -1344624, 3884502, -11653472, 36255281, -116822537, 389408493, -1341295883, 4769052067, -17486524206, 66060202597, -256900787836, 1027603151387, -4224590733436, 17837160874552, -77294363789680, 343530505731958, -1564972303889983, 7303204084819969, -34893086183028691, 170588421339251429, -852942106696257093, 4359481878669758528, -22766183144164294482, 121419643435542903959, -661062503149066921499, 3672569461939260675051, -20811226950989143825231, 120242644605715053212504, -708095573789210868918020, 4248573442735265213508181, -25963504372271065193661045, 161550693871908850093891009, -1023154394522089383927976327, 6593661653586798251980291950, -43225115284624566318537469384, 288167435230830442123583129293, -1953134838786739663282063431807, 13454928889419762124831992530295, -94184502225938334873823947711995, 669756460273339270213859183729813, -4837129990863005840433427438048578, 35472286599662042829845134545689645, -264071466908595207733291557173467284, 1995206638864941569540425098643975109, -15296584231297885366476592422937142427, 118973432910094663961484607733955552287, -938568192957413460140600794345649356853, 7508545543659307681124806354765194854903, -60902647187458828969123429321984358267467, 500755099096883704857237085536315834643698, -4172959159140697540476975712802631955364068, 35238321788299223675138906019222225400852212, -301483419744337802553966195942234595096179952, 2612856304450927622134373698166033157500226335, -22935072005735920238735058017235179938057542188, 203867306717652624344311626819868266116067041758, -1834805760458873619098804641378814395044603375734, 16717119150847515196233553399229197821517497423443, -154168987724482640143042770237335935465105809571663, 1438910552095171308001732522215135397674320889335612, -13589710769787729020016362709809612089146363954836244, 129857236244638299524600799227069626629620811123990869, -1255286617031503562071141059195006390753001174198578307, 12273913588752479273584490356573395820696011481052765763, -121375367710996739483224404637225803115771669090410683561, 1213753677109967394832244046372258031157716690904106835707, -12272398290778559214414912024430608981705802096919302449829, 125451182527958605302907989583068447368548199212952869487239, -1296328886122238921463382559025040622808331391867179651368037, 13539435032832273179728662283150424282664794537279431914288487, -142916258679896216897135879655476700761461720115727336873045039, 1524440092585559646902782716325084808122258347901091593312480519, -16430076553422142861063324831503691820873228860711764950145623268, 178905278026152222264911759276373533160619603149972551679363453467, -1967958058287674444914029352040108864766815634649698068472997988031, 21866200647640827165711437244890098497409062607218867427477755422673, -245387362823524838192983906859322216470923924814345067797250366409889, 2781056778666614832853817611072318453337137814562577435035504152645517, -31827649800295703087104801548938755632636132766660608423184103080276363, 367786175470083680117655484565514509532684200859189252890127413372082527, -4290838713817642934705980653264335944547982343357207950384819822674296037, 50536544851630016786537105471779956680231792043984893637865655689275042326, -600823366569379088462163365053383929420533527634042624361291684305825503096, 7209880398832549061545960380640607153046402331608511492335500211669906037267, -87319662608083094189834409054425131075784206016147528073841058119113306451229, 1067240320765460040097976110665196046481806962419580898680279599233607078848471, -13162630622774007161208372031537417906608952536508164417056781723881153972464358, 163801625527854311339481963059132311726689187120990490523373283674965471657334351, -2056620409405281909040162425075772358346208682741325047682353450585677588586531176, 26050525185800237514508724050959783205718643314723450603976477040751916122096061683, -332867821818558590463167029540041674295293775688132979939699428854052261560116343606, 4290296370105866277080819491849426024250453108869269519222792638563340260108166206600, -55773852811376261602050653394042538315255890415300503749896304301323423381406160685676, 731257181304710985449108566721891057911132785445051049165307100839573773222880773434543, -9668844952806734140938213271100559543491644607551230538963504999989919890391423559856610, 128917932704089788545842843614674127246555261434016407186180066666532265205218980798088260, -1733229984132762712671887119708396599648131848168442807725309785183378232203499630729853146, 23494895340466338993996692067158265017452453941838891393609754865819127147647439438782453885, -321096902986373299584621458251162955238516870538464849045999983166194737684515005663360202965, 4424001774478921016499228980349356272175121327418849031300444212512016385875540078028518352093, -61444469089985014118044846949296614891321129547484014323617280729333560914938056639284977112271, 860222567259790197652627857290152608478495813664776200530641930210669852809132792949989679571927, -12138696226888150566875970875094375697418774259491841940821280570750563478528873856072076589514836, 172639235226853696951124919112453343252178122801661752047235990339563569472410650397469533717544469, -2474495704918236322966123840611831253281219760157151779343715861533744495771219322363729983284803920, 35742715737707857998399566586615340325173174313381081257187006888820753827806501323031655314113834537, -520255084626636599754482580316289953621965092783657960521277544715057639049183519257460760683212480345, 7630407907857336796399077844638919319788821360826983420978737322487512039388024949109424490020449711865, -112760472416113977102341928148552918836879248998887643887796895987871011248734146470172606352524423519643, 1678878144862141436857090930211787902682424373983438253440531562486079500814486180778125472359808083514825, -25183172172932121552856363953176818540236365609751573801607973437291192512217292711671882085397121252722233, 380545712835418725687607277514671924608016191436246004113187154163511353517950200976375107068223165596691663, -5792751406494707268800244113278894852366468691862855840389626680044561714662130837084821074260730409638528504, 88822188232918844788270409736943054402952519941897122885974275760683279624819339501967256471997866281124103873, -1371809351597302158396620772603898284667822252435966675683380481192775096427765354530383183289744823675138937449, 21339256580402478019502989796060639983721679482337259399519251929665390388876349959361516184507141701613272360464, -334315019759638822305546840138283359744972978556617063925801613564757782759062816029997086890611886658607933647122, 5274748089540968085265294588848470787087351439448847008607092125132845016865213319584398482051876433946925175321407, -83809886311595381799215236245036813617054583982353902470090463765999648601302833855618775881490925561601144452328873, 1340958180985526108787443779920589017872873343717662439521447420255994377620845341689900414103854808985618311237262119, -21604326249211253974908816454276156399062959426562339303401097326346576083891397171670617782784327478101628347711445099, 350470181376093675592965244702702092695910230697566837588506689960733345360904887451545577365167979089204193196207887314, -5724346295809530034685098996810800847366533768060258347278942602691977974228113161708577763631076991790335155538062159308, 94133694642201160570377183503110947267805221963657581710809278355379193353973416436985501001933266087218844779959244397664, -1558435611298663658331800037995947904766997563620553297212286941661277756638004338790093294365339627443956430245991935027837, 25973926854977727638863333966599131746116626060342554953538115694354629277300072313168221572755660457399273837433198917130773, -435784772789070763718707047661829877073734503901302866442695052205283224541367879920933495276233858785254483272490337387416145, 7359920607104306231693719027177571257245293843666448411032183103911450014476435305331321253554171837262075717490947920320806163, -125118650320773205938793223462018711373169995342329622987547112766494650246099400190632461310420921233455287197346114645453704611, 2140919127711008190508239601461209061274242142524306882231361707337797348655478625484155449089424652216901580932366850599985612393, -36871384977245141058753015358498600499723059121251951860651229404150954337955465216671566067651202343735527227168540204777529991051, 639104006272249111685052266213975741995199691435033832251287976338616541857894730422307145172620840624749138604254696882810519845047, -11148814331638123392728133977288243499249594617255590184828023587240310785743274741811357976900163553120623862318665267844583512852323, 195723629377647055116782796490171385875715105502931472133647525198218789349715267689577173372247315710339841138483234702160466114518724, -3457784119005097973729829404659694483804300197218456007694439611835198611844969729182530062909702577549337193446537146404834901356497292, 61471717671201741755196967193950124156520892394994773470123370877070197543910572963244978896172490267543772327938438158308176024115507580, -1099660727229275602509634635358441109911095963954906503187762523467589089396622471898049066920418992563838593866454282609735148875844079875, 19793893090126960845173423436451939978399727351188317057379725422416603609139204494164883204567541866149094689596177086975232679765193437919, -358489397076743846418140891126851801831017284249299520039210582650434043143298925838763995816056591575811381600464096130773658533525170042141, 6532473457842887868063900682755966166698537179653902365158948394963464786166780426395255034870364557603674064719567973938542222166458654101407, -119762013393786277581171512517192713056139848293654876694580720574330187746390974483913008972623350222734024519858746188873274073051741991858957, 2208943802596502453163830119761554485257690535194078836811155512815423462877877973814395498828386237441538674477394651928107055125176574516509824, -40988179448179545519817736666686622115337146597490129527495885626686190922289513514111560922704500183637439848636100763554875356211609771584126561, 765112683032684849703264417778150279486293403153149084513256531698142230549404252263415803890484003427898877174540547586357673315950049069570362647, -14367115936947082177761298511611933025909287236986910586971150428554004106983257625835252317499088508812767804721928060232716310043950921417487920640, 271378856586778218913268971886003179378286536698641644420566174761575633131905977376888099330538338499796725200303085582173530300830184071219216278932, -5156198275148786159352110465834060408187444197274191243990757320469937029506213570160873887280228431496137778805758626061297075715773497353165109299530, 98540678147287913267618111124828710023137822436795654885156695457869907675007637118630034290244365579703966439398942631393677447012560171638266533280085, -1894170813275645443921992580510596314889204809062849810570234257134610447530702357946999548023586138365420688224001897247900688703685878854824456695272565, 36620635723329145249158523223204862087857959641881763004357862304602468652260245586975324595122665341731466638997370013459413314937926991193272829441936437, -712067916842511157622526840451205651708349215258812058418069544811714668238393664191186867127385159422556295758282194706155258901570802606535860572482097205, 13924883707142440415729413768823577188963273542838991364620026654095753512217476099738765401602198673152212005939740696475925062964051250972256828972983234414, -273856046240467994842678470786863684716277713009166830170860524197216485740277029961529052898176573905326836116814900364026526238293007935787717636468670276625, 5416264025644811453555196422229081764388603657292410641157019256344948273529923481461352379541714461683130758754783584977413518935128379174468193254602589915657, -107723473398935694465153351064333959536173339406149056085234049653971748995761811464620230659774098737920045090789584634550779987709775541358867399174873732766770, 2154469467978713889303067021286679190723466788122981121704680993079434979915236229292404613195481974758400901815791692691015599754195510827177347983497474655335587, -43328774856016357107095014539209881502327498738917731447616362194153081262739750833547248332042470825696729247628699597452647061723265273302122220557004768068415507, 876204113754997443721254738459577603713733863387003013718464213259540087757626072411733244047969965586311635896491480748486862803737142193442916015708318643161291552, -17816150313018281355665513015344744608845921888869061278942105669610648451071730139038575962308722633588336596561993441885899543675988557933339292319402479077612928034, 364241295288373752160272710535937000891961069727989697258371938134262146110799816175899775229422773842250437085267421478556168448486877184414936642974450683364530973330, -7487182180927682683294494605460927240556977544408677110310978728315388558944218443615717601938134795646258984530496997059210129218896919901862586550030375158048692229370, 154735098405838775454752888512859162971510869251112660279760227051851363551513847834724830440054785776689352346963604605890342670523869677971826788700627753266339639407173, -3215051489099094556670976683544962608408059172217563052479462495410689442681454393899282588032249437804545432098021562366832675487551514420081289943001932206756168063237734, 67158853327847752961571512945161441153412791597433539318459883237467735024901491783673902950006988256361615692714228191662726999073298301219475834364929250541128843987632860, -1410335919884802812193001771848390264221668623546104325687657547986822435522931327457151961950146753383593929546998792024917266980539264325608992521663514261363705723740289864, 29773758308679170479630037405688238911346337608195535764517214901944029194372994690762096974503098126986982957103307831637142302922495580207300953235118634406567120834517230659, -631865315217524617956593016054050403563016720351705259002532005141256619569471331770617835792232415806057082756303532871410464428688517313288275785323073241294924453265865672677, 13479793391307191849740651009153075276011023367503045525387349443013474550815388411106513830234291537195884432134475367923423241145355036016816550086892229147625055003005134350641, -289066680502476447444438404974060392030014167769787531822195382500177843145263329260395241026135362964311743933550416223246742837894835772360621574085577802832403957286665658852435, 6230992890831158978246783396107524005980305394148753463722878245003833507797898430724075195452251157230719813678753416367763123394622015537551176152511343749942929745957015313041577, -135004845968008444528680306915663020129573283539889658380662361975083059335621132665688295901465441739998929296372990687968201006883477003313608816637745781248763477829068665115900633, 2940105534414406125291260017274439105044040397090930338067758105235142181086860222497211777409691842337754460232122908315751933038795721405496369784555352569417515739388606484746280655, -64355643364404222964708691489229389299297328691879252955483149636813667741567940425772302238856588104504180962858690326467014534293639679653642760839711606241694511184395053055001920800, 1415824154016892905223591212763046564584541231221343565020629292009900690314494689366990649254844938299091981182891187182274319754460072952380140738473655337317279246056691167210042257805, -31305445183262409793277183482205140705813745001449707715456136567774470819176049242670126577968238080168811583932816249919176625681950501947072000772917490236237618885031282474977601033483]
len(predicted_full) = 200, len(input_sequence + seq_pred) = 200
is_manual_check: False
