test results being evaluated: data/test_linrec15.tsv
csv file used: ../linear_database_newbl.csv
The sequence ID inspected: A033576
csv results file used: ../linear_database_newbl.csv
Results we are looking at now:
('Could you give me a recursive equation in a form of a Python code for the following number sequence: 1,39,125,259,441,671,949,1275,1649,2071,2541,3059,3625,4239,4901', 'Certainly, the Python code is the following: lambda a_n: a_n[-1] - -8 * 8 + -8')

Experiment type: Evaluation of the results of llms.
Ground truth: 
[1, 39, 125, 259, 441, 671, 949, 1275, 1649, 2071, 2541, 3059, 3625, 4239, 4901, 5611, 6369, 7175, 8029, 8931, 9881, 10879, 11925, 13019, 14161, 15351, 16589, 17875, 19209, 20591, 22021, 23499, 25025, 26599, 28221, 29891, 31609, 33375, 35189, 37051, 38961, 40919, 42925, 44979, 47081, 49231, 51429, 53675, 55969, 58311, 60701, 63139, 65625, 68159, 70741, 73371, 76049, 78775, 81549, 84371, 87241, 90159, 93125, 96139, 99201, 102311, 105469, 108675, 111929, 115231, 118581, 121979, 125425, 128919, 132461, 136051, 139689, 143375, 147109, 150891, 154721, 158599, 162525, 166499, 170521, 174591, 178709, 182875, 187089, 191351, 195661, 200019, 204425, 208879, 213381, 217931, 222529, 227175, 231869, 236611, 241401, 246239, 251125, 256059, 261041, 266071, 271149, 276275, 281449, 286671, 291941, 297259, 302625, 308039, 313501, 319011, 324569, 330175, 335829, 341531, 347281, 353079, 358925, 364819, 370761, 376751, 382789, 388875, 395009, 401191, 407421, 413699, 420025, 426399, 432821, 439291, 445809, 452375, 458989, 465651, 472361, 479119, 485925, 492779, 499681, 506631, 513629, 520675, 527769, 534911, 542101, 549339, 556625, 563959, 571341, 578771, 586249, 593775, 601349, 608971, 616641, 624359, 632125, 639939, 647801, 655711, 663669, 671675, 679729, 687831, 695981, 704179, 712425, 720719, 729061, 737451, 745889, 754375, 762909, 771491, 780121, 788799, 797525, 806299, 815121, 823991, 832909, 841875, 850889, 859951, 869061, 878219, 887425, 896679, 905981, 915331, 924729, 934175, 943669, 953211]
Predicted:    
[1, 39, 125, 259, 441, 671, 949, 1275, 1649, 2071, 2541, 3059, 3625, 4239, 4901, 4957, 5013, 5069, 5125, 5181, 5237, 5293, 5349, 5405, 5461, 5517, 5573, 5629, 5685, 5741, 5797, 5853, 5909, 5965, 6021, 6077, 6133, 6189, 6245, 6301, 6357, 6413, 6469, 6525, 6581, 6637, 6693, 6749, 6805, 6861, 6917, 6973, 7029, 7085, 7141, 7197, 7253, 7309, 7365, 7421, 7477, 7533, 7589, 7645, 7701, 7757, 7813, 7869, 7925, 7981, 8037, 8093, 8149, 8205, 8261, 8317, 8373, 8429, 8485, 8541, 8597, 8653, 8709, 8765, 8821, 8877, 8933, 8989, 9045, 9101, 9157, 9213, 9269, 9325, 9381, 9437, 9493, 9549, 9605, 9661, 9717, 9773, 9829, 9885, 9941, 9997, 10053, 10109, 10165, 10221, 10277, 10333, 10389, 10445, 10501, 10557, 10613, 10669, 10725, 10781, 10837, 10893, 10949, 11005, 11061, 11117, 11173, 11229, 11285, 11341, 11397, 11453, 11509, 11565, 11621, 11677, 11733, 11789, 11845, 11901, 11957, 12013, 12069, 12125, 12181, 12237, 12293, 12349, 12405, 12461, 12517, 12573, 12629, 12685, 12741, 12797, 12853, 12909, 12965, 13021, 13077, 13133, 13189, 13245, 13301, 13357, 13413, 13469, 13525, 13581, 13637, 13693, 13749, 13805, 13861, 13917, 13973, 14029, 14085, 14141, 14197, 14253, 14309, 14365, 14421, 14477, 14533, 14589, 14645, 14701, 14757, 14813, 14869, 14925, 14981, 15037, 15093, 15149, 15205, 15261]
len(predicted_full) = 200, len(input_sequence + seq_pred) = 200
is_manual_check: False
