test results being evaluated: data/test_linrec15.tsv
csv file used: ../linear_database_newbl.csv
The sequence ID inspected: A034943
csv results file used: ../linear_database_newbl.csv
Results we are looking at now:
('Could you give me a recursive equation in a form of a Python code for the following number sequence: 1,1,1,2,5,12,28,65,151,351,816,1897,4410,10252,23833', 'Certainly, the Python code is the following: lambda a_n: a_n[-1] * -4 // -3 + a_n[-2] + abs( 5 ) + n')

Experiment type: Evaluation of the results of llms.
Ground truth: 
[1, 1, 1, 2, 5, 12, 28, 65, 151, 351, 816, 1897, 4410, 10252, 23833, 55405, 128801, 299426, 696081, 1618192, 3761840, 8745217, 20330163, 47261895, 109870576, 255418101, 593775046, 1380359512, 3208946545, 7459895657, 17342153393, 40315615410, 93722435101, 217878227876, 506505428836, 1177482265857, 2737314167775, 6363483400447, 14793304131648, 34390259761825, 79947654422626, 185855747875876, 432062194544201, 1004422742303477, 2334999585697905, 5428215467030962, 12619069972000553, 29335778567637640, 68197411225942776, 158539746514553601, 368560195659412891, 856798505175074247, 1991814870720950560, 4630407797472116077, 10764392156149521358, 25024175744225282480, 58174150717848920801, 135238492821245718801, 314391352772264597281, 730871223392151275042, 1699069457453170349365, 3949857278347473095292, 9182304143528229862188, 21346267331342913745345, 49624050985319754606951, 115361922436801666192351, 268183932671108403108496, 623452004125041631547737, 1449350069469709754618570, 3369330132830154403868732, 7832742263676085333916793, 18208916594837656948631485, 42330595389990954581929601, 98406695243973635182442626, 228767811546776653332100161, 531820639542373644213344832, 1236332990777541261158276800, 2874125504794653148380240897, 6681531172371250567037513923, 15532675498301986665510336775, 36109089654958112010836223376, 83943449140641613268525510501, 195144843610310602449414421526, 453656722204606692822028466952, 1054623928533840486835782068305, 2451703184802618677312703692537, 5699518419544781751088575407953, 13249772817562948385476100907090, 30801984798401900331563855597901, 71605927179624585974827940387476, 166463584759632905646832210873716, 386980884718051445322404607444097, 899621411814513110648377340972335, 2091366050767069346947155018902527, 4861836213390233264867114982207008, 11302397950451074211355412249788305, 26274887475339825451279161803853426, 61081702738507561195993775894190676, 141997731215294106896778416324653481, 330104675644207023749626858989432517, 767400267240540418651317520213181265, 1783989181648501315351477258985332242, 4147271686108630132501423595519066713, 9641236962269428185452633788799716920, 22413156696239525606706531434346349576, 52104267850288350581715750320958681601, 121127727120655428717186821882983062571, 281587802357629110594835496441378174087, 654612220681864824931848595879127078720, 1521788784450991682323061616637607950557, 3537729714346874507700323154595947868318, 8224223794820504983386694826391754782560, 19119000740218757617082499786620976561601, 44446284345362137392174432861675367988001, 103325075350469401925744993838175905623361, 240201658100902688609968615577797957455682, 558401107947131399370590291918717429108325, 1298125082990058222817578638438732278036972, 3017774691176814558321523947056559933349948, 7015475015497458628700004856210932673084225, 16309000747128804992274545312958410430589751, 37913826901568312277745150173509925878950751, 88138954225944785477386364750823889448756976, 204898209621826536868943339218410227018959177, 476330547315158351929802438327092828038314330, 1107334176927766767528907001295281919525781612, 2574239645774810135596059466450070329519675353, 5984381130784055223660166835086739977545777165, 13911998277730312167317288573655361193123762401, 32341472217397636190227591517242673953799408226, 75184801227516339459708364239504039452696477041, 174783457525484058165987198257682131643614377072, 406322242338817131768772457811280989979249585360, 944584613192999618434051341157982746103216478977, 2195892812426848649930596306109068389994764643283, 5104831453233363844692458693822520667757110557255, 11867293348039393852650234810407407969385018864176, 27588109950078302518496383349686250962635600121301, 64134574607389483694881139122066457616893873192806, 149094797270051239900300885477234278894795438199992, 346603352545453054829636761537256172413234168335665, 805755037703646168383189652779366417067005501799817, 1873153205290083635390596320740821185269343606928113, 4354552893008411624235046418200986894087253985520370, 10123107306148713770307136265900684728790080244504701, 23533369337719401697841912282040901583465076369401476, 54708446293869189177146510732522322186902322604715396, 127181707512317477906062843899385848122566895319847937, 295661599286933457061737422515153801577361117119514495, 687329829130034604550233090479212030673851883323563007, 1597847996328554377433287270306714336989400311051507968, 3714545930012527380261133052476872751197858283626912385, 8635271626510507990467057707296401610288626112101284226, 20074571015835023588312194287242173665459562080101535876, 46667715724496582164263600499610590526999292299728951561, 108489276768330207306633470631643825860367378851085067157, 252206969871832481179685405182952470192563114033898834225, 586310071803333611090052874785180349383953876699255319922, 1363005552434666078217421284621279933627102780881053358473, 3168603483569163493651843509476431572305963703278548269800, 7366109417641491935610740833971915199047639424772793412376, 17124126838220814897745956767584162386158093648642337056001, 39808765162948624315668232144285088332684965799659972613051, 92544151230045735087123523731658855424786349526468037139527, 215139050202460771527780063673990551995147210628726503248480, 500137613310239468724761375702939033468553898632903408079437, 1162678890755842598205847523492494851840153624167725254880878, 2702900495849509628695799882745597040578500285866095451732240, 6283481319347083158400465976954740451523747507895739253514401, 14607321857098072816015645688865522125254395576122752111959601, 33957903428449561759941804995432682513294191998442873280582241, 78942547890499622806194589585521743740897532350978854871341922, 183519158671697817714715804454565388321358608632173570164820885, 426630283662543769291700039188085359995574953193005874032361052, 991795081534735295251863098240647047084905174665649336638783308, 2305643835950816164886905020800335809584924226243109832016448705, 5359971628445521673448688905107798694580537282591036696804140551, 12460422294969667985824119771963371511656668569952539763018307551, 28966967463968776775461886526474852955393855370918655727463090256, 67340029430412516028186108940605614537448766255441924353156796217, 156546575658269662519458673540830509213215256594441001367562515690, 363926635577952732277465689267755151520142092643357811123837044892, 846026784847731387821665829662210050671444530996633354989542899513, 1966773659045558361429524783991950358187264664297625444088517124445, 4572194043019165040922708381919186124739047023542967433410302619201, 10629061595814109787730741407435867708514056273030284767043416508226, 24709570360449557642776332242461181234251339436302544878398161410721, 57442781932739618393790222294430994410464952786390032534517953834912, 133538266673133849683548743805806488471406235759595292613800955191520, 310438806514371869905842119071018657827540141142308357650765119315457, 721682668129587528744219091895873990950272904694124520259211401398243, 1677708658033152696104521781351391145667144667557352138089904920755335, 3900199444354654900730969279333444112928428334426115731402057078784976, 9066863685127246838728083367193424038401268572857767438285572796242501, 21077900824705583410826833324264775035014093717278422990142509151912886, 49000174548216911455755302517740921141168172340545849825258438942038632, 113911585680366814384340324271886637391877598159938470933775871318532625, 264812308769372203652337201104442844928310543516002136140953245223433497, 615613929495599893644086257287296181142344606568675316380566431975273873, 1431128756628422088011924693924889490962290330833960147793568676797487250]
Predicted:    
[1, 1, 1, 2, 5, 12, 28, 65, 151, 351, 816, 1897, 4410, 10252, 23833, 42049, 79919, 148629, 278114, 519471, 970767, 1813853, 3389264, 6332899, 11833158, 22110473, 41313819, 77195597, 144241314, 269517383, 503597859, 940981231, 1758239537, 3285300651, 6138640444, 11470154616, 21432179973, 40046394622, 74827372845, 139816225126, 261249006391, 488148233693, 912113318028, 1704299324445, 3184512417337, 5950315880944, 11118266925313, 20774671781413, 38817829300583, 72531777515577, 135526865988074, 253234265499731, 473172553321105, 884131003261262, 1652013891002846, 3086816191265116, 5767768812689728, 10777174608184815, 20137334956936211, 37626954550766493, 70306607691291600, 131369098139155359, 245465405210165479, 458656305086042732, 857007145324889190, 1601332498852561722, 2992117143794971557, 5590822023912523870, 10446546509011670123, 19519550702594750774, 36472614112471337896, 68149702852556534711, 127338884582546717587, 237934882295952158238, 444585394310482928650, 830715408043262729851, 1552205938368166568532, 2900323325867484821309, 5419303706191479663693, 10126061600789457706317, 18920719173910756605534, 35353687166003799847115, 66058968728582489735107, 123432312137447119494012, 230635384911845315727212, 430946158686574207130384, 805230263160610925234481, 1504586509567388774109784, 2811345609250462624047619, 5253047321901338939506703, 9815408705118914543389984, 18340258928726558330693444, 34269087276754325650981339, 64032375297732325865335327, 119645587673730760138095207, 223559825529373339382795703, 417725355046228545981822912, 780526965591011400691893021, 1458427975834243746904347043, 2725097600036669729897689182, 5091891442549803386767932724, 9514286190103074245588266253, 17777606362687235714218954501, 33217761340352721864546872362, 62067954816490864866948117759, 115975034429007208353811029484, 216701334055167142672029490515, 404910146502563398583183683616, 756581529391918340782941068782, 1413685519025121186293771775439, 2641495554758746589174636769482, 4935679592036783305193287468197, 9222401677474457662765686727195, 17232215162002726855547536437908, 32198688560144760136829068644524, 60163799908862407037986294630726, 112417088438627969520810794818946, 210053251160366366399067354389442, 392488089985783124719567267338325, 733370704474743866025157044173999, 1370315695952108279419776659570448, 2560458299077554905251525923601389, 4784260094722181486421811224372427, 8939471758707130220480607556098086, 16703555772998355113729287965836670, 31210879456038270372119658177213776, 58318061714382715609888832202121835, 108968295075215224518638101113376354, 203609121814669681634739633686623773, 380447124161441466698290946028874852, 710871954029924970565794228391790377, 1328276396201341427452683250551262157, 2481907148965046873836038562460140056, 4637485928154737259234068000498115703, 8665221719838029886148129229790961132, 16191114887938777107431573640219397352, 30253374903756399362723560750083491075, 56528948092947309591062987973664052260, 105625305694352812150807544714968894231, 197362689018751059125473047593622578045, 368775557719354224318104941506465665102, 689063432644556691549612969602243464993, 1287526801245429813050922234309456951906, 2405765834305129775617509282014852734349, 4495214580318936180540934610329260597853, 8399385274730378016338755429120533531636, 15694394946626106868992608515823305306852, 29325245203565187174995566783551607274257, 54794721884713023102320030893892115006014, 102384874383182551311422274642074427282429, 191307887728956424850883063749991351382741, 357462058021791117779266359642062895792906, 667923965091344581889904876606075212440106, 1248027344810250560299139528450163179046538, 2331960424838345328955424247872959451168982, 4357307911261377665573038525614109113938674, 8141704306520182216386142282025104936420708, 15212913653288287287421228234980915695833113, 28425589177571231932947779928666325864198355, 53113699223383263198018268139869350181431083, 99243854808748916196972137448492126106106630, 185438838968381818127314451404525518322906755, 346495640099924673700058072654526150536649137, 647433025768281383060725214943893719038439105, 1209739674457633184447691692579717775921234779, 2260419258378458962324314138383517420266752313, 4223632018962245134213443877091074336276904700, 7891928616994785807942239307838283201969292085, 14746203508288626211469762954208785272235960986, 27553533294712954089901923246783330231617240240, 51484247901239231664672327283253225581058948147, 96199197163031929642798359624454297673029171278, 179749844118615137855070140115858955811764510028, 335865655987852113449558546445599572088715184826, 627570718769084622454481535376658385263384756641, 1172626614346631610055533926947810752439894860527, 2191072871231260102528526771307072721849911237524, 4094057109321645080093569622023907714906443177407, 7649815683660120209319952934005616341725168807583, 14293811354201805359186840200698062837206668254368, 26708230822595860688235739868269700124667393146925, 49904785784329619610167826691724329670096525783787, 93247945201702020168459508790568806351462760858828, 174235379386598979834780505079149404805380206929079, 325561784383833993281500182229434679425303036764455, 608317758565044304210114081385062310705784255948542, 1136652129137226398894985624076184427033015378029368, 2123853930748012836070094913486641546749804759987891, 3968457370134576846988445508725039822699421724680082, 7415130424260781965388022258453361310349033726228194, 13855297935815619467505808519996188236498133359651202, 25888861005348274588729100285114945625679878205763326, 48373779276279985585811275566816115737404637634002500, 90387233373721588703144134374203099942219395051100190, 168890090441242103856670121399086915660363831035469619, 315574020628711060512037629572985654156037836431726548, 589655451279523517872720294163067787868414279611105217, 1101781289001409084342331355123742704647256875913200372, 2058697169948068963662495434328058060731423447495372582, 3846710848932167702558991934227820118955821472573697352]
len(predicted_full) = 200, len(input_sequence + seq_pred) = 200
is_manual_check: False
