test results being evaluated: data/test_linrec15.tsv
csv file used: ../linear_database_newbl.csv
The sequence ID inspected: A037489
csv results file used: ../linear_database_newbl.csv
Results we are looking at now:
('Could you give me a recursive equation in a form of a Python code for the following number sequence: 2,9,38,153,614,2457,9830,39321,157286,629145,2516582,10066329,40265318,161061273,644245094', 'Certainly, the Python code is the following: lambda a_n: 3 + 4 + 4 * a_n[-1]')

Experiment type: Evaluation of the results of llms.
Ground truth: 
[2, 9, 38, 153, 614, 2457, 9830, 39321, 157286, 629145, 2516582, 10066329, 40265318, 161061273, 644245094, 2576980377, 10307921510, 41231686041, 164926744166, 659706976665, 2638827906662, 10555311626649, 42221246506598, 168884986026393, 675539944105574, 2702159776422297, 10808639105689190, 43234556422756761, 172938225691027046, 691752902764108185, 2767011611056432742, 11068046444225730969, 44272185776902923878, 177088743107611695513, 708354972430446782054, 2833419889721787128217, 11333679558887148512870, 45334718235548594051481, 181338872942194376205926, 725355491768777504823705, 2901421967075110019294822, 11605687868300440077179289, 46422751473201760308717158, 185691005892807041234868633, 742764023571228164939474534, 2971056094284912659757898137, 11884224377139650639031592550, 47536897508558602556126370201, 190147590034234410224505480806, 760590360136937640898021923225, 3042361440547750563592087692902, 12169445762191002254368350771609, 48677783048764009017473403086438, 194711132195056036069893612345753, 778844528780224144279574449383014, 3115378115120896577118297797532057, 12461512460483586308473191190128230, 49846049841934345233892764760512921, 199384199367737380935571059042051686, 797536797470949523742284236168206745, 3190147189883798094969136944672826982, 12760588759535192379876547778691307929, 51042355038140769519506191114765231718, 204169420152563078078024764459060926873, 816677680610252312312099057836243707494, 3266710722441009249248396231344974829977, 13066842889764036996993584925379899319910, 52267371559056147987974339701519597279641, 209069486236224591951897358806078389118566, 836277944944898367807589435224313556474265, 3345111779779593471230357740897254225897062, 13380447119118373884921430963589016903588249, 53521788476473495539685723854356067614352998, 214087153905893982158742895417424270457411993, 856348615623575928634971581669697081829647974, 3425394462494303714539886326678788327318591897, 13701577849977214858159545306715153309274367590, 54806311399908859432638181226860613237097470361, 219225245599635437730552724907442452948389881446, 876900982398541750922210899629769811793559525785, 3507603929594167003688843598519079247174238103142, 14030415718376668014755374394076316988696952412569, 56121662873506672059021497576305267954787809650278, 224486651494026688236085990305221071819151238601113, 897946605976106752944343961220884287276604954404454, 3591786423904427011777375844883537149106419817617817, 14367145695617708047109503379534148596425679270471270, 57468582782470832188438013518136594385702717081885081, 229874331129883328753752054072546377542810868327540326, 919497324519533315015008216290185510171243473310161305, 3677989298078133260060032865160742040684973893240645222, 14711957192312533040240131460642968162739895572962580889, 58847828769250132160960525842571872650959582291850323558, 235391315077000528643842103370287490603838329167401294233, 941565260308002114575368413481149962415353316669605176934, 3766261041232008458301473653924599849661413266678420707737, 15065044164928033833205894615698399398645653066713682830950, 60260176659712135332823578462793597594582612266854731323801, 241040706638848541331294313851174390378330449067418925295206, 964162826555394165325177255404697561513321796269675701180825, 3856651306221576661300709021618790246053287185078702804723302, 15426605224886306645202836086475160984213148740314811218893209, 61706420899545226580811344345900643936852594961259244875572838, 246825683598180906323245377383602575747410379845036979502291353, 987302734392723625292981509534410302989641519380147918009165414, 3949210937570894501171926038137641211958566077520591672036661657, 15796843750283578004687704152550564847834264310082366688146646630, 63187375001134312018750816610202259391337057240329466752586586521, 252749500004537248075003266440809037565348228961317867010346346086, 1010998000018148992300013065763236150261392915845271468041385384345, 4043992000072595969200052263052944601045571663381085872165541537382, 16175968000290383876800209052211778404182286653524343488662166149529, 64703872001161535507200836208847113616729146614097373954648664598118, 258815488004646142028803344835388454466916586456389495818594658392473, 1035261952018584568115213379341553817867666345825557983274378633569894, 4141047808074338272460853517366215271470665383302231933097514534279577, 16564191232297353089843414069464861085882661533208927732390058137118310, 66256764929189412359373656277859444343530646132835710929560232548473241, 265027059716757649437494625111437777374122584531342843718240930193892966, 1060108238867030597749978500445751109496490338125371374872963720775571865, 4240432955468122390999914001783004437985961352501485499491854883102287462, 16961731821872489563999656007132017751943845410005941997967419532409149849, 67846927287489958255998624028528071007775381640023767991869678129636599398, 271387709149959833023994496114112284031101526560095071967478712518546397593, 1085550836599839332095977984456449136124406106240380287869914850074185590374, 4342203346399357328383911937825796544497624424961521151479659400296742361497, 17368813385597429313535647751303186177990497699846084605918637601186969445990, 69475253542389717254142591005212744711961990799384338423674550404747877783961, 277901014169558869016570364020850978847847963197537353694698201618991511135846, 1111604056678235476066281456083403915391391852790149414778792806475966044543385, 4446416226712941904265125824333615661565567411160597659115171225903864178173542, 17785664906851767617060503297334462646262269644642390636460684903615456712694169, 71142659627407070468242013189337850585049078578569562545842739614461826850776678, 284570638509628281872968052757351402340196314314278250183370958457847307403106713, 1138282554038513127491872211029405609360785257257113000733483833831389229612426854, 4553130216154052509967488844117622437443141029028452002933935335325556918449707417, 18212520864616210039869955376470489749772564116113808011735741341302227673798829670, 72850083458464840159479821505881958999090256464455232046942965365208910695195318681, 291400333833859360637919286023527835996361025857820928187771861460835642780781274726, 1165601335335437442551677144094111343985444103431283712751087445843342571123125098905, 4662405341341749770206708576376445375941776413725134851004349783373370284492500395622, 18649621365366999080826834305505781503767105654900539404017399133493481137970001582489, 74598485461467996323307337222023126015068422619602157616069596533973924551880006329958, 298393941845871985293229348888092504060273690478408630464278386135895698207520025319833, 1193575767383487941172917395552370016241094761913634521857113544543582792830080101279334, 4774303069533951764691669582209480064964379047654538087428454178174331171320320405117337, 19097212278135807058766678328837920259857516190618152349713816712697324685281281620469350, 76388849112543228235066713315351681039430064762472609398855266850789298741125126481877401, 305555396450172912940266853261406724157720259049890437595421067403157194964500505927509606, 1222221585800691651761067413045626896630881036199561750381684269612628779858002023710038425, 4888886343202766607044269652182507586523524144798247001526737078450515119432008094840153702, 19555545372811066428177078608730030346094096579192988006106948313802060477728032379360614809, 78222181491244265712708314434920121384376386316771952024427793255208241910912129517442459238, 312888725964977062850833257739680485537505545267087808097711173020832967643648518069769836953, 1251554903859908251403333030958721942150022181068351232390844692083331870574594072279079347814, 5006219615439633005613332123834887768600088724273404929563378768333327482298376289116317391257, 20024878461758532022453328495339551074400354897093619718253515073333309929193505156465269565030, 80099513847034128089813313981358204297601419588374478873014060293333239716774020625861078260121, 320398055388136512359253255925432817190405678353497915492056241173332958867096082503444313040486, 1281592221552546049437013023701731268761622713413991661968224964693331835468384330013777252161945, 5126368886210184197748052094806925075046490853655966647872899858773327341873537320055109008647782, 20505475544840736790992208379227700300185963414623866591491599435093309367494149280220436034591129, 82021902179362947163968833516910801200743853658495466365966397740373237469976597120881744138364518, 328087608717451788655875334067643204802975414633981865463865590961492949879906388483526976553458073, 1312350434869807154623501336270572819211901658535927461855462363845971799519625553934107906213832294, 5249401739479228618494005345082291276847606634143709847421849455383887198078502215736431624855329177, 20997606957916914473976021380329165107390426536574839389687397821535548792314008862945726499421316710, 83990427831667657895904085521316660429561706146299357558749591286142195169256035451782905997685266841, 335961711326670631583616342085266641718246824585197430234998365144568780677024141807131623990741067366, 1343846845306682526334465368341066566872987298340789720939993460578275122708096567228526495962964269465, 5375387381226730105337861473364266267491949193363158883759973842313100490832386268914105983851857077862, 21501549524906920421351445893457065069967796773452635535039895369252401963329545075656423935407428311449, 86006198099627681685405783573828260279871187093810542140159581477009607853318180302625695741629713245798, 344024792398510726741623134295313041119484748375242168560638325908038431413272721210502782966518852983193, 1376099169594042906966492537181252164477938993500968674242553303632153725653090884842011131866075411932774, 5504396678376171627865970148725008657911755974003874696970213214528614902612363539368044527464301647731097, 22017586713504686511463880594900034631647023896015498787880852858114459610449454157472178109857206590924390, 88070346854018746045855522379600138526588095584061995151523411432457838441797816629888712439428826363697561, 352281387416074984183422089518400554106352382336247980606093645729831353767191266519554849757715305454790246, 1409125549664299936733688358073602216425409529344991922424374582919325415068765066078219399030861221819160985, 5636502198657199746934753432294408865701638117379967689697498331677301660275060264312877596123444887276643942, 22546008794628798987739013729177635462806552469519870758789993326709206641100241057251510384493779549106575769, 90184035178515195950956054916710541851226209878079483035159973306836826564400964229006041537975118196426303078, 360736140714060783803824219666842167404904839512317932140639893227347306257603856916024166151900472785705212313, 1442944562856243135215296878667368669619619358049271728562559572909389225030415427664096664607601891142820849254, 5771778251424972540861187514669474678478477432197086914250238291637556900121661710656386658430407564571283397017, 23087113005699890163444750058677898713913909728788347657000953166550227600486646842625546633721630258285133588070, 92348452022799560653779000234711594855655638915153390628003812666200910401946587370502186534886521033140534352281, 369393808091198242615116000938846379422622555660613562512015250664803641607786349482008746139546084132562137409126, 1477575232364792970460464003755385517690490222642454250048061002659214566431145397928034984558184336530248549636505, 5910300929459171881841856015021542070761960890569817000192244010636858265724581591712139938232737346120994198546022, 23641203717836687527367424060086168283047843562279268000768976042547433062898326366848559752930949384483976794184089, 94564814871346750109469696240344673132191374249117072003075904170189732251593305467394239011723797537935907176736358, 378259259485387000437878784961378692528765496996468288012303616680758929006373221869576956046895190151743628706945433, 1513037037941548001751515139845514770115061987985873152049214466723035716025492887478307824187580760606974514827781734, 6052148151766192007006060559382059080460247951943492608196857866892142864101971549913231296750323042427898059311126937, 24208592607064768028024242237528236321840991807773970432787431467568571456407886199652925187001292169711592237244507750, 96834370428259072112096968950112945287363967231095881731149725870274285825631544798611700748005168678846368948978031001, 387337481713036288448387875800451781149455868924383526924598903481097143302526179194446802992020674715385475795912124006, 1549349926852145153793551503201807124597823475697534107698395613924388573210104716777787211968082698861541903183648496025]
Predicted:    
[2, 9, 38, 153, 614, 2457, 9830, 39321, 157286, 629145, 2516582, 10066329, 40265318, 161061273, 644245094, 2576980383, 10307921539, 41231686163, 164926744659, 659706978643, 2638827914579, 10555311658323, 42221246633299, 168884986533203, 675539946132819, 2702159784531283, 10808639138125139, 43234556552500563, 172938226210002259, 691752904840009043, 2767011619360036179, 11068046477440144723, 44272185909760578899, 177088743639042315603, 708354974556169262419, 2833419898224677049683, 11333679592898708198739, 45334718371594832794963, 181338873486379331179859, 725355493945517324719443, 2901421975782069298877779, 11605687903128277195511123, 46422751612513108782044499, 185691006450052435128178003, 742764025800209740512712019, 2971056103200838962050848083, 11884224412803355848203392339, 47536897651213423392813569363, 190147590604853693571254277459, 760590362419414774285017109843, 3042361449677659097140068439379, 12169445798710636388560273757523, 48677783194842545554241095030099, 194711132779370182216964380120403, 778844531117480728867857520481619, 3115378124469922915471430081926483, 12461512497879691661885720327705939, 49846049991518766647542881310823763, 199384199966075066590171525243295059, 797536799864300266360686100973180243, 3190147199457201065442744403892720979, 12760588797828804261770977615570883923, 51042355191315217047083910462283535699, 204169420765260868188335641849134142803, 816677683061043472753342567396536571219, 3266710732244173891013370269586146284883, 13066842928976695564053481078344585139539, 52267371715906782256213924313378340558163, 209069486863627129024855697253513362232659, 836277947454508516099422789014053448930643, 3345111789818034064397691156056213795722579, 13380447159272136257590764624224855182890323, 53521788637088545030363058496899420731561299, 214087154548354180121452233987597682926245203, 856348618193416720485808935950390731704980819, 3425394472773666881943235743801562926819923283, 13701577891094667527772942975206251707279693139, 54806311564378670111091771900825006829118772563, 219225246257514680444367087603300027316475090259, 876900985030058721777468350413200109265900361043, 3507603940120234887109873401652800437063601444179, 14030415760480939548439493606611201748254405776723, 56121663041923758193757974426444806993017623106899, 224486652167695032775031897705779227972070492427603, 897946608670780131100127590823116911888281969710419, 3591786434683120524400510363292467647553127878841683, 14367145738732482097602041453169870590212511515366739, 57468582954929928390408165812679482360850046061466963, 229874331819719713561632663250717929443400184245867859, 919497327278878854246530653002871717773600736983471443, 3677989309115515416986122612011486871094402947933885779, 14711957236462061667944490448045947484377611791735543123, 58847828945848246671777961792183789937510447166942172499, 235391315783392986687111847168735159750041788667768690003, 941565263133571946748447388674940639000167154671074760019, 3766261052534287786993789554699762556000668618684299040083, 15065044210137151147975158218799050224002674474737196160339, 60260176840548604591900632875196200896010697898948784641363, 241040707362194418367602531500784803584042791595795138565459, 964162829448777673470410126003139214336171166383180554261843, 3856651317795110693881640504012556857344684665532722217047379, 15426605271180442775526562016050227429378738662130888868189523, 61706421084721771102106248064200909717514954648523555472758099, 246825684338887084408424992256803638870059818594094221891032403, 987302737355548337633699969027214555480239274376376887564129619, 3949210949422193350534799876108858221920957097505507550256518483, 15796843797688773402139199504435432887683828390022030201026073939, 63187375190755093608556798017741731550735313560088120804104295763, 252749500763020374434227192070966926202941254240352483216417183059, 1010998003052081497736908768283867704811765016961409932865668732243, 4043992012208325990947635073135470819247060067845639731462674928979, 16175968048833303963790540292541883276988240271382558925850699715923, 64703872195333215855162161170167533107952961085530235703402798863699, 258815488781332863420648644680670132431811844342120942813611195454803, 1035261955125331453682594578722680529727247377368483771254444781819219, 4141047820501325814730378314890722118908989509473935085017779127276883, 16564191282005303258921513259562888475635958037895740340071116509107539, 66256765128021213035686053038251553902543832151582961360284466036430163, 265027060512084852142744212153006215610175328606331845441137864145720659, 1060108242048339408570976848612024862440701314425327381764551456582882643, 4240432968193357634283907394448099449762805257701309527058205826331530579, 16961731872773430537135629577792397799051221030805238108232823305326122323, 67846927491093722148542518311169591196204884123220952432931293221304489299, 271387709964374888594170073244678364784819536492883809731725172885217957203, 1085550839857499554376680292978713459139278145971535238926900691540871828819, 4342203359429998217506721171914853836557112583886140955707602766163487315283, 17368813437719992870026884687659415346228450335544563822830411064653949261139, 69475253750879971480107538750637661384913801342178255291321644258615797044563, 277901015003519885920430155002550645539655205368713021165286577034463188178259, 1111604060014079543681720620010202582158620821474852084661146308137852752713043, 4446416240056318174726882480040810328634483285899408338644585232551411010852179, 17785664960225272698907529920163241314537933143597633354578340930205644043408723, 71142659840901090795630119680652965258151732574390533418313363720822576173634899, 284570639363604363182520478722611861032606930297562133673253454883290304694539603, 1138282557454417452730081914890447444130427721190248534693013819533161218778158419, 4553130229817669810920327659561789776521710884760994138772055278132644875112633683, 18212520919270679243681310638247159106086843539043976555088221112530579500450534739, 72850083677082716974725242552988636424347374156175906220352884450122318001802138963, 291400334708330867898900970211954545697389496624703624881411537800489272007208555859, 1165601338833323471595603880847818182789557986498814499525646151201957088028834223443, 4662405355333293886382415523391272731158231945995257998102584604807828352115336893779, 18649621421333175545529662093565090924632927783981031992410338419231313408461347575123, 74598485685332702182118648374260363698531711135924127969641353676925253633845390300499, 298393942741330808728474593497041454794126844543696511878565414707701014535381561202003, 1193575770965323234913898373988165819176507378174786047514261658830804058141526244808019, 4774303083861292939655593495952663276706029512699144190057046635323216232566104979232083, 19097212335445171758622373983810653106824118050796576760228186541292864930264419916928339, 76388849341780687034489495935242612427296472203186307040912746165171459721057679667713363, 305555397367122748137957983740970449709185888812745228163650984660685838884230718670853459, 1222221589468490992551831934963881798836743555250980912654603938642743355536922874683413843, 4888886357873963970207327739855527195346974221003923650618415754570973422147691498733655379, 19555545431495855880829310959422108781387896884015694602473663018283893688590765994934621523, 78222181725983423523317243837688435125551587536062778409894652073135574754363063979738486099, 312888726903933694093268975350753740502206350144251113639578608292542299017452255918953944403, 1251554907615734776373075901403014962008825400577004454558314433170169196069809023675815777619, 5006219630462939105492303605612059848035301602308017818233257732680676784279236094703263110483, 20024878521851756421969214422448239392141206409232071272933030930722707137116944378813052441939, 80099514087407025687876857689792957568564825636928285091732123722890828548467777515252209767763, 320398056349628102751507430759171830274259302547713140366928494891563314193871110061008839071059, 1281592225398512411006029723036687321097037210190852561467713979566253256775484440244035356284243, 5126368901594049644024118892146749284388148840763410245870855918265013027101937760976141425136979, 20505475606376198576096475568586997137552595363053640983483423673060052108407751043904565700547923, 82021902425504794304385902274347988550210381452214563933933694692240208433631004175618262802191699, 328087609702019177217543609097391954200841525808858255735734778768960833734524016702473051208766803, 1312350438808076708870174436389567816803366103235433022942939115075843334938096066809892204835067219, 5249401755232306835480697745558271267213464412941732091771756460303373339752384267239568819340268883, 20997607020929227341922790982233085068853857651766928367087025841213493359009537068958275277361075539, 83990428083716909367691163928932340275415430607067713468348103364853973436038148275833101109444302163, 335961712334867637470764655715729361101661722428270853873392413459415893744152593103332404437777208659, 1343846849339470549883058622862917444406646889713083415493569653837663574976610372413329617751108834643, 5375387397357882199532234491451669777626587558852333661974278615350654299906441489653318471004435338579, 21501549589431528798128937965806679110506350235409334647897114461402617199625765958613273884017741354323, 86006198357726115192515751863226716442025400941637338591588457845610468798503063834453095536070965417299, 344024793430904460770063007452906865768101603766549354366353831382441875194012255337812382144283861669203, 1376099173723617843080252029811627463072406415066197417465415325529767500776049021351249528577135446676819, 5504396694894471372321008119246509852289625660264789669861661302119070003104196085404998114308541786707283, 22017586779577885489284032476986039409158502641059158679446645208476280012416784341619992457234167146829139, 88070347118311541957136129907944157636634010564236634717786580833905120049667137366479969828936668587316563, 352281388473246167828544519631776630546536042256946538871146323335620480198668549465919879315746674349266259, 1409125553892984671314178078527106522186144169027786155484585293342481920794674197863679517262986697397065043, 5636502215571938685256712314108426088744576676111144621938341173369927683178696791454718069051946789588260179, 22546008862287754741026849256433704354978306704444578487753364693479710732714787165818872276207787158353040723, 90184035449151018964107397025734817419913226817778313951013458773918842930859148663275489104831148633412162899, 360736141796604075856429588102939269679652907271113255804053835095675371723436594653101956419324594533648651603, 1442944567186416303425718352411757078718611629084453023216215340382701486893746378612407825677298378134594606419, 5771778268745665213702873409647028314874446516337812092864861361530805947574985514449631302709193512538378425683, 23087113074982660854811493638588113259497786065351248371459445446123223790299942057798525210836774050153513702739, 92348452299930643419245974554352453037991144261404993485837781784492895161199768231194100843347096200614054810963, 369393809199722573676983898217409812151964577045619973943351127137971580644799072924776403373388384802456219243859, 1477575236798890294707935592869639248607858308182479895773404508551886322579196291699105613493553539209824876975443, 5910300947195561178831742371478556994431433232729919583093618034207545290316785166796422453974214156839299507901779, 23641203788782244715326969485914227977725732930919678332374472136830181161267140667185689815896856627357198031607123, 94564815155128978861307877943656911910902931723678713329497888547320724645068562668742759263587426509428792126428499, 378259260620515915445231511774627647643611726894714853317991554189282898580274250674971037054349706037715168505714003, 1513037042482063661780926047098510590574446907578859413271966216757131594321097002699884148217398824150860674022856019, 6052148169928254647123704188394042362297787630315437653087864867028526377284388010799536592869595296603442696091424083, 24208592679713018588494816753576169449191150521261750612351459468114105509137552043198146371478381186413770784365696339, 96834370718852074353979267014304677796764602085047002449405837872456422036550208172792585485913524745655083137462785363, 387337482875408297415917068057218711187058408340188009797623351489825688146200832691170341943654098982620332549851141459, 1549349931501633189663668272228874844748233633360752039190493405959302752584803330764681367774616395930481330199404565843]
len(predicted_full) = 200, len(input_sequence + seq_pred) = 200
is_manual_check: False
