test results being evaluated: data/test_linrec15.tsv
csv file used: ../linear_database_newbl.csv
The sequence ID inspected: A037622
csv results file used: ../linear_database_newbl.csv
Results we are looking at now:
('Could you give me a recursive equation in a form of a Python code for the following number sequence: 2,16,131,1050,8400,67203,537626,4301008,34408067,275264538,2202116304', 'Certainly, the Python code is the following: lambda a_n: 8 * a_n[-1] - -7 - 9')

Experiment type: Evaluation of the results of llms.
Ground truth: 
[2, 16, 131, 1050, 8400, 67203, 537626, 4301008, 34408067, 275264538, 2202116304, 17616930435, 140935443482, 1127483547856, 9019868382851, 72158947062810, 577271576502480, 4618172612019843, 36945380896158746, 295563047169269968, 2364504377354159747, 18916035018833277978, 151328280150666223824, 1210626241205329790595, 9685009929642638324762, 77480079437141106598096, 619840635497128852784771, 4958725083977030822278170, 39669800671816246578225360, 317358405374529972625802883, 2538867242996239781006423066, 20310937943969918248051384528, 162487503551759345984411076227, 1299900028414074767875288609818, 10399200227312598143002308878544, 83193601818500785144018471028355, 665548814548006281152147768226842, 5324390516384050249217182145814736, 42595124131072401993737457166517891, 340760993048579215949899657332143130, 2726087944388633727599197258657145040, 21808703555109069820793578069257160323, 174469628440872558566348624554057282586, 1395757027526980468530788996432458260688, 11166056220215843748246311971459666085507, 89328449761726749985970495771677328684058, 714627598093813999887763966173418629472464, 5717020784750511999102111729387349035779715, 45736166278004095992816893835098792286237722, 365889330224032767942535150680790338289901776, 2927114641792262143540281205446322706319214211, 23416917134338097148322249643570581650553713690, 187335337074704777186577997148564653204429709520, 1498682696597638217492623977188517225635437676163, 11989461572781105739940991817508137805083501409306, 95915692582248845919527934540065102440668011274448, 767325540657990767356223476320520819525344090195587, 6138604325263926138849787810564166556202752721564698, 49108834602111409110798302484513332449622021772517584, 392870676816891272886386419876106659596976174180140675, 3142965414535130183091091359008853276775809393441125402, 25143723316281041464728730872070826214206475147529003216, 201149786530248331717829846976566609713651801180232025731, 1609198292241986653742638775812532877709214409441856205850, 12873586337935893229941110206500263021673715275534849646800, 102988690703487145839528881652002104173389722204278797174403, 823909525627897166716231053216016833387117777634230377395226, 6591276205023177333729848425728134667096942221073843019161808, 52730209640185418669838787405825077336775537768590744153294467, 421841677121483349358710299246600618694204302148725953226355738, 3374733416971866794869682393972804949553634417189807625810845904, 26997867335774934358957459151782439596429075337518461006486767235, 215982938686199474871659673214259516771432602700147688051894137882, 1727863509489595798973277385714076134171460821601181504415153103056, 13822908075916766391786219085712609073371686572809452035321224824451, 110583264607334131134289752685700872586973492582475616282569798595610, 884666116858673049074318021485606980695787940659804930260558388764880, 7077328934869384392594544171884855845566303525278439442084467110119043, 56618631478955075140756353375078846764530428202227515536675736880952346, 452949051831640601126050827000630774116243425617820124293405895047618768, 3623592414653124809008406616005046192929947404942560994347247160380950147, 28988739317224998472067252928040369543439579239540487954777977283047601178, 231909914537799987776538023424322956347516633916323903638223818264380809424, 1855279316302399902212304187394583650780133071330591229105790546115046475395, 14842234530419199217698433499156669206241064570644729832846324368920371803162, 118737876243353593741587467993253353649928516565157838662770594951362974425296, 949903009946828749932699743946026829199428132521262709302164759610903795402371, 7599224079574629999461597951568214633595425060170101674417318076887230363218970, 60793792636597039995692783612545717068763400481360813395338544615097842905751760, 486350341092776319965542268900365736550107203850886507162708356920782743246014083, 3890802728742210559724338151202925892400857630807092057301666855366261945968112666, 31126421829937684477794705209623407139206861046456736458413334842930095567744901328, 249011374639501475822357641676987257113654888371653891667306678743440764541959210627, 1992090997116011806578861133415898056909239106973231133338453429947526116335673685018, 15936727976928094452630889067327184455273912855785849066707627439580208930685389480144, 127493823815424755621047112538617475642191302846286792533661019516641671445483115841155, 1019950590523398044968376900308939805137530422770294340269288156133133371563864926729242, 8159604724187184359747015202471518441100243382162354722154305249065066972510919413833936, 65276837793497474877976121619772147528801947057298837777234441992520535780087355310671491, 522214702347979799023808972958177180230415576458390702217875535940164286240698842485371930, 4177717618783838392190471783665417441843324611667125617743004287521314289925590739882975440, 33421740950270707137523774269323339534746596893337004941944034300170514319404725919063803523, 267373927602165657100190194154586716277972775146696039535552274401364114555237807352510428186, 2138991420817325256801521553236693730223782201173568316284418195210912916441902458820083425488, 17111931366538602054412172425893549841790257609388546530275345561687303331535219670560667403907, 136895450932308816435297379407148398734322060875108372242202764493498426652281757364485339231258, 1095163607458470531482379035257187189874576487000866977937622115947987413218254058915882713850064, 8761308859667764251859032282057497518996611896006935823500976927583899305746032471327061710800515, 70090470877342114014872258256459980151972895168055486588007815420671194445968259770616493686404122, 560723767018736912118978066051679841215783161344443892704062523365369555567746078164931949491232976, 4485790136149895296951824528413438729726265290755551141632500186922956444541968625319455595929863811, 35886321089199162375614596227307509837810122326044409133060001495383651556335749002555644767438910490, 287090568713593299004916769818460078702480978608355273064480011963069212450685992020445158139511283920, 2296724549708746392039334158547680629619847828866842184515840095704553699605487936163561265116090271363, 18373796397669971136314673268381445036958782630934737476126720765636429596843903489308490120928722170906, 146990371181359769090517386147051560295670261047477899809013766125091436774751227914467920967429777367248, 1175922969450878152724139089176412482365362088379823198472110129000731494198009823315743367739438218937987, 9407383755607025221793112713411299858922896707038585587776881032005851953584078586525946941915505751503898, 75259070044856201774344901707290398871383173656308684702215048256046815628672628692207575535324046012031184, 602072560358849614194759213658323190971065389250469477617720386048374525029381029537660604282592368096249475, 4816580482870796913558073709266585527768523114003755820941763088386996200235048236301284834260738944769995802, 38532643862966375308464589674132684222148184912030046567534104707095969601880385890410278674085911558159966416, 308261150903731002467716717393061473777185479296240372540272837656767756815043087123282229392687292465279731331, 2466089207229848019741733739144491790217483834369922980322182701254142054520344696986257835141498339722237850650, 19728713657838784157933869913155934321739870674959383842577461610033136436162757575890062681131986717777902805200, 157829709262710273263470959305247474573918965399675070740619692880265091489302060607120501449055893742223222441603, 1262637674101682186107767674441979796591351723197400565924957543042120731914416484856964011592447149937785779532826, 10101101392813457488862141395535838372730813785579204527399660344336965855315331878855712092739577199502286236262608, 80808811142507659910897131164286706981846510284633636219197282754695726842522655030845696741916617596018289890100867, 646470489140061279287177049314293655854772082277069089753578262037565814740181240246765573935332940768146319120806938, 5171763913120490234297416394514349246838176658216552718028626096300526517921449921974124591482663526145170552966455504, 41374111304963921874379331156114793974705413265732421744229008770404212143371599375792996731861308209161364423731644035, 330992890439711374995034649248918351797643306125859373953832070163233697146972795006343973854890465673290915389853152282, 2647943123517690999960277193991346814381146449006874991630656561305869577175782360050751790839123725386327323118825218256, 21183544988141527999682217551930774515049171592054999933045252490446956617406258880406014326712989803090618584950601746051, 169468359905132223997457740415446196120393372736439999464362019923575652939250071043248114613703918424724948679604813968410, 1355746879241057791979661923323569568963146981891519995714896159388605223514000568345984916909631347397799589436838511747280, 10845975033928462335837295386588556551705175855132159965719169275108841788112004546767879335277050779182396715494708093978243, 86767800271427698686698363092708452413641406841057279725753354200870734304896036374143034682216406233459173723957664751825946, 694142402171421589493586904741667619309131254728458237806026833606965874439168290993144277457731249867673389791661318014607568, 5553139217371372715948695237933340954473050037827665902448214668855726995513346327945154219661849998941387118333290544116860547, 44425113738970981727589561903466727635784400302621327219585717350845815964106770623561233757294799991531096946666324352934884378, 355400909911767853820716495227733821086275202420970617756685738806766527712854164988489870058358399932248775573330594823479075024, 2843207279294142830565731961821870568690201619367764942053485910454132221702833319907918960466867199457990204586644758587832600195, 22745658234353142644525855694574964549521612954942119536427887283633057773622666559263351683734937595663921636693158068702660801562, 181965265874825141156206845556599716396172903639536956291423098269064462188981332474106813469879500765311373093545264549621286412496, 1455722126998601129249654764452797731169383229116295650331384786152515697511850659792854507759036006122490984748362116396970291299971, 11645777015988809033997238115622381849355065832930365202651078289220125580094805278342836062072288048979927877986896931175762330399770, 93166216127910472271977904924979054794840526663442921621208626313761004640758442226742688496578304391839423023895175449406098643198160, 745329729023283778175823239399832438358724213307543372969669010510088037126067537813941507972626435134715384191161403595248789145585283, 5962637832186270225406585915198659506869793706460346983757352084080704297008540302511532063781011481077723073529291228761990313164682266, 47701102657490161803252687321589276054958349651682775870058816672645634376068322420092256510248091848621784588234329830095922505317458128, 381608821259921294426021498572714208439666797213462206960470533381165075008546579360738052081984734788974276705874638640767380042539665027, 3052870570079370355408171988581713667517334377707697655683764267049320600068372634885904416655877878311794213646997109126139040340317320218, 24422964560634962843265375908653709340138675021661581245470114136394564800546981079087235333247023026494353709175976873009112322722538561744, 195383716485079702746123007269229674721109400173292649963760913091156518404375848632697882665976184211954829673407814984072898581780308493955, 1563069731880637621968984058153837397768875201386341199710087304729252147235006789061583061327809473695638637387262519872583188654242467951642, 12504557855045100975751872465230699182151001611090729597680698437834017177880054312492664490622475789565109099098100158980665509233939743613136, 100036462840360807806014979721845593457208012888725836781445587502672137423040434499941315924979806316520872792784801271845324073871517948905091, 800291702722886462448119837774764747657664103109806694251564700021377099384323475999530527399838450532166982342278410174762592590972143591240730, 6402333621783091699584958702198117981261312824878453554012517600171016795074587807996244219198707604257335858738227281398100740727777148729925840, 51218668974264733596679669617584943850090502599027628432100140801368134360596702463969953753589660834058686869905818251184805925822217189839406723, 409749351794117868773437356940679550800724020792221027456801126410945074884773619711759630028717286672469494959246546009478447406577737518715253786, 3277994814352942950187498855525436406405792166337768219654409011287560599078188957694077040229738293379755959673972368075827579252621900149722030288, 26223958514823543601499990844203491251246337330702145757235272090300484792625511661552616321837906347038047677391778944606620634020975201197776242307, 209791668118588348811999926753627930009970698645617166057882176722403878341004093292420930574703250776304381419134231556852965072167801609582209938458, 1678333344948706790495999414029023440079765589164937328463057413779231026728032746339367444597626006210435051353073852454823720577342412876657679507664, 13426666759589654323967995312232187520638124713319498627704459310233848213824261970714939556781008049683480410824590819638589764618739303013261436061315, 107413334076717234591743962497857500165104997706555989021635674481870785710594095765719516454248064397467843286596726557108718116949914424106091488490522, 859306672613737876733951699982860001320839981652447912173085395854966285684752766125756131633984515179742746292773812456869744935599315392848731907924176, 6874453380909903013871613599862880010566719853219583297384683166839730285478022129006049053071876121437941970342190499654957959484794523142789855263393411, 54995627047279224110972908798903040084533758825756666379077465334717842283824177032048392424575008971503535762737523997239663675878356185142318842107147290, 439965016378233792887783270391224320676270070606053331032619722677742738270593416256387139396600071772028286101900191977917309407026849481138550736857178320, 3519720131025870343102266163129794565410160564848426648260957781421941906164747330051097115172800574176226288815201535823338475256214795849108405894857426563, 28157761048206962744818129305038356523281284518787413186087662251375535249317978640408776921382404593409810310521612286586707802049718366792867247158859412506, 225262088385655701958545034440306852186250276150299305488701298011004281994543829123270215371059236747278482484172898292693662416397746934342937977270875300048, 1802096707085245615668360275522454817490002209202394443909610384088034255956350632986161722968473893978227859873383186341549299331181975474743503818167002400387, 14416773656681964925346882204179638539920017673619155551276883072704274047650805063889293783747791151825822878987065490732394394649455803797948030545336019203098, 115334189253455719402775057633437108319360141388953244410215064581634192381206440511114350269982329214606583031896523925859155157195646430383584244362688153624784, 922673514027645755222200461067496866554881131111625955281720516653073539049651524088914802159858633716852664255172191406873241257565171443068673954901505228998275, 7381388112221166041777603688539974932439049048893007642253764133224588312397212192711318417278869069734821314041377531254985930060521371544549391639212041831986202, 59051104897769328334220829508319799459512392391144061138030113065796706499177697541690547338230952557878570512331020250039887440484170972356395133113696334655889616, 472408839182154626673766636066558395676099139129152489104240904526373651993421580333524378705847620463028564098648162000319099523873367778851161064909570677247116931, 3779270713457237013390133088532467165408793113033219912833927236210989215947372642668195029646780963704228512789185296002552796190986942230809288519276565417976935450, 30234165707657896107121064708259737323270344904265759302671417889687913727578981141345560237174247709633828102313482368020422369527895537846474308154212523343815483600, 241873325661263168856968517666077898586162759234126074421371343117503309820631849130764481897393981677070624818507858944163378956223164302771794465233700186750523868803, 1934986605290105350855748141328623188689302073873008595370970744940026478565054793046115855179151853416564998548062871553307031649785314422174355721869601494004190950426, 15479892842320842806845985130628985509514416590984068762967765959520211828520438344368926841433214827332519988384502972426456253198282515377394845774956811952033527603408, 123839142738566742454767881045031884076115332727872550103742127676161694628163506754951414731465718618660159907076023779411650025586260123019158766199654495616268220827267, 990713141908533939638143048360255072608922661822980400829937021409293557025308054039611317851725748949281279256608190235293200204690080984153270129597235964930145766618138, 7925705135268271517105144386882040580871381294583843206639496171274348456202464432316890542813805991594250234052865521882345601637520647873226161036777887719441166132945104, 63405641082146172136841155095056324646971050356670745653115969370194787649619715458535124342510447932754001872422924175058764813100165182985809288294223101755529329063560835, 507245128657169377094729240760450597175768402853365965224927754961558301196957723668280994740083583462032014979383393400470118504801321463886474306353784814044234632508486682, 4057961029257355016757833926083604777406147222826927721799422039692466409575661789346247957920668667696256119835067147203760948038410571711091794450830278512353877060067893456, 32463688234058840134062671408668838219249177782615421774395376317539731276605294314769983663365349341570048958680537177630087584307284573688734355606642228098831016480543147651, 259709505872470721072501371269350705753993422260923374195163010540317850212842354518159869306922794732560391669444297421040700674458276589509874844853137824790648131844345181210, 2077676046979765768580010970154805646031947378087386993561304084322542801702738836145278954455382357860483133355554379368325605395666212716078998758825102598325185054754761449680, 16621408375838126148640087761238445168255579024699095948490432674580342413621910689162231635643058862883865066844435034946604843165329701728631990070600820786601480438038091597443, 132971267006705009189120702089907561346044632197592767587923461396642739308975285513297853085144470903070920534755480279572838745322637613829055920564806566292811843504304732779546, 1063770136053640073512965616719260490768357057580742140703387691173141914471802284106382824681155767224567364278043842236582709962581100910632447364518452530342494748034437862236368]
Predicted:    
[2, 16, 131, 1050, 8400, 67203, 537626, 4301008, 34408067, 275264538, 2202116304, 17616930430, 140935443438, 1127483547502, 9019868380014, 72158947040110, 577271576320878, 4618172610567022, 36945380884536174, 295563047076289390, 2364504376610315118, 18916035012882520942, 151328280103060167534, 1210626240824481340270, 9685009926595850722158, 77480079412766805777262, 619840635302134446218094, 4958725082417075569744750, 39669800659336604557957998, 317358405274692836463663982, 2538867242197542691709311854, 20310937937580341533674494830, 162487503500642732269395958638, 1299900028005141858155167669102, 10399200224041134865241341352814, 83193601792329078921930730822510, 665548814338632631375445846580078, 5324390514709061051003566772640622, 42595124117672488408028534181124974, 340760992941379907264228273448999790, 2726087943531039258113826187591998318, 21808703548248314064910609500735986542, 174469628385986512519284876005887892334, 1395757027087892100154279008047103138670, 11166056216703136801234232064376825109358, 89328449733625094409873856515014600874862, 714627597869000755278990852120116806998894, 5717020782952006042231926816960934455991150, 45736166263616048337855414535687475647929198, 365889330108928386702843316285499805183433582, 2927114640871427093622746530283998441467468654, 23416917126971416748981972242271987531739749230, 187335337015771333991855777938175900253917993838, 1498682696126170671934846223505407202031343950702, 11989461569009365375478769788043257616250751605614, 95915692552074923003830158304346060930006012844910, 767325540416599384030641266434768487440048102759278, 6138604323332795072245130131478147899520384822074222, 49108834586662360577961041051825183196163078576593774, 392870676693298884623688328414601465569304628612750190, 3142965413546391076989506627316811724554437028902001518, 25143723308371128615916053018534493796435496231216012142, 201149786466969028927328424148275950371483969849728097134, 1609198291735752231418627393186207602971871758797824777070, 12873586333886017851349019145489660823774974070382598216558, 102988690671088142810792153163917286590199792563060785732462, 823909525368705142486337225311338292721598340504486285859694, 6591276202949641139890697802490706341772786724035890286877550, 52730209623597129119125582419925650734182293792287122295020398, 421841676988777032953004659359405205873458350338296978360163182, 3374733415910216263624037274875241646987666802706375826881305454, 26997867327281730108992298199001933175901334421651006615050443630, 215982938618253840871938385592015465407210675373208052920403549038, 1727863508946030726975507084736123723257685402985664423363228392302, 13822908071568245815804056677888989786061483223885315386905827138414, 110583264572545966526432453423111918288491865791082523095246617107310, 884666116580367732211459627384895346307934926328660184761972936858478, 7077328932642941857691677019079162770463479410629281478095783494867822, 56618631461143534861533416152633302163707835285034251824766267958942574, 452949051689148278892267329221066417309662682280274014598130143671540590, 3623592413513186231138138633768531338477301458242192116785041149372324718, 28988739308105489849105109070148250707818411665937536934280329194978597742, 231909914464843918792840872561186005662547293327500295474242633559828781934, 1855279315718751350342726980489488045300378346620002363793941068478630255470, 14842234525750010802741815843915904362403026772960018910351528547829042043758, 118737876206000086421934526751327234899224214183680151282812228382632336350062, 949903009648000691375476214010617879193793713469441210262497827061058690800494, 7599224077184005531003809712084943033550349707755529682099982616488469526403950, 60793792617472044248030477696679544268402797662044237456799860931907756211231598, 486350340939776353984243821573436354147222381296353899654398887455262049689852782, 3890802727518210831873950572587490833177779050370831197235191099642096397518822254, 31126421820145686654991604580699926665422232402966649577881528797136771180150578030, 249011374561165493239932836645599413323377859223733196623052230377094169441204624238, 1992090996489323945919462693164795306587022873789865572984417843016753355529636993902, 15936727971914591567355701545318362452696182990318924583875342744134026844237095951214, 127493823775316732538845612362546899621569463922551396671002741953072214753896767609710, 1019950590202533860310764898900375196972555711380411173368021935624577718031174140877678, 8159604721620270882486119191203001575780445691043289386944175484996621744249393127021422, 65276837772962167059888953529624012606243565528346315095553403879972973953995145016171374, 522214702183697336479111628236992100849948524226770520764427231039783791631961160129370990, 4177717617469578691832893025895936806799588193814164166115417848318270333055689281034967918, 33421740939756629534663144207167494454396705550513313328923342786546162664445514248279743342, 267373927518053036277305153657339955635173644404106506631386742292369301315564113986237946734, 2138991420144424290218441229258719645081389155232852053051093938338954410524512911889903573870, 17111931361155394321747529834069757160651113241862816424408751506711635284196103295119228590958, 136895450889243154573980238672558057285208905934902531395270012053693082273568826360953828727662, 1095163607113945236591841909380464458281671247479220251162160096429544658188550610887630629821294, 8761308856911561892734735275043715666253369979833762009297280771436357265508404887101045038570350, 70090470855292495141877882200349725330026959838670096074378246171490858124067239096808360308562798, 560723766842339961135023057602797802640215678709360768595025969371926864992537912774466882468502382, 4485790134738719689080184460822382421121725429674886148760207754975414919940303302195735059748019054, 35886321077909757512641475686579059368973803437399089190081662039803319359522426417565880477984152430, 287090568623278060101131805492632474951790427499192713520653296318426554876179411340527043823873219438, 2296724548986224480809054443941059799614323419993541708165226370547412439009435290724216350590985755502, 18373796391889795846472435551528478396914587359948333665321810964379299512075482325793730804727886044014, 146990371135118366771779484412227827175316698879586669322574487715034396096603858606349846437823088352110, 1175922969080946934174235875297822617402533591036693354580595901720275168772830868850798771502584706816878, 9407383752647575473393887002382580939220268728293546836644767213762201350182646950806390172020677654535022, 75259070021180603787151096019060647513762149826348374693158137710097610801461175606451121376165421236280174, 602072560169444830297208768152485180110097198610786997545265101680780886411689404851608971009323369890241390, 4816580481355558642377670145219881440880777588886295980362120813446247091293515238812871768074586959121931118, 38532643850844469139021361161759051527046220711090367842896966507569976730348121910502974144596695672975448942, 308261150806755753112170889294072412216369765688722942743175732060559813842784975284023793156773565383803591534, 2466089206454046024897367114352579297730958125509783541945405856484478510742279802272190345254188523070428732270, 19728713651632368199178936914820634381847665004078268335563246851875828085938238418177522762033508184563429858158, 157829709213058945593431495318565075054781320032626146684505974815006624687505907345420182096268065476507438865262, 1262637673704471564747451962548520600438250560261009173476047798520052997500047258763361456770144523812059510922094, 10101101389635772517979615700388164803506004482088073387808382388160423980000378070106891654161156190496476087376750, 80808811117086180143836925603105318428048035856704587102467059105283391840003024560855133233289249523971808699013998, 646470488936689441150695404824842547424384286853636696819736472842267134720024196486841065866313996191774469592111982, 5171763911493515529205563238598740379395074294829093574557891782738137077760193571894728526930511969534195756736895854, 41374111291948124233644505908789923035160594358632748596463134261905096622081548575157828215444095756273566053895166830, 330992890335584993869156047270319384281284754869061988771705074095240772976652388601262625723552766050188528431161334638, 2647943122684679950953248378162555074250278038952495910173640592761926183813219108810101005788422128401508227449290677102, 21183544981477439607625987025300440594002224311619967281389124742095409470505752870480808046307377027212065819594325416814, 169468359851819516861007896202403524752017794492959738251112997936763275764046022963846464370459016217696526556754603334510, 1355746878814556134888063169619228198016142355943677906008903983494106206112368183710771714963672129741572212454036826676078, 10845975030516449079104505356953825584129138847549423248071231867952849648898945469686173719709377037932577699632294613408622, 86767800244131592632836042855630604673033110780395385984569854943622797191191563757489389757675016303460621597058356907268974, 694142401953052741062688342845044837384264886243163087876558839548982377529532510059915118061400130427684972776466855258151790, 5553139215624421928501506742760358699074119089945304703012470716391859020236260080479320944491201043421479782211734842065214318, 44425113724995375428012053942082869592592952719562437624099765731134872161890080643834567555929608347371838257693878736521714542, 355400909799963003424096431536662956740743621756499500992798125849078977295120645150676540447436866778974706061551029892173716334, 2843207278399704027392771452293303653925948974051996007942385006792631818360965161205412323579494934231797648492408239137389730670, 22745658227197632219142171618346429231407591792415968063539080054341054546887721289643298588635959473854381187939265913099117845358, 181965265817581057753137372946771433851260734339327744508312640434728436375101770317146388709087675790835049503514127304792942762862, 1455722126540648462025098983574171470810085874714621956066501123477827491000814162537171109672701406326680396028113018438343542102894, 11645777012325187696200791868593371766480686997716975648532008987822619928006513300297368877381611250613443168224904147506748336823150, 93166216098601501569606334948746974131845495981735805188256071902580959424052106402378951019052890004907545345799233180053986694585198, 745329728788812012556850679589975793054763967853886441506048575220647675392416851219031608152423120039260362766393865440431893556681582, 5962637830310496100454805436719806344438111742831091532048388601765181403139334809752252865219384960314082902131150923523455148453452654, 47701102642483968803638443493758450755504893942648732256387108814121451225114678478018022921755079682512663217049207388187641187627621230, 381608821139871750429107547950067606044039151541189858051096870512971609800917427824144183374040637460101305736393659105501129501020969838, 3052870569118974003432860383600540848352313212329518864408774964103772878407339422593153466992325099680810445891149272844009036008167758702, 24422964552951792027462883068804326786818505698636150915270199712830183027258715380745227735938600797446483567129194182752072288065342069614, 195383716423614336219703064550434614294548045589089207322161597702641464218069723045961821887508806379571868537033553462016578304522736556910, 1563069731388914689757624516403476914356384364712713658577292781621131713744557784367694575100070451036574948296268427696132626436181892455278, 12504557851111317518060996131227815314851074917701709268618342252969053709956462274941556600800563608292599586370147421569061011489455139642222, 100036462808890540144487969049822522518808599341613674148946738023752429679651698199532452806404508866340796690961179372552488091915641117137774, 800291702471124321155903752398580180150468794732909393191573904190019437437213585596259622451236070930726373527689434980419904735325128937102190, 6402333619768994569247230019188641441203750357863275145532591233520155499497708684770076979609888567445810988221515479843359237882601031496817518, 51218668958151956553977840153509131529630002862906201164260729868161243995981669478160615836879108539566487905772123838746873903060808251974540142, 409749351665215652431822721228073052237040022903249609314085838945289951967853355825284926695032868316531903246176990709974991224486466015796321134, 3277994813321725219454581769824584417896320183225996874512686711562319615742826846602279413560262946532255225969415925679799929795891728126370569070, 26223958506573801755636654158596675343170561465807974996101493692498556925942614772818235308482103572258041807755327405438399438367133825010964552558, 209791668052590414045093233268773402745364491726463799968811949539988455407540918182545882467856828578064334462042619243507195506937070600087716420462, 1678333344420723312360745866150187221962915933811710399750495596319907643260327345460367059742854628624514675696340953948057564055496564800701731363694, 13426666755365786498885966929201497775703327470493683198003964770559261146082618763682936477942837028996117405570727631584460512443972518405613850909550, 107413334042926291991087735433611982205626619763949465584031718164474089168660950109463491823542696231968939244565821052675684099551780147244910807276398, 859306672343410335928701883468895857645012958111595724672253745315792713349287600875707934588341569855751513956526568421405472796414241177959286458211182, 6874453378747282687429615067751166861160103664892765797378029962526341706794300807005663476706732558846012111652212547371243782371313929423674291665689454, 54995627029978261499436920542009334889280829319142126379024239700210733654354406456045307813653860470768096893217700378969950258970511435389394333325515630, 439965016239826091995495364336074679114246634553137011032193917601685869234835251648362462509230883766144775145741603031759602071764091483115154666604125038, 3519720129918608735963962914688597432913973076425096088257551340813486953878682013186899700073847070129158201165932824254076816574112731864921237332833000302, 28157761039348869887711703317508779463311784611400768706060410726507895631029456105495197600590776561033265609327462594032614532592901854919369898662664002414, 225262088314790959101693626540070235706494276891206149648483285812063165048235648843961580804726212488266124874619700752260916260743214839354959189301312019310, 1802096706518327672813549012320561885651954215129649197187866286496505320385885190751692646437809699906128998996957606018087330085945718714839673514410496154478, 14416773652146621382508392098564495085215633721037193577502930291972042563087081526013541171502477599249031991975660848144698640687565749718717388115283969235822, 115334189217172971060067136788515960681725069768297548620023442335776340504696652208108329372019820793992255935805286785157589125500525997749739104922271753886574, 922673513737383768480537094308127685453800558146380388960187538686210724037573217664866634976158566351938047486442294281260713004004207981997912839378174031092590, 7381388109899070147844296754465021483630404465171043111681500309489685792300585741318933079809268530815504379891538354250085704032033663855983302715025392248740718, 59051104879192561182754374035720171869043235721368344893452002475917486338404685930551464638474148246524035039132306834000685632256269310847866421720203137989925742, 472408839033540489462034992285761374952345885770946759147616019807339890707237487444411717107793185972192280313058454672005485058050154486782931373761625103919405934, 3779270712268323915696279938286090999618767086167574073180928158458719125657899899555293736862345487777538242504467637376043880464401235894263450990093000831355247470, 30234165698146591325570239506288727996950136689340592585447425267669753005263199196442349894898763902220305940035741099008351043715209887154107607920744006650841979758, 241873325585172730604561916050309823975601093514724740683579402141358024042105593571538799159190111217762447520285928792066808349721679097232860863365952053206735838062, 1934986604681381844836495328402478591804808748117797925468635217130864192336844748572310393273520889742099580162287430336534466797773432777862886906927616425653886704494, 15479892837451054758691962627219828734438469984942383403749081737046913538694757988578483146188167117936796641298299442692275734382187462222903095255420931405231093635950, 123839142699608438069535701017758629875507759879539067229992653896375308309558063908627865169505336943494373130386395541538205875057499697783224762043367451241848749087598, 990713141596867504556285608142069039004062079036312537839941231171002466476464511269022921356042695547954985043091164332305647000459997582265798096346939609934789992700782, 7925705132774940036450284865136552312032496632290500302719529849368019731811716090152183370848341564383639880344729314658445176003679980658126384770775516879478319941606254, 63405641062199520291602278921092418496259973058324002421756238794944157854493728721217466966786732515069119042757834517267561408029439845265011078166204135035826559532850030, 507245128497596162332818231368739347970079784466592019374049910359553262835949829769739735734293860120552952342062676138140491264235518762120088625329633080286612476262800238, 4057961027980769298662545850949914783760638275732736154992399282876426102687598638157917885874350880964423618736501409105123930113884150096960709002637064642292899810102401902, 32463688223846154389300366807599318270085106205861889239939194263011408821500789105263343086994807047715388949892011272840991440911073200775685672021096517138343198480819215214, 259709505790769235114402934460794546160680849646895113919513554104091270572006312842106744695958456381723111599136090182727931527288585606205485376168772137106745587846553721710, 2077676046326153880915223475686356369285446797175160911356108432832730164576050502736853957567667651053784892793088721461823452218308684849643883009350177096853964702772429773678, 16621408370609231047321787805490850954283574377401287290848867462661841316608404021894831660541341208430279142344709771694587617746469478797151064074801416774831717622179438189422, 132971266964873848378574302443926807634268595019210298326790939701294730532867232175158653284330729667442233138757678173556700941971755830377208512598411334198653740977435505515374, 1063770135718990787028594419551414461074148760153682386614327517610357844262937857401269226274645837339537865110061425388453607535774046643017668100787290673589229927819484044122990]
len(predicted_full) = 200, len(input_sequence + seq_pred) = 200
is_manual_check: False
