test results being evaluated: data/test_linrec15.tsv
csv file used: ../linear_database_newbl.csv
The sequence ID inspected: A037761
csv results file used: ../linear_database_newbl.csv
Results we are looking at now:
('Could you give me a recursive equation in a form of a Python code for the following number sequence: 3,21,148,1038,7269,50883,356182,2493276,17452935,122170545,855193816,5986356714', 'Certainly, the Python code is the following: lambda a_n: 7 * a_n[-1] - 2')

Experiment type: Evaluation of the results of llms.
Ground truth: 
[3, 21, 148, 1038, 7269, 50883, 356182, 2493276, 17452935, 122170545, 855193816, 5986356714, 41904497001, 293331479007, 2053320353050, 14373242471352, 100612697299467, 704288881096269, 4930022167673884, 34510155173717190, 241571086216020333, 1690997603512142331, 11836983224584996318, 82858882572094974228, 580012178004664819599, 4060085246032653737193, 28420596722228576160352, 198944177055600033122466, 1392609239389200231857265, 9748264675724401623000855, 68237852730070811361005986, 477664969110495679527041904, 3343654783773469756689293331, 23405583486414288296825053317, 163839084404900018077775373220, 1146873590834300126544427612542, 8028115135840100885810993287797, 56196805950880706200676953014579, 393377641656164943404738671102054, 2753643491593154603833170697714380, 19275504441152082226832194884000663, 134928531088064575587825364188004641, 944499717616452029114777549316032488, 6611498023315164203803442845212227418, 46280486163206149426624099916485591929, 323963403142443045986368699415399143503, 2267743821997101321904580895907794004522, 15874206753979709253332066271354558031656, 111119447277857964773324463899481906221595, 777836130945005753413271247296373343551165, 5444852916615040273892898731074613404858156, 38113970416305281917250291117522293834007094, 266797792914136973420752037822656056838049661, 1867584550398958813945264264758592397866347627, 13073091852792711697616849853310146785064433390, 91511642969548981883317948973171027495451033732, 640581500786842873183225642812197192468157236127, 4484070505507900112282579499685380347277100652889, 31388493538555300785978056497797662430939704570224, 219719454769887105501846395484583637016577931991570, 1538036183389209738512924768392085459116045523940993, 10766253283724468169590473378744598213812318667586951, 75363772986071277187133313651212187496686230673108658, 527546410902498940309933195558485312476803614711760608, 3692824876317492582169532368909397187337625302982324259, 25849774134222448075186726582365780311363377120876269813, 180948418939557136526307086076560462179543639846133888692, 1266638932576899955684149602535923235256805478922937220846, 8866472528038299689789047217751462646797638352460560545925, 62065307696268097828523330524260238527583468467223923821475, 434457153873876684799663313669821669693084279270567466750326, 3041200077117136793597643195688751687851589954893972267252284, 21288400539819957555183502369821261814961129684257805870765991, 149018803778739702886284516588748832704727907789804641095361937, 1043131626451177920203991616121241828933095354528632487667533560, 7301921385158245441427941312848692802531667481700427413672734922, 51113449696107718089995589189940849617721672371902991895709144457, 357794147872754026629969124329585947324051706603320943269964011199, 2504559035109278186409783870307101631268361946223246602889748078394, 17531913245764947304868487092149711418878533623562726220228236548760, 122723392720354631134079409645047979932149735364939083541597655841323, 859063749042482417938555867515335859525048147554573584791183590889261, 6013446243297376925569891072607351016675337032882015093538285136224828, 42094123703081638478989237508251457116727359230174105654767995953573798, 294658865921571469352924662557760199817091514611218739583375971675016589, 2062612061451000285470472637904321398719640602278531177083631801725116123, 14438284430157001998293308465330249791037484215949718239585422612075812862, 101067991011099013988053159257311748537262389511648027677097958284530690036, 707475937077693097916372114801182239760836726581536193739685707991714830255, 4952331559543851685414604803608275678325857086070753356177799955942003811785, 34666320916806961797902233625257929748280999602495273493244599691594026682496, 242664246417648732585315635376805508237966997217466914452712197841158186777474, 1698649724923541128097209447637638557665768980522268401168985384888107307442321, 11890548074464787896680466133463469903660382863655878808182897694216751152096247, 83233836521253515276763262934244289325622680045591151657280283859517258064673730, 582636855648774606937342840539710025279358760319138061600961987016620806452716112, 4078457989541422248561399883777970176955511322233966431206733909116345645169012787, 28549205926789955739929799186445791238688579255637765018447137363814419516183089509, 199844441487529690179508594305120538670820054789464355129129961546700936613281626564, 1398911090412707831256560160135843770695740383526250485903909730826906556292971385950, 9792377632888954818795921120950906394870182684683753401327368115788345894050799701653, 68546643430222683731571447846656344764091278792786273809291576810518421258355597911571, 479826504011558786121000134926594413348638951549503916665041037673628948808489185380998, 3358785528080911502847000944486160893440472660846527416655287263715402641659424297666988, 23511498696566380519929006611403126254083308625925691916587010846007818491615970083668919, 164580490875964663639503046279821883778583160381479843416109075922054729441311790585682433, 1152063436131752645476521323958753186450082122670358903912763531454383106089182534099777032, 8064444052922268518335649267711272305150574858692512327389344720180681742624277738698439226, 56451108370455879628349544873978906136054024010847586291725413041264772198369944170889074585, 395157758593191157398446814117852342952378168075933104042077891288853405388589609196223522095, 2766104310152338101789127698824966400666647176531531728294545239021973837720127264373564654666, 19362730171066366712523893891774764804666530235720722098061816673153816864040890850614952582664, 135539111197464566987667257242423353632665711650045054686432716712076718048286235954304668078651, 948773778382251968913670800696963475428659981550315382805029016984537026338003651680132676550557, 6641416448675763782395695604878744328000619870852207679635203118891759184366025561760928735853900, 46489915140730346476769869234151210296004339095965453757446421832242314290562178932326501150977302, 325429405985112425337389084639058472072030373671758176302124952825696200033935252526285508056841117, 2278005841895786977361723592473409304504212615702307234114874669779873400237546767683998556397887819, 15946040893270508841532065147313865131529488309916150638804122688459113801662827373787989894785214734, 111622286252893561890724456031197055920706418169413054471628858819213796611639791616515929263496503140, 781356003770254933235071192218379391444944927185891381301402011734496576281478541315611504844475521983, 5469492026391784532645498345528655740114614490301239669109814082141476033970349789209280533911328653881, 38286444184742491728518488418700590180802301432108677683768698574990332237792448524464963737379300577168, 268005109293197442099629418930904131265616110024760743786380890024932325664547139671254746161655104040178, 1876035765052382094697405932516328918859312770173325206504666230174526279651829977698783223131585728281249, 13132250355366674662881841527614302432015189391213276445532663611221683957562809843891482561921100097968743, 91925752487566722640172890693300117024106325738492935118728645278551787702939668907240377933447700685781202, 643480267412967058481210234853100819168744280169450545831100516949862513920577682350682645534133904800468416, 4504361871890769409368471643971705734181209961186153820817703618649037597444043776454778518738937333603278915, 31530533103235385865579301507801940139268469728303076745723925330543263182108306435183449631172561335222952405, 220713731722647701059055110554613580974879288098121537220067477313802842274758145046284147418207929346560666836, 1544996122058533907413385773882295066824155016686850760540472341196619895923307015323989031927455505425924667854, 10814972854409737351893700417176065467769085116807955323783306388376339271463149107267923223492188537981472674981, 75704809980868161463255902920232458274383595817655687266483144718634374900242043750875462564445319765870308724867, 529933669866077130242791320441627207920685170723589810865382013030440624301694306256128237951117238361092161074070, 3709535689062539911699539243091390455444796195065128676057674091213084370111860143792897665657820668527645127518492, 25966749823437779381896774701639733188113573365455900732403718638491590590783021006550283659604744679693515892629447, 181767248764064455673277422911478132316795013558191305126826030469441134135481147045851985617233212757854611248406129, 1272370741348451189712941960380346926217565094907339135887782213286087938948368029320963899320632489304982278738842904, 8906595189439158327990593722662428483522955664351373951214475493002615572638576205246747295244427425134875951171900330, 62346166326074108295934156058636999384660689650459617658501328451018309008470033436727231066710991975944131658203302313, 436423164282518758071539092410458995692624827553217323609509299157128163059290234057090617466976943831608921607423116191, 3054962149977631306500773646873212969848373792872521265266565094099897141415031638399634322268838606821262451251961813338, 21384735049843419145505415528112490788938616550107648856865955658699279989905221468797440255881870247748837158763732693368, 149693145348903934018537908696787435522570315850753541998061689610894959929336550281582081791173091734241860111346128853579, 1047852017442327538129765360877512048657992210955274793986431827276264719505355851971074572538211642139693020779422901975053, 7334964122096292766908357526142584340605945476686923557905022790933853036537490963797522007767481494977851145455960313825372, 51344748854674049368358502682998090384241618336808464905335159536536971255762436746582654054372370464844958018191722196777606, 359413241982718345578509518780986632689691328357659254337346116755758798790337057226078578380606593253914706127342055377443245, 2515892693879028419049566631466906428827839298503614780361422817290311591532359400582550048664246152777402942891394387642102715, 17611248857153198933346966420268345001794875089525303462529959721032181140726515804077850340649723069441820600239760713494719006, 123278742000072392533428764941878415012564125626677124237709718047225267985085610628544952384548061486092744201678324994463033044, 862951194000506747734001354593148905087948879386739869663968026330576875895599274399814666691836430402649209411748274961241231311, 6040658358003547234138009482152042335615642155707179087647776184314038131269194920798702666842855012818544465882237924728688619177, 42284608506024830638966066375064296349309495089950253613534433290198266918884364445590918667899985089729811261175665473100820334240, 295992259542173814472762464625450074445166465629651775294741033031387868432190551119136430675299895628108678828229658311705742339682, 2071945816795216701309337252378150521116165259407562427063187231219715079025333857833955014727099269396760751797607608181940196377777, 14503620717566516909165360766647053647813156815852936989442310618538005553177337004837685103089694885777325262583253257273581374644439, 101525345022965618364157525366529375534692097710970558926096174329766038872241359033863795721627864200441276838082772800915069622511074, 710677415160759328549102677565705628742844683976793912482673220308362272105689513237046570051395049403088937866579409606405487357577520, 4974741906125315299843718742959939401199912787837557387378712542158535904739826592659325990359765345821622565066055867244838411503042643, 34823193342877207098906031200719575808399389514862901711650987795109751333178786148615281932518357420751357955462391070713868880521298501, 243762353400140449692342218405037030658795726604040311981556914565768259332251503040306973527628501945259505688236737494997082163649089508, 1706336473800983147846395528835259214611570086228282183870898401960377815325760521282148814693399513616816539817657162464979575145543626558, 11944355316606882034924768701846814502280990603597975287096288813722644707280323648975041702853796595317715778723600137254857026018805385909, 83610487216248174244473380912927701515966934225185827009674021696058512950962265542825291919976576167224010451065200960783999182131637701363, 585273410513737219711313666390493910611768539576300789067718151872409590656735858799777043439836033170568073157456406725487994274921463909542, 4096913873596160537979195664733457374282379777034105523474027063106867134597151011598439304078852232193976512102194847078415959924450247366796, 28678397115173123765854369653134201619976658439238738664318189441748069942180057081189075128551965625357835584715363929548911719471151731567575, 200748779806211866360980587571939411339836609074671170650227326092236489595260399568323525899863759377504849093007547506842382036298062120973025, 1405241458643483064526864113003575879378856263522698194551591282645655427166822796978264681299046315642533943651052832547896674254086434846811176, 9836690210504381451688048791025031155651993844658887361861138978519587990167759578847852769093324209497737605557369827835276719778605043927678234, 68856831473530670161816341537175218089563956912612211533027972849637115931174317051934969383653269466484163238901588794846937038450235307493747641, 481997820314714691132714390760226526626947698388285480731195809947459811518220219363544785685572886265389142672311121563928559269151647152456233487, 3373984742203002837929000735321585686388633888717998365118370669632218680627541535544813499799010203857723998706177850947499914884061530067193634410, 23617893195421019865503005147251099804720437221025988555828594687425530764392790748813694498593071427004067990943244956632499404188430710470355440872, 165325252367947139058521036030757698633043060547181919890800162811978715350749535241695861490151499989028475936602714696427495829319014973292488086107, 1157276766575629973409647252215303890431301423830273439235601139683851007455246746691871030431060499923199331556219002874992470805233104813047416602749, 8100937366029409813867530765507127233019109966811914074649207977786957052186727226843097213017423499462395320893533020124947295636631733691331916219244, 56706561562205868697072715358549890631133769767683398522544455844508699365307090587901680491121964496236767246254731140874631069456422135839323413534710, 396945930935441080879509007509849234417936388373783789657811190911560895557149634115311763437853751473657370723783117986122417486194954950875263894742973, 2778621516548087566156563052568944640925554718616486527604678336380926268900047438807182344064976260315601595066481825902856922403364684656126847263200811, 19450350615836612963095941367982612486478883030315405693232748354666483882300332071650276408454833822209211165465372781319998456823552792592887930842405678, 136152454310856290741671589575878287405352181212207839852629238482665387176102324501551934859183836755464478158257609469239989197764869548150215515896839748, 953067180175994035191701127031148011837465268485454878968404669378657710232716271510863544014286857288251347107803266284679924384354086837051508611277878239, 6671470261231958246341907889218036082862256879398184152778832685650603971629013900576044808100008001017759429754622863992759470690478607859360560278945147673, 46700291828623707724393355224526252580035798155787289069451828799554227801403097304032313656700056007124316008282360047949316294833350255015523921952616033712, 326902042800365954070753486571683768060250587090511023486162801596879594609821681128226195596900392049870212057976520335645214063833451785108667453668312235986, 2288314299602561678495274406001786376421754109633577164403139611178157162268751767897583369178302744349091484405835642349516498446834162495760672175678185651905, 16018200097217931749466920842012504634952278767435040150821977278247100135881262375283083584248119210443640390840849496446615489127839137470324705229747299563335, 112127400680525522246268445894087532444665951372045281055753840947729700951168836626981585089736834473105482735885946475126308423894873962292272936608231096943346, 784891804763678655723879121258612727112661659604316967390276886634107906658181856388871095628157841311738379151201625325884158967264117736045910556257617678603424, 5494242633345750590067153848810289089788631617230218771731938206438755346607272994722097669397104889182168654058411377281189112770848824152321373893803323750223971, 38459698433420254130470076941672023628520421320611531402123567445071287426250910963054683685779734224275180578408879640968323789395941769066249617256623266251567797, 269217889033941778913290538591704165399642949244280719814864972115499011983756376741382785800458139569926264048862157486778266525771592383463747320796362863760974580, 1884525223237592452393033770141929157797500644709965038704054804808493083886294637189679500603206976989483848342035102407447865680401146684246231245574540046326822062, 13191676562663147166751236390993504104582504512969755270928383633659451587204062460327756504222448838926386938394245716852135059762808026789723618719021780324287754437, 92341735938642030167258654736954528732077531590788286896498685435616161110428437222294295529557141872484708568759720017964945418339656187528065331033152462270014281059, 646392151570494211170810583158681701124542721135518008275490798049313127772999060556060068706899993107392959981318040125754617928377593312696457317232067235890099967414, 4524745060993459478195674082110771907871799047948626057928435586345191894410993423892420480948299951751750719869226280880282325498643153188875201220624470651230699771900]
Predicted:    
[3, 21, 148, 1038, 7269, 50883, 356182, 2493276, 17452935, 122170545, 855193816, 5986356714, 41904496996, 293331478970, 2053320352788, 14373242469514, 100612697286596, 704288881006170, 4930022167043188, 34510155169302314, 241571086185116196, 1690997603295813370, 11836983223070693588, 82858882561494855114, 580012177930463985796, 4060085245513247900570, 28420596718592735303988, 198944177030149147127914, 1392609239211044029895396, 9748264674477308209267770, 68237852721341157464874388, 477664969049388102254120714, 3343654783345716715778844996, 23405583483420017010451914970, 163839084383940119073163404788, 1146873590687580833512143833514, 8028115134813065834585006834596, 56196805943691460842095047842170, 393377641605840225894665334895188, 2753643491240881581262657344266314, 19275504438686171068838601409864196, 134928531070803197481870209869049370, 944499717495622382373091469083345588, 6611498022469356676611640283583419114, 46280486157285496736281481985083933796, 323963403100998477153970373895587536570, 2267743821706989340077792617269112755988, 15874206751948925380544548320883789291914, 111119447263642477663811838246186525043396, 777836130845497343646682867723305675303770, 5444852915918481405526780074063139727126388, 38113970411429369838687460518441978089884714, 266797792880005588870812223629093846629192996, 1867584550160039122095685565403656926404350970, 13073091851120273854669798957825598484830456788, 91511642957841916982688592704779189393813197514, 640581500704893418878820148933454325756692382596, 4484070504934253932151741042534180280296846678170, 31388493534539777525062187297739261962077926747188, 219719454741778442675435311084174833734545487230314, 1538036183192449098728047177589223836141818410612196, 10766253282347143691096330243124566852992728874285370, 75363772976430005837674311701871967970949102119997588, 527546410835010040863720181913103775796643714839983114, 3692824875845070286046041273391726430576506003879881796, 25849774130915492002322288913742085014035542027159172570, 180948418916408444016256022396194595098248794190114207988, 1266638932414859108113792156773362165687741559330799455914, 8866472526904013756796545097413535159814190915315596191396, 62065307688328096297575815681894746118699336407209173339770, 434457153818296674083030709773263222830895354850464213378388, 3041200076728076718581214968412842559816267483953249493648714, 21288400537096537030068504778889897918713872387672746455540996, 149018803759675759210479533452229285430997106713709225188786970, 1043131626317730314473356734165604998016979746995964576321508788, 7301921384224112201313497139159234986118858228971752034250561514, 51113449689568785409194479974114644902832007602802264239753930596, 357794147826981497864361359818802514319824053219615849678277514170, 2504559034788870485050529518731617600238768372537310947747942599188, 17531913243522093395353706631121323201671378607761176634235598194314, 122723392704654653767475946417849262411699650254328236439649187360196, 859063748932582576372331624924944836881897551780297655077544311521370, 6013446242528078034606321374474613858173282862462083585542810180649588, 42094123697696546242244249621322297007212980037234585098799671264547114, 294658865883875823695709747349256079050490860260642095691597698851829796, 2062612061187130765869968231444792553353436021824494669841183891962808570, 14438284428309915361089777620113547873474052152771462688888287243739659988, 101067990998169407527628443340794835114318365069400238822218010706177619914, 707475936987185852693399103385563845800228555485801671755526074943243339396, 4952331558910300968853793723698946920601599888400611702288682524602703375770, 34666320912372106781976556065892628444211199218804281916020777672218923630388, 242664246386604747473835892461248399109478394531629973412145443705532465412714, 1698649724706233232316851247228738793766348761721409813885018105938727257888996, 11890548072943632626217958730601171556364441332049868697195126741571090805222970, 83233836510605428383525711114208200894551089324349080880365887190997635636560788, 582636855574237998684679977799457406261857625270443566162561210336983449455925514, 4078457989019665990792759844596201843833003376893104963137928472358884146191478596, 28549205923137661935549318912173412906831023638251734741965499306512189023340350170, 199844441461963633548845232385213890347817165467762143193758495145585323163382451188, 1398911090233745434841916626696497232434720158274335002356309466019097262143677158314, 9792377631636218043893416386875480627043041107920345016494166262133680835005740108196, 68546643421453526307253914708128364389301287755442415115459163834935765845040180757370, 479826503950174684150777402956898550725109014288096905808214146844550360915281265301588, 3358785527651222789055441820698289855075763100016678340657499027911852526406968857111114, 23511498693558559523388092744888028985530341700116748384602493195382967684848781999777796, 164580490854909916663716649214216202898712391900817238692217452367680773793941473998444570, 1152063435984369416646016544499513420290986743305720670845522166573765416557590317989111988, 8064444051890585916522115811496593942036907203140044695918655166016357915903132225923783914, 56451108363234101415654810680476157594258350421980312871430586162114505411321925581466487396, 395157758542638709909583674763333103159808452953862190100014103134801537879253479070265411770, 2766104309798470969367085723343331722118659170677035330700098721943610765154774353491857882388, 19362730168589296785569600063403322054830614194739247314900691053605275356083420474443005176714, 135539111180125077498987200443823254383814299363174731204304837375236927492583943321101036236996, 948773778260875542492910403106762780686700095542223118430133861626658492448087603247707253658970, 6641416447826128797450372821747339464806900668795561829010937031386609447136613222733950775612788, 46489915134782901582152609752231376253648304681568932803076559219706266129956292559137655429289514, 325429405943480311075068268265619633775538132770982529621535914537943862909694047913963588005026596, 2278005841604362177525477877859337436428766929396877707350751401765607040367858335397745116035186170, 15946040891230535242678345145015362055001368505778143951455259812359249282575008347784215812246303188, 111622286238613746698748416015107534385009579540447007660186818686514744978025058434489510685724122314, 781356003670296226891238912105752740695067056783129053621307730805603214846175409041426574800068856196, 5469492025692073588238672384740269184865469397481903375349154115639222503923227863289986023600481993370, 38286444179844515117670706693181884294058285782373323627444078809474557527462595043029902165203373953588, 268005109258911605823694946852273190058408000476613265392108551666321902692238165301209315156423617675114, 1876035764812381240765864627965912330408856003336292857744759861664253318845667157108465206094965323725796, 13132250353686668685361052395761386312861992023354050004213319031649773231919670099759256442664757266080570, 91925752475806680797527366770329704190033944163478350029493233221548412623437690698314795098653300862563988, 643480267330646765582691567392307929330237609144348450206452632550838888364063834888203565690573106037947914, 4504361871314527359078840971746155505311663264010439151445168427855872218548446844217424959834011742265635396, 31530533099201691513551886802223088537181642848073074060116178994991105529839127909521974718838082195859447770, 220713731694411840594863207615561619760271499936511518420813252964937738708873895366653823031866575371016134388, 1544996121860882884164042453308931338321900499555580628945692770754564170962117267566576761223066027597112940714, 10814972853026180189148297173162519368253303496889064402619849395281949196734820872966037328561462193179790584996, 75704809971183261324038080212137635577773124478223450818338945766973644377143746110762261299930235352258534094970, 529933669798282829268266561484963449044411871347564155728372620368815510640006222775335829099511647465809738664788, 3709535688587979804877865930394744143310883099432949090098608342581708574480043559427350803696581532260668170653514, 25966749820115858634145061512763209003176181696030643630690258398071960021360304915991455625876070725824677194574596, 181767248740811010439015430589342463022233271872214505414831808786503720149522134411940189381132495080772740362022170, 1272370741185677073073108014125397241155632903105501537903822661505526041046654940883581325667927465565409182534155188, 8906595188299739511511756098877780688089430321738510765326758630538682287326584586185069279675492258957864277739086314, 62346166318098176580582292692144464816626012252169575357287310413770776011286092103295484957728445812705049944173604196, 436423164226687236064076048845011253716382085765187027501011172896395432079002644723068394704099120688935349609215229370, 3054962149586810652448532341915078776014674600356309192507078210274768024553018513061478762928693844822547447264506605588, 21384735047107674567139726393405551432102722202494164347549547471923376171871129591430351340500856913757832130851546239114, 149693145329753721969978084753838860024719055417459150432846832303463633203097907140012459383505998396304824915960823673796, 1047852017308276053789846593276872020173033387922214053029927826124245432421685349980087215684541988774133774411725765716570, 7334964121157932376528926152938104141211233715455498371209494782869718026951797449860610509791793921418936420882080360015988, 51344748848105526635702483070566728988478636008188488598466463480088026188662582149024273568542557449932554946174562520111914, 359413241936738686449917381493967102919350452057319420189265244360616183320638075043169914979797902149527884623221937640783396, 2515892693557170805149421670457769720435453164401235941324856710524313283244466525302189404858585315046695192362553563485483770, 17611248854900195636045951693204388043048172150808651589273996973670192982711265677115325834010097205326866346537874944398386388, 123278741984301369452321661852430716301337205055660561124917978815691350878978859739807280838070680437288064425765124610788704714, 862951193890109586166251632967015014109360435389623927874425851709839456152852018178650965866494763061016450980355872275520932996, 6040658357230767103163761430769105098765523047727367495120980961968876193069964127250556761065463341427115156862491105928646530970, 42284608500615369722146330015383735691358661334091572465846866733782133351489748890753897327458243389989806098037437741500525716788, 295992259504307588055024310107686149839510629338641007260928067136474933460428242235277281292207703729928642686262064190503680017514, 2071945816530153116385170170753803048876574405370487050826496469955324534222997695646940969045453926109500498803834449333525760122596, 14503620715711071814696191195276621342136020837593409355785475289687271739560983869528586783318177482766503491626841145334680320858170, 101525345009977502702873338366936349394952145863153865490498327027810902176926887086700107483227242379365524441387888017342762246007188, 710677415069842518920113368568554445764665021042077058433488289194676315238488209606900752382590696655558671089715216121399335722050314, 4974741905488897632440793579979881120352655147294539409034418024362734206669417467248305266678134876588910697628006512849795350054352196, 34823193338422283427085555059859167842468586031061775863240926170539139446685922270738136866746944136122374883396045589948567450380465370, 243762353368955983989598885419014174897280102217432431042686483193773976126801455895166958067228608952856624183772319129639972152663257588, 1706336473582691887927192197933099224280960715522027017298805382356417832887610191266168706470600262669996369286406233907479805068642803114, 11944355315078843215490345385531694569966725008654189121091637676494924830213271338863180945294201838689974585004843637352358635480499621796, 83610487205551902508432417698721861989767075060579323847641463735464473811492899372042266617059412870829822095033905461466510448363497352570, 585273410438863317559026923891053033928369525424055266933490246148251316680450295604295866319415890095808754665237338230265573138544481467988, 4096913873072043222913188467237371237498586677968386868534431723037759216763152069230071064235911230670661282656661367611859011969811370275914, 28678397111504302560392319270661598662490106745778708079741022061264314517342064484610497449651378614694628978596629573283013083788679591931396, 200748779780530117922746234894631190637430747220450956558187154428850201621394451392273482147559650302862402850176407012981091586520757143519770, 1405241458463710825459223644262418334462015230543156695907310081001951411349761159745914375032917552120036819951234849090867641105645300004638388, 9836690209245975778214565509836928341234106613802096871351170567013659879448328118221400625230422864840257739658643943636073487739517100032468714, 68856831464721830447501958568858498388638746296614678099458193969095619156138296827549804376612960053881804177610507605452514414176619700227280996, 481997820253052813132513709982009488720471224076302746696207357783669334092968077792848630636290720377172629243273553238167600899236337901590966970, 3373984741771369691927595969874066421043298568534119226873451504485685338650776544549940414454035042640208404702914872667173206294654365311136768788, 23617893192399587843493171789118464947303089979738834588114160531399797370555435811849582901178245298481458832920404108670212444062580557177957381514, 165325252346797114904452202523829254631121629858171842116799123719798581593888050682947080308247717089370211830442828760691487108438063900245701670596, 1157276766427579804331165417666804782417851409007202894817593866038590071157216354780629562157734019625591482813099801324840409759066447301719911694170, 8100937364993058630318157923667633476924959863050420263723157062270130498100514483464406935104138137379140379691698609273882868313465131112039381859188, 56706561554951410412227105465673434338474719041352941846062099435890913486703601384250848545728966961653982657841890264917180078194255917784275673014314, 396945930884659872885589738259714040369323033289470592922434696051236394406925209689755939820102768731577878604893231854420260547359791424489929711100196, 2778621516192619110199128167817998282585261233026294150457042872358654760848476467828291578740719381121045150234252622980941823831518539971429507977701370, 19450350613348333771393897174725987978096828631184059053199300106510583325939335274798041051185035667847316051639768360866592766820629779800006555843909588, 136152454293438336399757280223081915846677800418288413372395100745574083281575346923586287358295249674931212361478378526066149367744408458600045890907367114, 953067180054068354798300961561573410926744602928018893606765705219018582971027428465104011508066747724518486530348649682463045574210859210200321236351569796, 6671470260378478483588106730931013876487212220496132255247359936533130080797191999255728080556467234071629405712440547777241319019476014471402248654460988570, 46700291822649349385116747116517097135410485543472925786731519555731910565580343994790096563895270638501405839987083834440689233136332101299815740581226919988, 326902042758545445695817229815619679947873398804310480507120636890123373959062407963530675947266894469509840879909586841084824631954324709098710184068588439914, 2288314299309818119870720608709337759635113791630173363549844458230863617713436855744714731630868261286568886159367107887593772423680272963690971288480119079396, 16018200095168726839095044260965364317445796541411213544848911207616045323994057990213003121416077829005982203115569755213156406965761910745836799019360833555770, 112127400666181087873665309826757550222120575789878494813942378453312317267958405931491021849912544803041875421808988286492094848760333375220857593135525834890388, 784891804663267615115657168787302851554844030529149463697596649173186220875708841520437152949387813621293127952662918005444663941322333626546003151948680844232714, 5494242632642873305809600181511119960883908213704046245883176544212303546129961890643060070645714695349051895668640426038112647589256335385822022063640765909628996, 38459698428500113140667201270577839726187357495928323721182235809486124822909733234501420494520002867443363269680482982266788533124794347700754154445485361367402970, 269217888999500791984670408894044878083311502471498266048275650666402873760368132641509943461640020072103542887763380875867519731873560433905279081118397529571820788, 1884525222996505543892692862258314146583180517300487862337929554664820116322576928490569604231480140504724800214343666131072638123114923037336953567828782707002745514, 13191676560975538807248850035808199026082263621103415036365506882653740814258038499433987229620360983533073601500405662917508466861804461261358674974801478949019218596, 92341735926828771650741950250657393182575845347723905254558548178576185699806269496037910607342526884731515210502839640422559268032631228829510724823610352643134530170, 646392151487801401555193651754601752278030917434067336781909837250033299898643886472265374251397688193120606473519877482957914876228418601806575073765272468501941711188, 4524745060414609810886355562282212265946216422038471357473368860750233099290507205305857619759783817351844245314639142380705404133598930212646025516356907279513591978314]
len(predicted_full) = 200, len(input_sequence + seq_pred) = 200
is_manual_check: False
