test results being evaluated: data/test_linrec15.tsv
csv file used: ../linear_database_newbl.csv
The sequence ID inspected: A041035
csv results file used: ../linear_database_newbl.csv
Results we are looking at now:
('Could you give me a recursive equation in a form of a Python code for the following number sequence: 1,1,3,13,29,42,365,407,1179,5123,11425,16548,143809,160357,464523', 'Certainly, the Python code is the following: lambda a_n: 1 % -6 // a_n[-2] + a_n[-1] // -6 * -3 - -10 * 5 + n + a_n[-3]')

Experiment type: Evaluation of the results of llms.
Ground truth: 
[1, 1, 3, 13, 29, 42, 365, 407, 1179, 5123, 11425, 16548, 143809, 160357, 464523, 2018449, 4501421, 6519870, 56660381, 63180251, 183020883, 795263783, 1773548449, 2568812232, 22324046305, 24892858537, 72109763379, 313331912053, 698773587485, 1012105499538, 8795617583789, 9807723083327, 28411063750443, 123451978085099, 275315019920641, 398766998005740, 3465451003966561, 3864218001972301, 11193887007911163, 48639766033616953, 108473419075145069, 157113185108762022, 1365378899945241245, 1522492085054003267, 4410363070053247779, 19163944365266994383, 42738251800587236545, 61902196165854230928, 537955821127421083969, 599858017293275314897, 1737671855713971713763, 7550545440149162169949, 16838762736012296053661, 24389308176161458223610, 211953228145303961842541, 236342536321465420066151, 684638300788234801974843, 2974895739474404627965523, 6634429779737044057905889, 9609325519211448685871412, 83509033933428633544877185, 93118359452640082230748597, 269745752838708798006374379, 1172101370807475274256246113, 2613948494453659346518866605, 3786049865261134620775112718, 32902347416542736312719768349, 36688397281803870933494881067, 106279141980150478179709530483, 461804965202405783652333002999, 1029889072384962045484375536481, 1491694037587367829136708539480, 12963441373083904678578043852321, 14455135410671272507714752391801, 41873712194426449694007548635923, 181949984188377071283744946935493, 405773680571180592261497442506909, 587723664759557663545242389442402, 5107562998647641900623436558046125, 5695286663407199564168678947488527, 16498136325462041028960794453023179, 71687831965255363680011856759581243, 159873800255972768388984507972185665, 231561632221228132068996364731766908, 2012366858025797824940955425826320929, 2243928490247025957009951790558087837, 6500223838519849738960859006942496603, 28244823844326424912853387818328074249, 62989871527172699564667634643598645101, 91234695371499124477521022461926719350, 792867434499165695384835814339012399901, 884102129870664819862356836800939119251, 2561071694240495335109549487940890638403, 11128388906832646160300554788564501672863, 24817849507905787655710659065069893984129, 35946238414738433816011213853634395656992, 312387756825813258183800369894145059240065, 348333995240551691999811583747779454897057, 1009055747306916642183423537389703969034179, 4384556984468218260733505733306595331033773, 9778169716243353163650435004002894631101725, 14162726700711571424383940737309489962135498, 123079983321935924558721960902478814328185709, 137242710022647495983105901639788304290321207, 397565403367230916524933764182055422908828123, 1727504323491571162082840958368009995925633699, 3852574050350373240690615680918075414760095521, 5580078373841944402773456639286085410685729220, 48493201041085928462878268795206758700245929281, 54073279414927872865651725434492844110931658501, 156639759870941674194181719664192446922109246283, 680632318898694569642378604091262631799368643633, 1517904397668330813478938927846717710520846533549, 2198536716567025383121317531937980342320215177182, 19106198130204533878449479183350560449082567951005, 21304734846771559261570796715288540791402783128187, 61715667823747652401591072613927642031888134207379, 268167406141762168867935087170999108918955319957703, 598050480107271990137461246955925859869798774122785, 866217886249034159005396334126924968788754094080488, 7527793570099545262180631919971325610179831526766689, 8394011456348579421186028254098250578968585620847177, 24315816482796704104552688428167826768117002768461043, 105657277387535395839396781966769557651436596694691349, 235630371257867495783346252361706942070990196157843741, 341287648645402891622743034328476499722426792852535090, 2965931560421090628765290526989518939850404538978124461, 3307219209066493520388033561317995439572831331830659551, 9580369978554077669541357649625509818996067202639443563, 41628699123282804198553464159820034715557100142388433803, 92837768225119686066648285969265579250110267487416311169, 134466467348402490265201750129085613965667367629804744972, 1168569507012339608188262287001950490975449208525854270945, 1303035974360742098453464037131036104941116576155659015917, 3774641455733823805095190361264022700857682360837172302779, 16401601797296037318834225482187126908371846019504348227033, 36577845050325898442763641325638276517601374399845868756845, 52979446847621935761597866807825403425973220419350216983878, 460413419831301384535546575788241503925387137754647604627869, 513392866678923320297144442596066907351360358173997821611747, 1487199153189148025129835460980375318628107854102643247851363, 6462189479435515420816486286517568181863791774584570813017199, 14411578112060178866762808034015511682355691403271784873885761, 20873767591495694287579294320533079864219483177856355686902960, 181401718844025733167397162598280150596111556826122630369109441, 202275486435521427454976456918813230460331040003978986056012401, 585952691715068588077350076435906611516773636834080602481134243, 2546086253295795779764376762662439676527425587340301395980549373, 5678125198306660147606103601760785964571624811514683394442232989, 8224211451602455927370480364423225641099050398854984790422782362, 71471816811126307566569946517146591093364028002354561717824491885, 79696028262728763493940426881569816734463078401209546508247274247, 230863873336583834554450800280286224562290184804773654734319040379, 1003151521609064101711743628002714714983623817620304165445523435763, 2237166916554712037977938056285715654529537820045381985625365911905, 3240318438163776139689681684288430369513161637665686151070889347668, 28159714421864921155495391530593158610634830921370871194192480693249, 31400032860028697295185073214881588980147992559036557345263370040917, 90959780141922315745865537960356336570930816039443985884719220775083, 395239153427717960278647225056306935263871256716812500884140253141249, 881438086997358236303159988072970207098673329473068987652999727057581, 1276677240425076196581807213129277142362544586189881488537139980198830, 11094856010397967808957617693107187345999030018992120895950119568648221, 12371533250823044005539424906236464488361574605182002384487259548847051, 35837922512044055820036467505580116322722179229356125664924638666342323, 155723223298999267285685294928556929779250291522606505044185814214216343, 347284369110042590391407057362693975881222762274569135753296267094775009, 503007592409041857677092352291250905660473053797175640797482081308991352, 4371345108382377451808145875692701221165007192651974262133152917566705825, 4874352700791419309485238227983952126825480246449149902930634998875697177, 14120050509965216070778622331660605474815967685550274067994422915318100179, 61354554740652283592599727554626374026089350988650246174908326660148097893, 136829159991269783255978077440913353526994669662850766417811076235614295965, 198183714731922066848577804995539727553084020651501012592719402895762393858, 1722298877846646318044600517405231173951666834874858867159566299401713446829, 1920482592578568384893178322400770901504750855526359879752285702297475840687, 5563264063003783087830957162206772976961168545927578626664137703996665128203, 24173538844593700736217006971227862809349425039236674386408836518284136353499, 53910341752191184560264971104662498595660018624400927399481810740564937835201, 78083880596784885296481978075890361405009443663637601785890647258849074188700, 678581386526470266932120795711785389835735567933501741686606988811357531344801, 756665267123255152228602773787675751240745011597139343472497636070206605533501, 2191911920772980571389326343287136892317225591127780428631602260951770742411803, 9524312950215177437785908146936223320509647376108261057998906679877289575180713, 21240537821203335446961142637159583533336520343344302544629415620706349892773229, 30764850771418512884747050784095806853846167719452563602628322300583639467953942, 267359343992551438524937548909926038364105862098964811365655994025375465636404765, 298124194763969951409684599694021845217952029818417374968284316325959105104358707, 863607733520491341344306748297969728800009921735799561302224626677293675845122179, 3752555128845935316786911592885900760417991716761615620177182823035133808484847423, 8368717991212361974918129934069771249635993355259030801656590272747561292814817025, 12121273120058297291705041526955672010053985072020646421833773095782695101299664448, 105338902951678740308558462149715147330067873931424202176326775039009122103212132609, 117460176071737037600263503676670819340121859003444848598160548134791817204511797057, 340259255095152815509085469503056786010311591938313899372647871308592756512235726723, 1478497196452348299636605381688897963381368226756700446088752033369162843253454703949, 3297253647999849414782296232880852712773048045451714791550151938046918443019145134621, 4775750844452197714418901614569750676154416272208415237638903971416081286272599838570, 41503260403617431130133509149438858122008378223119036692661383709375568733199943843181, 46279011248069628844552410764008608798162794495327451930300287680791650019472543681751]
Predicted:    
[1, 1, 3, 13, 29, 42, 365, 407, 1179, 5123, 11425, 16548, 143809, 160357, 464523, 376136, 348492, 638835, 695622, 696371, 987090, 1189237, 1291063, 1632696, 2005658, 2293968, 2779755, 3395613, 3991853, 4775760, 5783572, 6883720, 8217702, 9892505, 11830056, 14132814, 16958997, 20309642, 24287724, 29102947, 34861207, 41718420, 49962248, 59842425, 71639727, 85782207, 102733625, 123006636, 147285622, 176376535, 211195005, 252883226, 302818251, 362604234, 434185446, 519911078, 622559880, 745465492, 892643932, 1068881955, 1279906580, 1532597334, 1835180733, 2197497060, 2631345977, 3150853836, 3772924093, 4517808142, 5409758025, 6477803225, 7756709874, 9288113082, 11121859887, 13317639941, 15946933176, 19095326599, 22865303368, 27379584987, 32785119221, 39257863107, 47008516671, 56289377688, 67402552082, 80709792846, 96644274244, 115724689339, 138572137653, 165930343208, 198689861082, 237917068332, 284888877513, 341134299980, 408484218465, 489130986889, 585699793570, 701334115395, 839798044733, 1005598816083, 1204133523585, 1441864806675, 1726531219571, 2067399133521, 2475564373588, 2964313406518, 3549555836934, 4250342292209, 5089484552778, 6094298113479, 7297491349107, 8738230227491, 10463413227384, 12529197962959, 15002829209134, 17964827832114, 21511611879179, 25758635148888, 30844145406723, 36933684582708, 44225477440409, 52956884127096, 63412126646425, 75931540763794, 90922654509165, 108873453901181, 130368267714558, 156106788366618, 186926848084665, 223831691757068, 268022634245331, 320938165207510, 384300774361003, 460173021426015, 551024675920700, 659813112321537, 790079577586968, 946064464714368, 1132845344678906, 1356502249926609, 1624315589677861, 1945003139518027, 2329003819685814, 2788817499520958, 3339411889278699, 3998709764325357, 4788172381683831, 5733498080120810, 6865458804385959, 8220901783877008, 9843948972059512, 11787433290415914, 14114618429085164, 16901258186602296, 20238062383717263, 24233649620943999, 29018082997074500, 34747103882254719, 41607201562071565, 49821683778110491, 59657945771310174, 71436174447726860, 85539771001974132, 102427831272297450, 122650090083875796, 146864816043912242, 175860239294253786, 210580209731002903, 252154920909413911, 301937699748960960, 361549059605483600, 432929450712155931, 518402425105039146, 620750272158003393, 743304586791157850, 890054718500618295, 1065777631408312765, 1276193402495314459, 1528151419748275752, 1829853341282450867, 2191120073136540120, 2623711456316546040, 3141709069440724116, 3761974607856902408, 4504698760244997477, 5394058449563223088, 6459003832638514186, 7734200676564254805, 9261158787845350727, 11089583226561189786, 13278992289844849935, 15900654932767775934, 19039910692945077992, 22798947636317389173, 27300128750926470763, 32689975068408313618, 39143935170521546226, 46872096336187244120, 56126023236501935925, 67206946788772514436, 80475569730573501585, 96363808101788686967]
len(predicted_full) = 200, len(input_sequence + seq_pred) = 200
is_manual_check: False
