test results being evaluated: data/test_linrec15.tsv
csv file used: ../linear_database_newbl.csv
The sequence ID inspected: A041239
csv results file used: ../linear_database_newbl.csv
Results we are looking at now:
('Could you give me a recursive equation in a form of a Python code for the following number sequence: 1,2,9,101,413,927,20807,42541,190971,2143222,8763859,19670940,441524539,902720018,4052404611', 'Certainly, the Python code is the following: lambda a_n: a_n[-3] + abs( 6 * a_n[-3] * n * ( -9 % -4 - 7 ) // n + n + a_n[-1] ) * n')

Experiment type: Evaluation of the results of llms.
Ground truth: 
[1, 2, 9, 101, 413, 927, 20807, 42541, 190971, 2143222, 8763859, 19670940, 441524539, 902720018, 4052404611, 45479170739, 185969087567, 417417345873, 9369150696773, 19155718739419, 85992025654449, 965068000938358, 3946264029407881, 8857596059754120, 198813377343998521, 406484350747751162, 1824750780335003169, 20478742934432786021, 83739722518066147253, 187958187970565080527, 4218819857870497918847, 8625597903711560918221, 38721211472716741591731, 434558924103595718427262, 1776956907887099615300779, 3988472739877794949028820, 89523357185198588493934819, 183035187110274971936898458, 821664105626298476241528651, 9221340348999558210593713619, 37707025501624531318616383127, 84635391352248620847826479873, 1899685635251094189970798940333, 3884006661854437000789424360539, 17435712282668842193128496382489, 195676841771211701125202884567918, 800143079367515646693940034654161, 1795963000506242994513082953876240, 40311329090504861525981765019931441, 82418621181515966046476612993739122, 369985813816568725711888216994887929, 4152262573163771948877246999937506341, 16979036106471656521220876216744913293, 38110334786107084991318999433427332927, 855406401400827526330238863752146237687, 1748923137587762137651796726937719808301, 7851098951751876076937425771503025470891, 88111011606858398983963480213470999988102, 360295145379185472012791346625387025423299, 808701302365229343009546173464245050834700, 18151723797414231018222807162838778143786699, 37112148897193691379455160499141801338408098, 166600319386188996536043449159405983497419091, 1869715662145272653275933101252607619810018099, 7645462967967279609639775854169836462737491487, 17160641598079831872555484809592280545285001073, 385179578125723580805860441665200008459007515093, 787519797849526993484276368139992297463300031259, 3535258769523831554742965914225169198312207640129, 39675366262611674095656901424616853478897584072678, 162236723819970527937370571612692583113902543930841, 364148813902552729970398044650002019706702671934360, 8173510629676130587286127553912737016661361326486761, 16711170073254813904542653152475476053029425324907882, 75018190922695386205456740163814641228779062626118289, 841911270222904062164566794954436529569599114212209061, 3442663271814311634863723919981560759507175519474954533, 7727237813851527331892014634917558048583950153162118127, 173441895176547912936488045888167837828354078889041553327, 354611028166947353204868106411253233705292107931245224781, 1591886007844337325755960471533180772649522510614022452451, 17865357114454657936520433293276241732850039724685492201742, 73053314465662969071837693644638147704049681409355991259419, 163971986045780596080195820582552537140949402543397474720580, 3680437007472836082836145746460793964804936537364100435112179, 7524846000991452761752487313504140466750822477271598344944938, 33779821011438647129846095000477355831808226446450493814891931, 379102877126816571190059532318755054616641313388227030308756179, 1550191329518704931890084224275497574298373479999358615049916647, 3479485536164226434970227980869750203213388273386944260408589473, 78098873125131686501235099803410002044992915494512132344038885053, 159677231786427599437440427587689754293199219262411208948486359579, 716807800270842084250996810154169019217789792544156968137984323369, 8044563034765690526198405339283548965688886937248137858466313916638, 32895059939333604189044618167288364881973337541536708402003239989921, 73834682913432898904287641673860278729635562020321554662472793896480, 1657258084034857380083372734992214496933955701988610910976404705712481, 3388350850983147659071033111658289272597546965997543376615282205321442, 15210661487967448016367505181625371587324143565978784417437533526998249, 170705627218625075839113590109537376733163126191764171968428151002302181, 698033170362467751372821865619774878519976648333035472291150137536206973, 1566771967943560578584757321349087133773116422857835116550728426074716127, 35167016465120800480237482935299691821528537951205408036407175511179961767, 71900804898185161539059723191948470776830192325268651189365079448434639661, 322770236057861446636476375703093574928849307252280012793867493304918520411, 3622373401534661074540299855925977794994172572100348791921907505802538364182, 14812263842196505744797675799407004754905539595653675180481497516515071977139, 33246901085927672564135651454739987304805251763407699152884902538832682318460, 746244087732605302155782007803686725460621078390623056543949353370834082983259, 1525735076551138276875699667062113438226047408544653812240783609280500848284978, 6849184393937158409658580676052140478364810712569238305507083790492837476123171, 76866763409859880783120087103635658700238965246806275172818705304701713085639859, 314316238033376681542138929090594775279320671699794338996781905009299689818682607, 705499239476613243867397945284825209258880308646394953166382515323301092723005073, 15835299506518868046624893725356749378974687461920483308657197242121923729724794213, 32376098252514349337117185395998323967208255232487361570480776999567148552172593499, 145339692516576265395093635309350045247807708391869929590580305240390517938415168209, 1631112715934853268683147173798848821693093047543056587066864134643862845874739443798, 6669790556255989340127682330504745332020179898564096277858036843815841901437372943401, 14970693828446831948938511834808339485733452844671249142782937822275546648749485330600, 336025054782086292216774942696288214018156142481331577419082668933877868173926050216601, 687020803392619416382488397227384767522045737807334403980948275690031282996601585763802, 3084108268352563957746728531605827284106339093710669193342875771694003000160332393271809, 34612211755270822951596502244891484892691775768624695530752581764324064284760257911753701, 141532955289435855764132737511171766854873442168209451316353202828990260139201364040286613, 317678122334142534479861977267235018602438660105043598163458987422304584563162985992326927, 7130451646640571614321096237390342176108523964479168610912450926119691120528787055871479007, 14578581415615285763122054452047919370819486589063380819988360839661686825620737097735284941, 65444777309101714666809314045582019659386470320732691890865894284766438423011735446812618771, 734471131815734147098024508953450135624070660117122991619513197972092509478749827012674091422, 3003329304572038303058907349859382562155669110789224658368918686173136476338011043497508984459, 6741129740959810753215839208672215259935408881695572308357350570318365462154771914007692060340, 151308183605687874873807369940648118280734664508091815442230631233177176643742993151666734311939, 309357496952335560500830579089968451821404737897879203192818613036672718749640758217341160684218, 1388738171415030116877129686300521925566353616099608628213505083379868051642306026021031377048811, 15585477382517666846149257128395709633051294514993574113541374530215221286815007044448686308221139, 63730647701485697501474158199883360457771531676073905082379003204240753198902334203815776609933367, 143046772785489061849097573528162430548594357867141384278299380938696727684619675452080239528087873, 3210759648982245058181620775819456832526847404753184359204965383855568762260535194149581046227866573, 6564566070749979178212339125167076095602289167373510102688230148649834252205690063751242331983821019, 29469023931982161771030977276487761214936004074247224769957885978454905771083295449154550374163150649, 330723829322553758659553089166532449459898333984092982572224975911653797734121940004451296447778478158, 1352364341222197196409243333942617559054529340010619155058857789625070096707571055466959736165277063281, 3035452511766948151478039757051767567568957014005331292689940555161793991149264050938370768778332604720, 68132319600095056528926117989081504045571583648127907594237550003184537901991380176111116649288594367121, 139300091711957061209330275735214775658712124310261146481165040561530869795132024403160604067355521338962, 625332686447923301366247220929940606680420080889172493518897712249308017082519477788753532918710679722969, 7017959642639113376238049705964561449143333014091158575189039875303919057702846280079449466173172998291621, 28697171257004376806318446044788186403253752137253806794275057213464984247893904598106551397611402672889453, 64412302156647866988874941795540934255650837288598772163739154302233887553490655476292552261395978344070527, 1445767818703257450561567165546688740027572172486426794396536451862610510424688325076542701148322926242441047, 2955947939563162768112009272888918414310795182261452360956812058027454908402867305629377954558041830828952621, 13269559576955908523009604257102362397270752901532236238223784683972430144036157547594054519380490249558251531, 148921103286078156521217656101014904784289077099116050981418443581724186492800600329163977667743434575969719462, 608953972721268534607880228661161981534427061297996440163897559010869176115238558864249965190354228553437129379, 1366829048728615225736978113423338867853143199695108931309213561603462538723277718057663908048451891682843978220, 30679193044750803500821398723974617074303577454590392928966595914287045028027348356132855942256295845576004650219, 62725215138230222227379775561372573016460298108875894789242405390177552594777974430323375792561043582834853278658, 281580053597671692410340500969464909140144769890093972085936217474997255407139246077426359112500470176915417764851, 3160105804712618838741125286225486573558052766899909587734540797615147362073309681282013326030066215528904448692019, 12922003272448147047374841645871411203372355837489732323024099407935586703700377971205479663232765332292533212532927, 29004112349608912933490808577968308980302764441879374233782739613486320769474065623692972652495596880113970873757873, 651012474963844231584172630361174208770033173558835965466244370904634643632129821692450878018135896694799892435206133, 1331029062277297376101836069300316726520369111559551305166271481422755608033733709008594728688767390269713755744170139, 5975128724073033735991516907562441114851509619797041186131330296595657075767064657726829792773205457773654915411886689, 67057445027080668472008522052487168989886974929327004352610904743974983441471444944003722449194027425779917825274923718, 274204908832395707624025605117511117074399409337105058596574949272495590841652844433741719589549315160893326216511581561, 615467262691872083720059732287509403138685793603537121545760803288966165124777133811487161628292657747566570258298086840, 13814484688053581549465339715442717986125486868614921732603312621629751223586749788286459275411987785607357871899069492041, 28244436638799035182650739163172945375389659530833380586752386046548468612298276710384405712452268228962282314056437070922, 126792231243249722280068296368134499487684124991948444079612856807823625672779856629824082125221060701456487128124817775729, 1422958980314545980263401999212652439739915034442266265462493810932608351012876699638449309089883935944983640723429432603941, 5818628152501433643333676293218744258447344262761013505929588100538257029724286655183621318484756804481391050021842548191493, 13060215285317413266930754585650140956634603559964293277321670012009122410461450010005691946059397544907765740767114528986927, 293143364429484525515810277177521845304408622581975465607006328364738950059876186875308844131791502792452237346898362185903887, 599346944144286464298551308940693831565451848723915224491334326741487022530213823760623380209642403129812240434563838900794701, 2690531141006630382710015512940297171566216017477636363572343635330687040180731481917802364970361115311701199085153717789082691, 30195189495217220674108721951283962718793828040977915223787114315379044464518260124856449394883614671558525430371254734580704302, 123471289121875513079144903318076148046741528181389297258720800896846864898253771981343599944504819801545802920570172656111899899, 277137767738968246832398528587436258812276884403756509741228716109072774261025804087543649283893254274650131271511600046804504100, 6220502179379176943391912532241673841916832985064032511565752555296447898640821461907303884190156413843848690893825373685810990099, 12718142126497322133616223593070783942645942854531821532872733826701968571542668727902151417664206081962347513059162347418426484298, 57093070685368465477856806904524809612500604403191318643056687862104322184811496373515909554846980741693238743130474763359516927291, 640741919665550442390041099542843689680152591289636326606496300309849512604469128836577156520980994240587973687494384744373112684499, 2620060749347570235038021205075899568333110969561736625069041889101502372602688011719824535638770957704045133493108013740851967665287, 5880863418360690912466083509694642826346374530413109576744580078512854257809845152276226227798522909648678240673710412226077048015073, 131999055953282770309291858418358041747953350638650147313449803616384296044419281361796801547206274969974966428314737082714547023996893, 269878975324926231531049800346410726322253075807713404203644187311281446346648407875869829322211072849598611097303184577655171096008859, 1211514957252987696433491059804000947036965653869503764128026552861510081431012912865276118836050566368369410817527475393335231408032329, 13596543505107790892299451458190421143728875268372254809611936268787892342087790449393907136518767302901662130090105413904342716584364478, 55597688977684151265631296892565685521952466727358523002575771628013079449782174710440904664911119777975017931177949131010706097745490241, 124791921460476093423562045243321792187633808723089300814763479524814051241652139870275716466341006858851697992446003675925754912075344960, 2801019961108158206583996292245645113649896258635323140927372321173922206766129251856506666924413270672712373764990030001377314163403079361, 5726831843676792506591554629734612019487426325993735582669508121872658464773910643583289050315167548204276445522426063678680383238881503682, 25708347335815328232950214811184093191599601562610265471605404808664556065861771826189662868185083463489818155854694284716098847118929094089, 288518652537645403069043917552759637127083043514706655770328961017182775189253400731669580600351085646592276159924063195555767701547101538661, 1179782957486396940509125885022222641699931775621436888552921248877395656822875374752867985269589426049858922795550947066939169653307335248733, 2648084567510439284087295687597204920526946594757580432876171458771974088835004150237405551139529937746310121751025957329434107008161772036127, 59437643442716061190429631012160730893292756860288206411828693341860825611192966679975790110339248056468681601318122008314489523832866320043527, 121523371452942561664946557711918666707112460315333993256533558142493625311220937510188985771818026050683673324387269973958413154673894412123181]
Predicted:    
[1, 2, 9, 101, 413, 927, 20807, 42541, 190971, 2143222, 8763859, 19670940, 441524539, 902720018, 4052404611, 257553123229, 3428463718114, 54981173450262, 767392776758413, 11457132311208354, 176415700885366222, 2931965192396969212, 52415959644408509678, 1010980553744836780257, 20888841353427171163732, 459374298222033475990003, 10683039003253058910760275, 261391003535144403933495214, 6702008416471852351883292747, 179498136824158713259747947979, 5008802450637688600532138827324, 145306989454474702169245847333216, 4374294022518106844562154014516171, 136422768463738064815908706715380840, 4401378427966845964502856051322474420, 146703805315031707365580105205913954816, 5045734870204265827223809450915439663992, 178879743487916684020288380192773875473573, 6529989215451531190243505915535026128367650, 245229009460457535056760983223203231395010839, 9465890150664989285635505927338196188766648573, 375257007390471398859846766885008647344933425624, 15266657856336976818974190827975608677226257037387, 636938156441668130319624156874852474383303456603391, 27233111340832112611070326377599255618320197629058876, 1192529296025613534545999408994367163690277404363932912, 53450625105911461025500562299518090118788809872017232131, 2450768713904262254260562842095863914163762018331282146986, 114890503298657600234447579781687440301881868017651405561296, 5503972242010224566616979587336517544922939040855806359765924, 269319217955854903182877889108637899716068086960813572117679286, 13454143054176784914553079116814743719100767503962299188593154875, 685883028073377305263050750003962062118657177299104320939228075824, 35666921716627258160147631278206723113310869251711180095883829597183, 1891154088044499890934365061031496047142596850989637407980081933969673, 102203429531361851292800887427471826710911690513537721135945883476235504, 5627555035103686229720533010693880830805588363078764442695329624541560639, 315598330570108407892364893167630065666983534308032914922808264509461904017, 18020271028680507625609298934011889714948577755166733587601541947834427028718, 1047264382387771414194609808153427116549955466898961299531220496755154036528834, 61927255349554942745354469961776020033942082418664851209810464811786501370068697, 3724817243021903661646464249688484420874812540449182894587528640237665215661136652, 227823057529754407064851819301429588422502259993824929598321394716888660112317195118, 14165646531452823053166458053295615162055035464459346719486990832037954993434265625372, 895162464259660409257737023700126034715015720413678749377889112796259249702497649369612, 57474980060442622606117633716107033370186237277968378754145627901634875499772029877455963, 3748486081424102001394385652608276989214063363029970246712996141542837579520747652676544790, 248270620132820025877660214193558653075733469781878029350520827985730144340096562786605202839, 16694861309094537482117132726346331159262958252929695175960639119186615216370810135999014990407, 1139534192911927884539465347222110844877856355657156735654417368999228114703792703905919994543154, 78933452490808809450839513646071595625768556171003643195220816368741900474427104919014192741689479, 5547395734367340381808032397672421339169958589373527195396180064701606135642149099116659040587641401, 395475402237937796649094479857761943451184024726098481546838952648623308629933131344404497341163588986, 28593200479294155895877606213314433072459366552738163390806385023609798652623200439610221588730803756370, 2096198033215029110599142536741133279186600601951758695848820656337369696906451561080193141312952763361905, 155791536518472845164795599222576910704514233841392673753574475834720331980224737741305973812540609495387886, 11735877373255950445972199911055887476127822462128007123385389277257640294810963256335995531618985080350003722, 895917106007978651776195561478044848195247840359644800119513582023671721670374832219680342277510490726328053548, 69298406547433690979091423867397392782462334770783961631462430134797036087687255719769358437665478775312351325530, 5430083406125248279207541875661581160392523871938005693880777969898882136569664840157009557515205250810068890613009, 430967246720055232292434535292412278659180353295899779122803424950521695186080618231669411767213057290907137851476348, 34638984078074599058851468994112820905648177521713844850085582955058301230799689713782478856897051924563839056367255639, 2819029316199014270847138780236522992397005975344459225301596941003228599718172925384145433656735925152297181537552778707, 232262890700832204490091752005561730263051980606412546879786420061690045864682193704467331726440272180450982937554450345486, 19370453074051186468361476896951916561025698567348625429311364300290123840371950721938998692748830846849965731518357421547071, 1634989690713575070599940057156328130401196990851203112311460751602308356973365384002172959659764796143550866975568703047162407, 139650564451445121563664236254917265953707325689240803077812746082203923880425879610768537852704753465056653353315621245480153676, 12068727465691561872533379388133027886330255043445269356602333963198030110563498631872767473643087182674330234809369906121814355956, 1055143455516974017259793839294335280302378188930819072637714090007410101538089357588162361271948485341226845351986725105751496487111, 93311319980238565421923241744151088304023374826824149994811215772142406077996653893528857728034513193319932269854807516072437451010604, 8345893964297149032245620091396251399921043362881533381181843939105764254972175099826538712804441693856823472002791007821979254387588496, 754868539280797936400977908620860515223734460471158650797338901027562187289051097859627517833529595105485798318601855683263295364111347680, 69035936136120656882552176480818740345721307163486167251128087376901712507758345776145801733815450373956185944339961747676763362152032178364, 6383094335896562913946440210248241382154233949675673270874697556551630237351585339711033718969590661498242289668067986266029499267807185138853, 596605655593581234419860568417545988138323725118327890788474774533317909284188112430392389850194470177313928792583177738019572205786369113676538, 56362802448545643195159198627090816235904610446882816188407210630313906474675000382493828325664010028589956983575155999504200995381653951098118659, 5381422119454906281390731818152104710599258047094594527328172488867101661065321283059358786920452058567113468194714186739675697653511991603484704709, 519220746260337788648676535414770480353344133627749852819212381344656266255618268793394325756531194422334610076357801421378061563772727637313852081792, 50618558873597593127623466759504298965870265712587795691748734260181947790900193814953775449524459214224333219789310580629381775968447389924743051971943, 4985670191996631459891835842322884948141099230564445354883788544263405231307397846264608755906262394477956632671748660381108596581324456130441406313159699, 496075278838359784941458585538833011278894224559164963944699454208267517708979072554521376221320646245762879473418424949089666340687900293112671455175460092, 49858255007814010745197726196038816802080743502566748312696738760075917387664393088585578048749540217010705483698942131473745686941358865105414587399813471772, 5061137155207205585013997535547788791991085156528195367882911208603574204934518382578263701112291947714122361620363887717756533487753021027993777230878057404543, 518845026883044162839476116373103794000330196970408170475161205084016676768219909849924162051904082660161797333660373160405572728516540874734503119777507613443782, 53711040245092593207676234251358364841375155494101139088588095905586195480213037638486982233356715641433726491631537388503994099042195928876647200251148322760550092, 5614156155609633177863119062811003000621548248776874027842988080506397115003703913911321263712550303226009819041106412162709605227185785059087895382904179358596278508, 592461187842867071197126205653976339065804434658360180588149591483415701355672680193193489741172296073464797755320949370980235005611729572833542493217534830781617014050, 63117540907528226151971086542094743076580613084982329973712106416250294931266082832398072748537148945041971174284813638204917135901873388198407463400986580256257595792379, 6787596246658523695652012800443682823718484728604681099074597285733767196329672748513189478732189937842912477930669818391891726793509822001466753485536958306060215834081632, 736748826412173045176637228066585477555661612420212357694474493631930876866142805797847058036972630944117165737384926318556600611178215640764383869141507530660744887314414219, 80709173406888193463573839721468684382421508309747737626460968089741011148333554986490946958027461794572011665283292363845142309669177730867782832606272020215509153756397607449, 8922560722958639518729957936895060468046839054232721740322397078220148459610176436769165351987841883398604100076508774264237189144649701304522081023478738867025133297211981585496, 995366776029402195979930863831388875479384292907306193493500672357384999013184243336983091485689563049319029442730538738632323455915683637037364511332983150129513425518426961160971, 112038759843936893472579226680137418253764553258961837883617278146433839385032406628387348932529537699261086307767719582976320343773136300150726203479403282799006310942761302386006565, 12723603292493499139067060241662912805108474815055942298091065874278515257671167080350593674667641814771690076054001452955300877528327159701345746891372522058745224943205741720750512790, 1457720949399846130273098689353749537383703881818877941398581945331288846822630450401341462904869288000275167022715737246561089122604424707661951677769793302750136083873224099487661585126, 168471910354330954425717599410106621329090943022997200650737408270988309047568656838855377325457445471660132907159682625682657162868328216305847301846526185043673717596275643370185845340717, 19639770478969370670143097587725537440102956247604133360132495432821558295393709246989910563595262311394292510360639649046526873628272844306061077947248506938749970520708150034549729775561728, 2309237842781934410441148957473803134301944922134547430713494291516532790116901134904186649799810677966580957951705839367462895640434886770995717565424113479299022500800587636001469485959729290, 273837160211016610761771452729151454067521007358406807241989459351831787790940570454391508266271783206934482977220205937252810926154610503305167696344623992993799256994077598484887737466466964884, 32747353787133608685723220228490463117984967957978864665017732081022195180689696082973566097016868869180818226699257788731478362873328037086261517813456675007795649759060553582137556602198575808928, 3949020064090131957851077895651295662475289728752607307536992320452849110951244381149412885863653632563927069807784636627302024872688687099958471523525839848968984197184177971036383815561059524907899, 480177131245960596601821331413728889058420011409734619663111214810742616418535857460217909794466721882122501118718101362768231826495384581698081769008054688095237377406769388127309807795583097959382742, 58868479513847703689952199594879874150400196137541408980445079749247067801328299191629009944048716214566293267610120748893610597882891048145943855848337891883143179700504900291863748362233942856003990411, 7276190841315714882272900985208083534162233871879327947488037247607621502305438244449777076978266207838832435191228846490238639787461119593165185261157396320568539857905164593085467276830605048911767919391, 906643272554119842665098296983859482164817772336468995452645651773303042832284983947318287381426270115283201514692415921204583350705494137040041365112395219997184153211082364576307678066859928109312652870242, 113881074646198863111589244469016056153779569328351380526928600726192486377873275752150323586928047447576201015462006005903217838903494419098906689507846898487427836496947424804549867350077922289323138131651051, 14418548096889436332964380716060195862389286489251520823079992705202277316933354374423169704255679493305399845271184222930350661031239215701640807763329801777329469984678390971982977230407613592970921317251011461, 1840004646778547892425949032817333221586890195048731736315173464027048095975350633269777345905342873565772995487806825024080924856475235759326186419600329183661729455785658365448228827425809819361902420981547586786, 236655561701298060961423576220928307181060785847574570587815161892393346697654818241619714968462559148236772157440355148923892484844653879004436716813699384543827434060597327635856550509165134280792212758446587055294, 30675265699592254731703700137433180371552455401778253938000774971523378062514779173468536790115281504912047990832599250993243565255631102803814236186145505357408807864643244111387149771250954355296442080499727256699941, 4006891697432288639253502776434424054709254878976679889451888025701224474810039042293011229331394986497370271976438660371188510273915014660080781206365033932242872537179740544448143605395848954209505632024753280949585850, 527410491077684377165271748133984394395629623946577360502975410341973318823595510309116821377418927905448795949272518519128450497265291052807170012639169693454974028112951867796581804664776500829985924759442673956350062134, 69949795092371524801028677783842688464307120662065238352009470628839217681365171035648287572865411569578836258927760482024994042459257016694156865411433402468815205318422580589782395843425379768738270803206045877115042558108, 9347504221871597275098803546679670473121318950590042910800203972371170594705429557695884179548134949165399470477239427566502088379968892777738040461193942397602983599382022887589495031492700184386406956910058959183628916203078, 1258495977380973315058684683145595428980088773996105918239328758586502385152574914977651596353293920903429525765471986073992348700524018704263497807749293043232508009188429274673127775739091437943287460376341530405226711634867569, 170698890611244461905604802727905837113685540686909105069825145352969890806943917965610940731059880701551774439842168613396782287156134973231872939993363428061707132404513037172035867802846398106536539917649922273670902899565236964, 23324288173481685528984083340403680851214146402006417862427533572238534593891128561946848441674674668821830596739989250799109422109292195862752965163058439473189637522252349292083012959157892036883165342976355713836281337116402244987, 3210416749082278416734169832319234678941417075526709455518500558600799368660110237886768098428457238659269208600973795646509048925638752453181572046521341079474841077525969235221295663105069098496378424480664578553533008010905781917763, 445109195823169088120677317053375760533471577256290243677150774100861450102182200189512175095938655709478368108247170488044787866026168014585808690083770682618403261495839217224785445897491816369227895745021733787453429520272903990801534, 62158571523006048891825580331508434143046712966205552993183457776048732300369153533723983638751799660227157655375107880550151085036511187778011379438797305911756095434905476876576456661576272415096087416363584596202214158534121452028166707, 8742633694602813115701366699487384953097189958884893729153373853142819645024327682275301933341938381958021954673287421482431376256068280038848924802831610218472803206750054005782537881530022407939023332908804770861440438488101325309734023347, 1238420565464064565094051655411489907531765365362653291529119304620783018811008159188801349061276428299379022484949109383629230199054727430497145035779167753821093637131413524555733466363471775198785025163547954346563047143129728353284918881228, 176667546584998842294904787766027914393518717655772351978471842490054949240196733263296645216049775645743061232358883276474764231568220446279371248019332522885944008026822377723665941467908065895841454150448854190474779945697531478994474091925912, 25379706366776433249023677293047862355255840662625365184337766351868842664021566461302512299449841556829288927730932102442500966104518056380880974795471514037356071612900572768973932452079507504139902807410902253656944897310053264715988697402000947, 3671439254467518395799943702021931483245583340903119247473224979780126157255221331109069414832109603075711515903512394001961964272199896327038911713039382307017789393249785544783836856359105188016677562084467696565959277864888683604207851372795692688, 534792221653336598898831382647325438957699782117241413260777694847570603929936255831948214972459141271104159691857670829168188110770586343080601555768878353836735441750224745137730453776563725632702762995100088577317397785194245203141032020466046288380, 78435402754622872301556351205854386857865538015359665797958818200980444092705957455911898376678875134668880841317935885904991807967408817545081313420843066482466562852054023994361265611705446742565599145973429105466107728173031619079160406748337687732384, 11582361374659702317464972978350987475638606247802795682083102776713727489625497866360093239694921045420347585617591862579342851746951069133061076996387055106878303944043742324440867717341687393749226212880581533560275935018934375304075051830453009979251872, 1721947545647252635283555430556986109656165819780696163284154492434490418565496207922199631029275180448402124411064713320222703197115588837886731090736367961816580792518561749189209379408955214466635248261028687767064717606259297872859521202759145789900345749, 257727475382657365234834410411216970717435098958931850258543668332944704567801041000604834897977565845165837388483059177590775443541780949605502623235138545036879842091812325459646000160204614658895557490902440448929457131403777026303177304645690585471066452434, 38832911409899103287765327312919652972096746963320882528732037672451806006620641208053818473886543349803880186707971247588094594328198768992423602483513103312209309087181176143781323055843321604950728538761522933414636707140888113553951141100883985442811396023951, 5890040926959166991765936214697874038088763808769473965856111819190364905402902168787387961722396026728818694882032912549719353718063254666276003874187069899174363024370115865894425822065396555662976633755687281601764042370477331682218063240160237818770009173424701, 899283768973017696707268851773125161611602736810074080199536622179557017561002668780402916840870742823508207573007404516566012054781750666427275386988206072237471734048147549575996970196829290530995154885964457464853409478967133812675219444796503080302697362573779800, 138202686373614161020519529638891485733070054411945503707958781325214689406199477833013323421153598952921863487783181680060242249289709885528177406750228089777990108039951366561824845651605972751791063017808540033586557479858460303104706541614784840830207574808349091075, 21377600373454545714928780294527042803656516119878116957901607489585319733429626874883455751231554933660053158335165717572880186367596359705405070853465276302608508659654172525156462442308581291550037884581815147518080886666867366110845493777848098319548343997053002789911, 3328172720680608148033642404052993289285430445010489220794196837685051535024542565500660220553734970399448686750186745503753779341090881146803650042318202404344085400033232433220732651684275020583600349270131947119781260843262282182436397661361111919287315368386678545887852, 521481759905030296537992242780490899072813897006652798294249434099267598314177469718131899234957997984603177578398872770130089431202870376060718239884094808825544252341136458468611676102446327226940509175571528348652583241781444804258620469042627167552452898760527621303167288, 82232011721362881032846469418344163487924468365314106369599642698090755054101443354872598834161774800505357874287366336044198979676828036221947395249405152604233311548733402847782383369486493729922776512461517574823478544837873423835643492729417670343730422911633711245744561355, 13049492577665184363444943912331393602789453350359067869522462672928055425338357209107407676488676641721233709083100572376088492678463793245258377191182489061525546820560957456099491544883349800375648011216100917508462037827726939914533143193423562939597055739373601344089715082114, 2083914353992118770504075783540711586832332398142336772285492486264040592166682584667219693383963020208873625652671566636172329871812000077623570095225128285807116136976025606111338178120545282713328005624616933035164622865722670671673400964365991736315893632490194123450367391559288, 334874804238160151069415396480859020128734323733857438238046393849382388074532854278619270063626478219745148829785503748745131583845769162261507797808153500400772787254803059580120632201111768379794695611451536072360843262665387730193439537994604459208112869853083060188713281815481204, 54148258481790597664819509790980784675593272445085863241877978656317931237142316665835511655622790010709331518337130500346487228552439548293882379362259423212471830408748234207758368869818638432828820025767943659088828316207682235333501709966797054189858917807825826000121254119344544942, 8809863670540587074223926711075228915377914072198328207856521113259779202101677658671336740205172029038527019115471421890682642117460461095295578647193339805053039287086398727548005127213001038804431299212173438164344922697173655906696277708843684679593804366788638849392012197348992542091, 1442181842384497721623656612030636700774544639978416634192097799408615300368140487926072213118977408752250817068498071490065580376567065570552314570263159751827043960473686836435917711366877219635009369021638708818527015125016040301873836981646808755754956859754723154533544638124065124373136, 237531203934524824324995635287020278793953842471946109690683705189442142863276250502125163747830395570026577620008470059428576929770659050358192649531251626679042689053151450745235183852454647442026974462786330609220633064191598014187577101930496378827438389089409147781939905079099656070198967, 39359991669267923980728933433538229931027522008929850127821502157738055054400713517446142642330631059069061940160113069046940701732179594865913759947105580690494228818822923485046665562658965496100322856661707495348769752656676887838529149675956041249512448749451713446088918081954263484070217081, 6561559521301031555542918275655458845324888200201857962023141196479995142452468511402778352481066782933384053707934870487846221562555807312059621109885972749901642455400231622008759268507441716933379316969796717472064054667438036706014849192476759716491202961927502039413262959411797619867875595376, 1100426785481249227672677830502797841506665567802060836137451738293696711934108113507868128021520463053327396727582929947868992606724634804502978239127672940117562811305403352350112725821847866622482661755832402351604615219733013311822100230163230040068036461872592436662862395726529219610909085780471, 185652877853901687345274860975893406631655916727533851292842583567633330952318026995489707972665014507492220885564876484086820014504713573267045895905645753514887516420663693814781837159513562590060700118045292887926406100671080943460676628964564197320923366584661318948262517663220707083124341966184169, 31507453471028991732235051695690806238662500080855307760671092397475585981526794898648715086775159442391724070051825961686449065144072414623538707855324218445864430290719217458708942850245553423341859578220543219529634466492052133446830651769414495662030120594426057732065055190261679347350636137268664846, 5378743340917512973800684173008191404926042309511306113792576733552148833926238702381371206111879646208706158033918966342300629317312993822784563100851920542423272741720602740126491852251169729950087272670682774013467874693032565979157917475980929129268312246404267506055432325853019543091612048605941392410, 923611290131128273064682433780052921575534957643358859629900782643618786288301671496748079911928949453138110898423724155499571543358098526971625389475829227601537515127891092509315574521449409092234059819882973237526641964840561575226893920296617332785265483990377631853616452963409474474786080917291069209009, 159523146806515237521837313409719834668367932934129741095635983317169810237471572190893937543398214106542714700473663967941543290413059811907471950487995699389309977752421317341551934039725158942882484888761789199740354504942133643650243613309673350014369092639039810753326310209425096360516939666843613248972148, 27712109658693649177955483019762459825873482951211846033284379288885652986407935541811958301609048947612943452756676273133903979976443526460486045498456037305290159378255200463947240189454028137646739191830478448909035213638369739036650440947041246163341702443623205033135709061086768200525589449812880488753168118, 4841861779045577259776739260697111805039546598352826484762734838881565518435353274078191515658403274585808197238982486939251155594484952461057023280583599038743152577605100923904781291644049270501213684701906531466859176120852008454743496483695646789606734482834025699068810561101744758915864425423629757841517984684, 850820181090946963509359150096319774243516497380602867395206494492075397857546253867465225665449891612544276402986016661771001168455232516914853681816941331146053352276423059739657418142519113190623080157680178704797008222766707285146941773328807024183213893253266553754677311411568063780234852285193009378993097601204, 150359757681547009991389837738795717944881624798696162896898798723038261798666151522113652357012461944610364968697356984193194692506676267736647272725089231575943003449008603645978131205816471065710976138474791716325588201289849238537892348383353727894271271343569600887821396271373615193238103972103002240329820112282027, 26722672842136981411937118434001502368038476367578188798988658128972245385938581747915780129429948486965858404999116915800466632643944690708248404395179857533929871861453051071791188808060816736778661884140104538007633321887992725751515964321776751654656675966468537876485063687681011298920964277247940329757467891843077078, 4776049042566767347373235295227791440698361219567499035785177586091850504340011953009949249414268899148045286616263875059142252572227900734223648878756705155597571318850689391344399399763623814181959834379444081888113453520308909127234660236823370765038787007440929466927519967312564241270916608011399225883011822938418885439, 858389869715407237907866736332777003118379187165513890290065656774364763237523474658791325051856171187908662647962921043659160454052456955883279902387134882135978265786328105115094286881965238059216093065439651014223084877184660635330509990630522944851703051826230206264883705073873166767110605461836862822587918812965394980167, 155136426559509066103798381528396466513355482632752862416405069402993640250324100453597085452401609022505195527317061380254749388545716761486691108443090486244214817310464944371171415868460083773725716609057051745452706052103182582186218889122061378376534249836426955145410924870116158239693293171916019313243810181570295680866402, 28193110845443829318112000227864342147196197653908098855708139105130330211403576278145127645643459203261887410393112106257722781139102039877664338163686528676912951965034459103719804359302799992801201003695078973617099830466279331636665443063046518720896619665719709317571176439446665550976677900717735942772285344772426724953408623, 5151800046490510343443951248153963832518515446264307382096171809575401182971339290222630194944822581445381994317902457109636810542187730568169051036571968542205269912492904696233498324630728097996745688730805695717071347620852804815149668211289805042899448890922517025213900814837075967805016523383574364361157428402419815602363004737, 946561198771306878630924386153052075987627399845502717777696339793975980829675817269858240008217196376672543572792315139124143447912295199822416421550581279681747002847025748183221876958519599031595434923093665187977035115090792880604252451867487203861055421969437646198468626052493982282708308830576492675897710738331798789677061709402, 174863495141495076786205494988291426563786113932448952779133990294771104251542973841150123813154513055418658262649697858346504217290040524955073256328302164053000885426202222451514119094419876259709073597060519453569005266897086588726184751126528342674572411978334039247685981344105539778873915210576178367605201365015148399199395101109978, 32478619977303063496398297915029934905731324404046703744918949669083345784426607988610105609496466997123307511789567886417832056608237427770861580558460724550681898244764789215758349712018118474575070740289956715918168683722646752514485522621412087647852505247720865990585508037429579821705952846662924008023915401529469200557205194263203305, 6065006548996700394590769163744874184989768707643120213407788763468934727259829353410092771271765579124577868626083383731760955398295386143732709377048739023992371292420463527256866979801685441344229659405787140231635449965977002854105369564448549692493765508911626237364858747080510293168025875254212365478705998132134212610060019698377170054, 1138643437894717964105222670602756993236191474930894113219738161537730009051186246188128743431925835704121596748199787917795199107326924559365079736893312666084315575985846520471110980306127912429223820997221705296517911459080464124281733113106912676952875248802105224588461573841468070830164085210846895852585825916924700286685307561297592674002, 214908996200287579126911255783533835182110299918269879748860352738182716681063666768491650240650240495948076262970316746165596476699295420012690584875590296657536408362346730966063831287620459096440431701789732103671791557636159590797188660201507666897039751948495811471818636312629941668338317406577983932461936161691494539065268720768083498242444, 40777402483334339123214865374867239176908035283626279539057401394520642953624214302139666909742318463914097464380358927395213402420589074176166512549552848913772131155030296676647072574659075658784063993075927726765868112282630577962439258573228250385791702222538439059987010752485061743620881079293373784606967550724417030537609919626306363252378034, 7778045929921677892957086710378227209432438571921927885624078326626626433149252707389869803569742362471692933019257807676643331272115647250212104211016493145320482129725724410186432187403417176254517527910420664439827629751637049776198607740038744755176588117099072961863716626477242055226288171975906559365650147922183204105155450434210100349161664641, 1491404432144976505406106161170574359919825059395263297097937290561829921430440518129583351728422941628394881616934227605099603632713420264745307064775538119317833370904280061629942701776140675310293666780668775191111569353110696346400936592583682099843448697168816619775120783550009589690973591424472443276267191659329188066012360032106461377602735526476, 287463334324777339560080149807953456228030537332453586112531608369315730120395598901928867149000684638348975867255750663039761639367068194501750433095932348988853569333637006256463159609536083317059360903901211293351500648826290387811714687516486831986462010015894234055585651544551581683426742923485687030952753649828173021786515605511048570034521178918175, 55695465473353303131794225628382638834690898806952830635288086230348031124637693495015693149165094948702727385348273319182436531979736560941792859118302101136161513441615702993770607094153086946181410202654461064103591890811682842665006464141530944652958180731125171938435703334133877245808576157986955618030580639539362118413160925070150492342346064450691235, 10846657713223449275585778249972219167330235624624921704683637219815497903069682738718885393498367204686331692445860409804418996545650064483391856199249675460292799518596768926688473749613929053925145951090219628433186805530702391312570294142028543526554410406212605573250486794742861523182754528965314707919340640063435951219456570711138861634724498566092539966, 2123240744205802877581570863025311538633989099161798263233432310243907435928415255390031092272409322678128062903405365475178908285205886628239125848728802954610450560118245186313086305981883188633565029005660048478268056317414159783585632851772126939576167791489451175297334517545521261814923892306520452894290592898849512815397542107082174446507686978224054599527, 417751825982492611402458345612670015260713850086654518843329516262741824243614355919840751798939280594851244104542389074377374994775691256579403140716610635692016353233703825231871901188355770723736165480648931620857707633202965016088972035680650832014811335324609093032896990381443452768180886696810762554806767661126509355803719358548650093056917452670757470518703, 82611785756284774619220860780599177022874203088016784100019635615522974523662771277062423288295562574234412122626080025252348855241413556239936149052427436201120075466448132300800315869251861435500310103195278103800825537161228808360973107559537167489799797832182362029751004719515362235045009849679773600182382502800526020604697937201164765823154868718936401755445500, 16419466293152760525941169712026481477046473184629245700691764975493932370288339190031192047408523170831749211273799500379563988440009296268560981770451851007003410604523488968084786570672687459329922530943827283533348343689196910223740622024980620746070267790027774295745185097206479811202362621990855369590700748604527766403435027578367046550669223956739326003853611724]
len(predicted_full) = 200, len(input_sequence + seq_pred) = 200
is_manual_check: False
