test results being evaluated: data/test_linrec15.tsv
csv file used: ../linear_database_newbl.csv
The sequence ID inspected: A041391
csv results file used: ../linear_database_newbl.csv
Results we are looking at now:
('Could you give me a recursive equation in a form of a Python code for the following number sequence: 1,2,57,116,3305,6726,191633,389992,11111409,22612810,644270089,1311152988', 'Certainly, the Python code is the following: lambda a_n: a_n[-2] - -9 * 7 * a_n[-2]')

Experiment type: Evaluation of the results of llms.
Ground truth: 
[1, 2, 57, 116, 3305, 6726, 191633, 389992, 11111409, 22612810, 644270089, 1311152988, 37356553753, 76024260494, 2166035847585, 4408095955664, 125592722606177, 255593541168018, 7282211875310681, 14820017291789380, 422242696045413321, 859305409382616022, 24482794158758661937, 49824893726899939896, 1419579818511956979025, 2888984530750813897946, 82311146679534746121513, 167511277889820306140972, 4772626927594503318068729, 9712765133078826942278430, 276730050653801657701864769, 563172866440682142346007968, 16045570310992901643390087873, 32654313488426485429126183714, 930366347986934493658923231865, 1893387009462295472746972647444, 53945202612931207730574157360297, 109783792235324710933895287368038, 3127891385202023113879642203665361, 6365566562639370938693179694698760, 181363755139104409397288673655230641, 369093076840848189733270527005160042, 10515969906682853721928863429799711817, 21401032890206555633590997386604583676, 609744890832466411462476790254728054745, 1240890814555139378558544577896060693166, 35354687698376369011101724971344427463393, 71950266211307877400761994520584915619952, 2049962141614996936232437571547722064822049, 4171874549441301749865637137616029045264050, 118862449525971445932470277424796535332215449, 241896773601384193614806191987209099709694948, 6891972110364728867147043653066651327203673993, 14025840994330841927908893498120511754117042934, 399615519951628302848596061600440980442480876145, 813256880897587447625101016699002472639078795224, 23170808185084076836351424529172510214336687142417, 47154873251065741120327950075044022901312453080058, 1343507259214924828205534026630405151451085373384041, 2734169391680915397531396003335854325803483199848140, 77900250226280555959084622120034326273948614969131961, 158534669844242027315700640243404506873700713138112062, 4516871005865057320798702548935360518737568582836269697, 9192276681574356668913105738114125544348837878810651456, 261900618089947044050365663216130875760505029189534510465, 532993512861468444769644432170375877065358896257879672386, 15185718978211063497600409763986655433590554124410165337273, 30904431469283595439970463960143686744246467145078210346932, 880509800118151735816773400648009884272491634186600055051369, 1791924031705587067073517265256163455289229735518278320449670, 51054382687874589613875256827820586632370924228698393027642129, 103900689407454766294824030920897336720031078192915064375733928, 2960273686096608045868948122612946014793241113630320195548192113, 6024448061600670858032720276146789366306513305453555455472118154, 171644819410915392070785115854723048271375613666329872948767500425, 349314086883431454999602951985592885909057740638113301353007119004, 9952439252146996132059667771451323853724992351533502310832966832537, 20254192591177423719118938494888240593359042443705117923018940784078, 577069831805114860267389945628322060467778180775276804155363308786721, 1174393856201407144253898829751532361528915403994258726233745558357520, 33460097805444514899376557178671228183277409492614521138700238942797281, 68094589467090436943007013187093988728083734389223301003634223443952082, 1940108602883976749303572926417302912569621972390866949240458495373455577, 3948311795235043935550152866021699813867327679170957199484551214190863236, 112492838869465206944707853175024897700854796989177668534807892492717626185, 228933989534165457824965859216071495215576921657526294269100336199626115606, 6522644545826098026043751911225026763737008603399913908069617306082248863153, 13274223081186361509912469681666125022689594128457354110408334948364123841912, 378200890819044220303592902997876527399045644200205828999502995860277716436689, 769676004719274802117098275677419179820780882528869012109414326668919556715290, 21929129022958738679582344621965613562380910355008538168063104142590025304464809, 44627934050636752161281787519608646304582601592545945348235622611848970165644908, 1271511282440787799195472395171007710090693754946295007918660537274361189942522233, 2587650498932212350552226577861624066485970111485135961185556697160571350050689374, 73725725252542733614657816575296481571697856876530101921114248057770358991361824705, 150039101004017679579867859728454587209881683864545339803414052812701289332774338784, 4274820553365037761850957888972024923448385005083799616416707726813406460309043310657, 8699680207734093203281783637672504434106651694032144572636829506439514209950860960098, 247865866369919647453740899743802149078434632437983847650247933907119804338933150193401, 504431412947573388110763583125276802590975916569999839873132697320679122887817161346900, 14371945428901974514555121227251552621625760296397979364097963458886135245197813667906601, 29248322270751522417221006037628382045842496509365958568069059615092949613283444497160102, 833324969009944602196743290280846249905215662558644819270031632681488724417134259588389457, 1695898260290640726810707586599320881856273821626655597108132324978070398447551963673939016, 48318476257147884952896555715061830941880882668105001538297736732067459880948589242458681905, 98332850774586410632603819016722982765618039157836658673703605789112990160344730448591302826, 2801638297945567382665803488183305348379185979087531444401998698827231184370601041803015161033, 5701609446665721175964210795383333679523989997332899547477701003443575358901546814054621624892, 162446702804585760309663705758916648375050905904408718773777626795247341233613911835332420658009, 330595015055837241795291622313216630429625801806150337095032954593938257826129370484719462940910, 9419107124368028530577829130528982300404573356476618157434700355425518560365236285407477383003489, 19168809263791894302950949883371181231238772514759386651964433665444975378556601941299674228947888, 546145766510541069013204425864922056775090203769739444412438842987884829159950090641798355793544353, 1111460342284874032329359801613215294781419180054238275476842119641214633698456783224896385816036594, 31667035350487013974235278871034950310654827245288411157764018192941894572716740020938897158642568985, 64445531043258901980799917543683115916091073670631060591004878505525003779131936825102690703101174564, 1836141904561736269436632970094162195961204890022958107705900616347642000388410971123814236845475456777, 3736729340166731440854065857732007507838500853716547276002806111200809004555953879072731164394052088118, 106464563429230216613350476986590372415439228794086281835784471729970294127955119585160286839878933924081, 216665856198627164667555019830912752338716958441889110947571749571141397260466193049393304844151919936280, 6173108536990790827304891032252147437899514065166981388367793459721929417421008524968172822476132692139921, 12562882930180208819277337084335207628137745088775851887683158669015000232102483242985738949796417304216122, 357933830582036637767070329393637961025756376550890834243496236192141935916290539328568863416775817210191337, 728430544094253484353417995871611129679650498190557520374675631053298872064683561900123465783348051724598796, 20753989065221134199662774213798749592055970325886501404734413905684510353727430272532025905350521265498957625, 42236408674536521883678966423469110313791591149963560329843503442422319579519544106964175276484390582722514046, 1203373431952243746942673834070933838378220522524866190640352510293509458580274665267528933646913457581729350913, 2448983272579024015769026634565336787070232636199695941610548524029441236740068874642022042570311305746181215872, 69774905064164916188475419601900363876344734336116352555735711183117864087302203155244146125615630018474803395329, 141998793400908856392719865838366064539759701308432401053081970890265169411344475185130314293801571342695788006530, 4045741120289612895184631663076150170989616370972223582042030896110542607604947508338892946352059627613956867578169, 8233481033980134646761983191990666406518992443252879565137143763111350384621239491862916206997920826570609523162868, 234583210071733383004520161038814809553521404782052851405882056263228353376999653280500546742293842771591023516138473, 477399901177446900655802305269620285513561802007358582376901256289568057138620546052864009691585606369752656555439814, 13601780443040246601366984708588182803933251860988093157959117232371133953258374942760692818106690821124665407068453265, 27680960787257940103389771722445985893380065523983544898295135721031835963655370431574249645904967248619083470692346344, 788668682486262569496280592937075787818575086532527350310222917421262540935608747026839682903445773782459002586454150897, 1605018325759783079095950957596597561530530238589038245518740970563556917834872864485253615452796514813537088643600648138, 45729181803760188784182907405641807510673421767025598224834970093200856240312048952613940915581748188561497484607272298761, 93063381933280160647461765768880212582877373772640234695188681156965269398458970769713135446616292891936532057858145245660, 2651503875935604686913112348934287759831239887400952169690118042488228399397163230504581733420837949162784395104635339177241, 5396071133804489534473686463637455732245357148574544574075424766133422068192785431778876602288292191217505322267128823600142, 153741495622461311652176333330783048262701240047488200243802011494224046308795155320313126597493019303252933418584242399981217, 312879062378727112838826353125203552257647837243550945061679447754581514685783096072405129797274330797723372159435613623562576, 8914355242226820471139314220836482511476840682866914661970826548622506457510721845347656760921174281639507353882781423859733345, 18141589546832368055117454794798168575211329202977380269003332544999594429707226786767718651639622894076738079924998461343029266, 516878862553533126014428048475185202617394058366233562194064137808611150489313071874843779006830615315788173591782738341464552793, 1051899314653898620083973551745168573809999445935444504657131608162221895408333370536455276665300853525653085263490475144272134852, 29970059672862694488365687497339905269297378544558679692593749166350824221922647446895591525635254514034074560969516042381084328649, 60992018660379287596815348546424979112404756535052803889844629940863870339253628264327638327935809881593802207202522559906440792150, 1737746582163482747199195446797239320416630561526037188608243387510539193721024238848069464707837931198660536362640147719761426508849, 3536485182987344781995206242140903619945665879587127181106331404961942257781302105960466567743611672278914874932482817999429293809848, 100759331705809136643064970226742540678895275189965598259585522726444922411597483205741133361528964755008277034472159051703781653184593, 205055148594605618068125146695625984977736216259518323700277376857851787080976268517442733290801541182295468943876800921406992600179034, 5842303492354766442550569077704270120055509330456478661867352074746294960678933001694137665503972117859281407463022584851099574458197545, 11889662133304138503169263302104166225088754877172475647434981526350441708438842271905718064298745776900858283869921970623606141516574124, 338752843224870644531289941536620924422540645891285796790046834812558662796966516615054243465868853871083313355820837762312071536922273017, 689395348583045427565749146375346015070170046659744069227528651151467767302371875502014204996036453519067484995511597495247749215361120158, 19641822603550142616372266040046309346387301952364119735160849067053656147263379030671451983354889552404972893230145567629249049567033637441, 39973040555683330660310281226467964707844773951387983539549226785258780061829129936844918171705815558329013271455802732753745848349428395040, 1138886958162683401105060140381149321166040972591227658842539199054299497878479017262329160791117725185617344493992622084734132803351028698561, 2317746956881050132870430561988766607039926719133843301224627624893857775818787164461503239753941265929563702259441046902222011455051485792162, 66035801750832087121477115876066614318283989108338840093132112696082317220804519622184419873901473171213401007758341935346950453544792630879097, 134389350458545224375824662314121995243607904935811523487488853017058492217427826408830342987556887608356365717776124917596122918544636747550356, 3828937614590098369644567660671482481139305327311061497742819997173720099308783659069434023525494326205191641105489839628038392172794621562289065, 7792264579638741963664959983657086957522218559557934518973128847364498690834995144547698390038545540018739647928755804173672907264133879872128486, 222012345844474873352263447203069917291761424994933228028990427723379683442688647706404988944604769446729901783110652356490879795568543257981886673, 451816956268588488668191854389796921541045068549424390576953984294123865576212290557357676279248084433478543214150060517155432498401220395835901832, 12872887121364952556061635370117383720441023344378816164183701987958847919576632783312419924763551133584129111779312346836842989750802714341387137969, 26197591198998493600791462594624564362423091757307056718944357960211819704729477857182197525806350351601736766772774754190841412000006649078610177770, 746405440693322773378222588019605185868287592548976404294625724873889799652002012784413950647341360978432758581417005464180402525750988888542472115529, 1519008472585644040357236638633834936098998276855259865308195807707991419008733503426010098820489072308467253929606785682551646463501984426163554408828, 43278642673091355903380848469766983396640239344496252632924108340697649531896540108712696717621035385615515868610407004575626503503806552821121995562713, 88076293818768355847118933578167801729379476965847765131156412489103290482801813720851403534062559843539498991150420794833804653471115090068407545534254, 2509414869598605319622710988658465431819265594388233676305303658035589783050347324292551995671372711004721487620822189259922156800695029074736533270521825, 5106906033015978995092540910895098665367910665742315117741763728560282856583496462305955394876807981852982474232794799314678118254861173239541474086577904, 145502783794046017182213856493721228062120764235173056973074688057723509767388248268859303052221996202888230766139076570070909467936807879781897807694703137, 296112473621108013359520253898337554789609439136088429063891139844007302391359993000024561499320800387629444006510947939456497054128476932803337089475984178, 8436652045185070391248780965647172762171185060045649070762026603689927976725468052269547025033204407056512662948445618874852826983534161998275336313022260121, 17169416563991248795857082185192683079131979559227386570587944347223863255842296097539118611565729614500654769903402185689162151021196800929354009715520504420, 489180315836940036675247082151042298977866612718412473047224468325958099140309758783364868148873633613074846220243706818171393055577044588020187608347596383881, 995530048237871322146351246487277281034865204996052332665036880999140061536461813664268854909312996840650347210390815822031948262175285976969729226410713272182, 28364021666497337056773081983794806167954092352607877787668257136301879822161240541382892805609637545151284568111186549835065944396485051943172605947847568004977, 57723573381232545435692515214076889616943049910211807908001551153602899705858942896430054466128588087143219483432763915492163837055145389863314941122105849282136, 1644624076341008609256163507977947715442359489838538499211711689437183071586211641641424417857210103985161430104228576183615653381940555968115990957366811347904785, 3346971726063249763948019531169972320501662029587288806331424930027969042878282226179278890180548796057466079691889916282723470600936257326095296855855728545091706, 95359832406112001999800710380737172689488896318282625076491609730220316272178113974661233342912576393594211661477146232099872830208155761098784302921327210610472553, 194066636538287253763549440292644317699479454666152538959314644390468601587234510175501745576005701583245889402646182380482469131017247779523663902698510149766036812, 5529225655478155107379185038574778068274913626970553715937301652663341160714744398888710109471072220724479114935570252885609008498691093587761373578479611404059503289, 11252517947494597468521919517442200454249306708607259970833917949717150923016723307952921964518150143032204119273786688151700486128399434955046411059657732957885043390, 320599728185326884225992931526956390787255501467973832899287004244743567005182997021570525115979276225626194454601597521133222620093875272329060883248896134224840718209, 652451974318148365920507782571354982028760309644554925769407926439204284933382717351093972196476702594284593028476981730418145726316149979613168177557450001407566479808, 18589255009093481130000210843524895887592544171515511754442708944542463545139899082852201746617326948865594799251957085972841302956946074701497769854857496173636702152833, 37830961992505110625920929469621146757213848652675578434654825815524131375213180883055497465431130600325474191532391153676100751640208299382608707887272442348680970785474, 1077856190799236578655786235992917005089580306446431707924777831779218142051108963808406130778688983757978872162158909388903662348882778457414541590698485881936703884146105, 2193543343590978267937493401455455156936374461545538994284210489373960415477431108499867759022809098116283218515850209931483425449405765214211691889284244206222088739077684, 62497069811346628080905601476745661399308065229721523547882671534250109775419180001804703383417343731013908990605964787470439574932244204455341914490657323656155188578321257, 127187682966284234429748696354946777955552504920988586090049553557874179966315791112109274525857496560144101199727779784872362575313894174124895520870598891518532465895720198, 3623752192867305192113869099415255444154778203017401934069270171154727148832261331140864390107427247415048742582983798763896591683721281079952416498867426286175064233658486801, 7374692068700894618657486895185457666265108910955792454228589895867328477630838453393838054740711991390241586365695377312665545942756456334029728518605451463868660933212693800]
Predicted:    
[1, 2, 57, 116, 3305, 6726, 191633, 389992, 11111409, 22612810, 644270089, 1311152988, 41233285696, 83913791232, 2638930284544, 5370482638848, 168891538210816, 343710888886272, 10809058445492224, 21997496888721408, 691779740511502336, 1407839800878170112, 44273903392736149504, 90101747256202887168, 2833529817135113568256, 5766511824396984778752, 181345908296647268368384, 369056756761407025840128, 11606138130985425175576576, 23619632432730049653768192, 742792840383067211236900864, 1511656475694723177841164288, 47538741784516301519161655296, 96746014444462283381834514432, 3042479474209043297226345938944, 6191744924445586136437408923648, 194718686349378771022486140092416, 396271675164517512731994171113472, 12461995926360241345439112965914624, 25361387210529120814847626951262208, 797567739287055446108103229818535936, 1623128781473863732150248124880781312, 51044335314371548550918606708386299904, 103880242014327278857615879992370003968, 3266837460119779107258790829336723193856, 6648335488916945846887416319511680253952, 209077597447665862864562613077550284406784, 425493471290684534200794644448747536252928, 13380966236650615223332007236963218202034176, 27231582162603810188850857244719842320187392, 856381839145639374293248463165645964930187264, 1742821258406643852086454863662069908491993088, 54808437705320919954767901642601341755531984896, 111540560538025206533533111274372474143487557632, 3507740013140538877105145705126485872354047033344, 7138595874433613218146119121559838345183203688448, 224495360840994488134729325128095095830659010134016, 456870135963751245961351623779829654091725036060672, 14367703093823647240622676808198086133162176648577024, 29239688701680079741526503921909097861870402307883008, 919532998004713423399851315724677512522379305508929536, 1871340076907525103457696251002182263159705747704512512, 58850111872301659097590484206379360801432275552571490304, 119765764922081606621292560064139664842221167853088800768, 3766407159827306182245790989208279091291665635364575379456, 7665008955013222823762723844104938549902154742597683249152, 241050058228947595663730623309329861842666600663332824285184, 490560573120846260720814326022716067193737903526251727945728, 15427203726652646122478759891797111157930662442453300754251776, 31395876679734160686132116865453828300399225825680110588526592, 987341038505769351838640633075015114107562396317011248272113664, 2009336107502986283912455479389045011225550452843527077665701888, 63189826464369238517673000516800967302883993364288719889415274496, 128597510880191122170397150680898880718435228981985732970604920832, 4044148893719631265131072033075261907384575575314478072922577567744, 8230240696332231818905417643577528365979854654847086910118714933248, 258825529198056400968388610116816762072612836820126596667044964335616, 526735404565262836409946729188961815422710697910213562247597755727872, 16564833868675609661976871047476272772647221556488102186690877717479424, 33711065892176821530236590668093556187053484666253667983846256366583808, 1060149367595239018366519747038481457449422179615238539948216173918683136, 2157508217099316577935141802757987595971423018640234750966160407461363712, 67849559526095297175457263810462813276763019495375266556685835130795720704, 138080525894356260987849075376511206142171073192975024061834266077527277568, 4342371809670099019229264883869620049712833247704017059627893448370926125056, 8837153657238800703222340824096717193098948684350401539957393028961745764352, 277911795818886337230672952567655683181621327853057091816185180695739272003584, 565577834063283245006229812742189900358332715798425698557273153853551728918528, 17786354932408725582763068964329963723623764982595653876235851564527313408229376, 36196981380050127680398708015500153622933293811099244707665481846627310650785792, 1138326715674158437296836413717117678311920958886121848079094500129748058126680064, 2316606808323208171545517312992009831867730803910351661290590838184147881650290688, 72852909803146139986997530477895531411962941368711798277062048008303875720107524096, 148262835732685322978913108031488629239534771450262506322597813643785464425618604032, 4662586227401352959167841950585314010365628247597555089731971072531448046086881542144, 9488821486891860670650438914015272271330225372816800404646260073202269723239590658048, 298405518553686589386741884837460096663400207846243525742846148642012674949560418697216, 607284575161079082921628090496977425365134423860275225897360644684945262287333802115072, 19097953187435941720751480629597446186457613302159585647542153513088811196771866796621824, 38866212810309061306984197791806555223368603127057614457431081259836496786389363335364608, 1222269003995900270128094760294236555933287251338213481442697824837683916593399474983796736, 2487437619859779923646988658675619534295590600131687325275589200629535794328919253463334912, 78225216255737617288198064658831139579730384085645662812332660789611770661977566398962991104, 159196007671025915113407274155239650194917798408427988817637708840290290837050832221653434368, 5006413840367207506444676138165192933102744581481322419989290290535153322366564249533631430656, 10188544490945658567258065545935337612474739098139391284328813365778578613571253262185819799552, 320410485783501280412459272842572347718575653214804634879314578594249812631460111970152411561984, 652066847420522148304516194939861607198383302280921042197044055409829031268560208779892467171328, 20506271090144081946397393461924630253988841805747496632276133030031988008413447166089754339966976, 41732278234913417491489036476151142860696531345978946700610819546229058001187853361913117898964992, 1312401349769221244569433181563176336255285875567839784465672513922047232538460618629744277757886464, 2670865807034458719455298334473673143084578006142652588839092450958659712076022615162439545533759488, 83993686385230159652443723620043285520338296036341746205803040891011022882461479592303633776504733696, 170935411650205358045139093406315081157412992393129765685701916861354221572865447370396130914160607232, 5375595928654730217756398311682770273301650946325871757171394617024705464477534693907432561696302956544, 10939866345613142914888901978004165194074431513160305003884922679126670180663388631705352378506278862848, 344038139433902733936409491947697297491305660564855792458969255489581149726562220410075683948563389218816, 700151446119241146552889726592266572420763616842259520248635051464106891562456872429142552224401847222272, 22018440923769774971930207484652627039443562276150770717374032351333193582499982106244843772708056910004224, 44809692551631433379384942501905060634928871477904609295912643293702841059997239835465123342361718222225408, 1409180219121265598203533279017768130524387985673649325911938070485324389279998854799670001453315642240270336, 2867820323304411736280636320121923880635447774585894994938409170796981827839823349469767893911149966222426112, 90187534023760998285026129857137160353560831083113556858364036511060760913919926707178880093012201103377301504, 183540500691482351121960724487803128360668657573497279676058186931006836981748694366065145210313597838235271168, 5772002177520703890241672310856778262627893189319267638935298336707888698490875309259448325952780870616147296256, 11746592044254870471805486367219400215082794084703825899267723963584437566831916439428169293460070261647057354752, 369408139361325048975467027894833808808185164116433128891859093549304876703416019792604692860977975719433426960384, 751781890832311710195551127502041613765298821421044857553134333669404004277242652123402834781444496745411670704128, 23642120919124803134429889785269363763723850503451720249078981987155512109018625266726700343102590446043739325464576, 48114041013267949452515272160130663280979124570946870883400597354841856273743529735897781426012447791706346925064192, 1513095738823987400603512946257239280878326432220910095941054847177952774977192017070508821958565788546799316829732864, 3079298624849148764960977418248362449982663972540599736537638230709878801519585903097458011264796658669206203204108288, 96838127284735193638624828560463313976212891662138246140227510219388977598540289092512564605348210466995156277102903296, 197075111990345520957502554767895196798890494242598383138408846765432243297253497798237312720946986154829197005062930432, 6197640146223052392871989027869652094477625066376847752974560654040894566306578501920804134742285469887690001734585810944, 12612807167382113341280163505145292595128991631526296520858166192987663571024223859087188014140607113909068608324027547648, 396648969358275353143807297783657734046568004248118256190371881858617252243621024122931464623506270072812160111013491900416, 807219658712455253841930464329298726088255464417682977334922636351210468545550326981580032904998855290180390932737763049472, 25385534038929622601203667058154094978980352271879568396183800438951504143591745543867613735904401284659978247104863481626624, 51662058157597136245883549717075118469648349722731710549435048726477469986915220926821122105919926738571545019695216835166208, 1624674178491495846477034691721862078654742545400292377355763228092896265189871714807527279097881682218238607814711262824103936, 3306371722086216719736547181892807582057494382254829475163843118494558079162574139316551814778875311268578881260493877450637312, 103979147423455734174530220270199173033903522905618712150768846597945360972151789747681745862264427661967270900141520820742651904, 211607790213517870063139019641139685251679640464309086410485959583651717066404744916259316145848019921189048400671608156840787968, 6654665435101166987169934097292747074169825465959597577649206182268503102217714543851631735184923370365905337609057332527529721856, 13542898573665143684040897257032939856107496989715781530271101413353709892249903674640596233334273274956099097642982922037810429952, 425898587846474687178875782226735812746868829821414244969549195665184198541933730806504431051835095703417941606979669281761902198784, 866745508714569195778617424450108150790879807341810017937350490454637433103993835176998158933393489597190342249150907010419867516928, 27257509622174379979448050062511092015799605108570511678051148522571788706683758771616283587317446125018748262846698834032761740722176, 55471712557732428529831515164806921650616307669875841147990431389096795718655605451327882171737183334220181903945658048666871521083392, 1744480615819160318684675204000709889011174726948512747395273505444594477227760561383442149588316552001199888822188725378096751406219264, 3550189603694875425909216970547642985639443690872053833471387608902194925993958748884984458991179733390091641852522115114679777349337088, 111646759412426260395819213056045432896715182524704815833297504348454046542576675928540297573652259328076792884620078424198192089998032896, 227212134636472027258189886115049151080924396215811445342168806969740475263613359928639005375435502936965865078561415367339505750357573632, 7145392602395280665332429635586907705389771681581108213331040278301058978724907259426579044713744596996914744615685019148684293759874105344, 14541576616734209744524152711363145669179161357811932501898803646063390416871255035432896344027872187965815365027930583509728368022884712448, 457305126553297962581275496677562093144945387621190925653186577811267774638394064603301058861679654207802543655403841225515794800631942742016, 930660903470989423649545773527241322827466326899963680121523433348056986679760322267705366017783820029812183361787557344622615553464621596672, 29267528099411069605201631787363973961276504807756219241803940979921137576857220134611267767147497869299362793945845838433010867240444335489024, 59562297822143323113570929505743444660957844921597675527777499734275647147504660625133143425138164481907979735154403670055847395421735782187008, 1873121798362308454732904434391294333521696307696398031475452222714952804918862088615121137097439863635159218812534133659712695503388437471297536, 3811987060617172679268539488367580458301302074982251233777759982993641417440298280008521179208842526842110703049881834883574233306991090059968512, 119879795095187741102905883801042837345388563692569474014428942253756979514807173671367752774236151272650190004002184554221612512216859998163042304, 243967171879499051473186527255525149331283332798864078961776638911593050716179089920545355469365921717895084995192437432548750931647429763837984768, 7672306886092015430585976563266741590104868076324446336923452304240446688947659114967536177551113681449612160256139811470183200781879039882434707456, 15613899000287939294283937744353609557202133299127301053553704890341955245835461754914902750039418989945285439692315995683120059625435504885631025152, 491027640709888987557502500049071461766711556884764565563100947471388588092650183357922315363271275612775178256392947934091724850040258552475821277184, 999289536018428114834172015638631011660936531144147267427437112981885135733469552314553776002522815356498268140308223723719683816027872312680385609728, 31425769005432895203680160003140573553069539640624932196038460638168869637929611734907028183249361639217611408409148667781870390402576547358452561739776, 63954530305179399349387009000872384746299937993225425115355975230840648686942051348131441664161460182815889160979726318318059764225783828011544679022592, 2011249216347705293035530240200996707396450536999995660546461480842807656827495151034049803727959144909927130138185514738039704985764899030940963951345664, 4093089939531481558360768576055832623763196031566427207382782414773801515964291286280412266506333451700216906302702484372355824910450164992738859457445888, 128719949846253138754273935372863789273372834367999722274973534773939690036959689666179187438589385274235336328843872943234541119088953537980221692886122496, 261957756130014819735089188867573287920844546020251341272498074545523297021714642321946385056405340908813882003372958999830772794268810559535287005276536832, 8238076790160200880273531863863282513495861399551982225598306225532140162365420138635467996069720657551061525046007868367010631621693026430734188344711839744, 16765296392320948463045708087524690426934050945296085841439876770913491009389737108604568643609941818164088448215869375989169458833203875810258368337698357248, 527236914570252856337506039287250080863735129571326862438291598434056970391386888872669951748462122083267937602944503575488680423788353691566988054061557743616, 1072978969108540701634925317601580187323779260498949493852152113338463424600943174950692393191036276362501660685815640063306845365325048051856535573612694863872, 33743162532496182805600386514384005175279048292564919196050662299779646105048760887850876911901575813329148006588448228831275547122454636260287235459939695591424, 68670654022946604904635220326501131988721872671932767606537735253661659174460363196844313164226321687200106283892200964051638103380803075318818276711212471287808, 2159562402079755699558424736920576331217859090724154828547242387185897350723120696822456122361700852053065472421660686645201635015837096720658383069436140517851136, 4394921857468582713896654100896072447278199851003697126818415056234346187165463244598036042510484587980806802169100861699304838616371396820404369709517598162419712, 138211993733104364771739183162916885197942981806345909027023512779897430446279724596637191831148854531396190234986283945292904641013574190122136516443912993142472704, 281274998877989293689385862457348636625804790464236616116378563598998155978589647654274306720671013630771635338822455148755509671447769396505879661409126282394861568, 8845567598918679345391307722426680652668350835606138177729504817913435548561902374184780277193526690009356175039122172498745897024868748167816737052410431561118253056, 18001599928191314796120695197270312744051506589711143431448228070335881982629737449873555630122944872369384661684637129520352618972657241376376298330184082073271140352, 566116326330795478105043694235307561770774453478792843374688308346459875107961751947825937740385708160598795202503819039919737409591599882740271171354267619911568195584, 1152102395404244146951724492625300015619296421741513179612686596501496446888303196791907560327868471831640618347816776289302567614250063448088083093131781252689352982528, 36231444885170910598722796431059683953329565022642741975980051734173432006909552124660860015384685322278322892960244418554863194213862392495377354966673127674340364517376, 73734553305871625404910367528019200999634970991456843495211942176095772600851404594682083860983582197224999574260273682515364327312004060677637317960434000172118590881792, 2318812472650938278318258971587819773013092161449135486462723310987099648442211335978295040984619860625812665149455642787511244429687193119704150717867080171157783329112064, 4719011411575784025914263521793228863976638143453237983693564299270129446454489894059653367102949260622399972752657515680983316947968259883368788349467776011015589816434688, 148403998249660049812368574181620465472837898332744671133614291903174377500301525502610882623015671080052010569565161138400719643499980359661065645943493130954098133063172096, 302016730340850177658512865394766647294504841181007230956388115153288284573087353219817815494588752679833598256170081003582932284669968632535602454365937664704997748251820032, 9497855887978243187991588747623709790261625493295658952551314681803160160019297632167096487873002949123328676452170312857646057183998743018308201340383560381062280516043014144, 19329070741814411370144823385265065426848309835584462781208839369810450212677590606068340191653680171509350288394885184229307666218877992482278557079420010541119855888116482048, 607862776830607564031461679847917426576744031570922172963284139635402250241235048458694175223872188743893035292938900022889347659775919553171724885784547864387985953026752905216, 1237060527476122327689268696656964187318291829477405617997365719667868813611365798788373772265835530976598418457272651790675690638008191518865827653082880674631670776839454851072, 38903217717158884098013547510266715300911618020539019069650184936665744015439043101356427214327820079609154258748089601464918250225658851402990392690211063320831100993712185933824, 79171873758471828972113196586045707988370677086553959551831406058743604071127411122455921425013473982502298781265449714603244200832524257207412969797304363176426929717725110468608]
len(predicted_full) = 200, len(input_sequence + seq_pred) = 200
is_manual_check: False
