test results being evaluated: data/test_linrec15.tsv
csv file used: ../linear_database_newbl.csv
The sequence ID inspected: A041575
csv results file used: ../linear_database_newbl.csv
Results we are looking at now:
('Could you give me a recursive equation in a form of a Python code for the following number sequence: 1,2,13,28,965,1958,12713,27384,943769,1914922,12433301,26781524,923005117,1872791758', 'Certainly, the Python code is the following: lambda a_n: ( n * a_n[-2] * -9 - -2 // n )')

Experiment type: Evaluation of the results of llms.
Ground truth: 
[1, 2, 13, 28, 965, 1958, 12713, 27384, 943769, 1914922, 12433301, 26781524, 923005117, 1872791758, 12159755665, 26192303088, 902698060657, 1831588424402, 11892228607069, 25616045638540, 882837780317429, 1791291606273398, 11630587417957817, 25052466442189032, 863414446452384905, 1751881359346958842, 11374702602534137957, 24501286564415234756, 844418445792652119661, 1713338178149719474078, 11124447514690968964129, 23962233207531657402336, 825840376570767320643553, 1675642986349066298689442, 10879698294665165112780205, 23435039575679396524249852, 807671043867764646937275173, 1638777127311208690398800198, 10640333807735016789330076361, 22919444742781242269058952920, 789901455062297253937334475641, 1602722354867375750143727904202, 10406235584266551754799701900853, 22415193523400479259743131705908, 772522815379882846586066179901725, 1567460824283166172431875491509358, 10177287761078879881177319128957873, 21922036346440925934786513749425104, 755526523540070361663918786609411409, 1532975083426581649262624086968247922, 9953377024099560257239663308418898941, 21439729131625702163741950703806045804, 738904167499373433824465987237824456277, 1499248064130372569812673925179454958358, 9734392552281608852700509538314554206425, 20968033168693590275213693001808563371208, 722647520287863678209966071599805708827497, 1466263073744420946695145836201419981026202, 9520225962754389358380841088808325594984709, 20506714999253199663456828013818071170995620, 706748535937363177915912993558622745408835789, 1434003786873979555495282815131063561988667198, 9310771257181240510887609884345004117340838977, 20055546301236460577270502583821071796670345152, 691199345499220900138084697734261445204132574145, 1402454237299678260853439898052343962204935493442, 9105924769297290465258724086048325218433745534797, 19614303775894259191370888070148994399072426563036, 675992253149702102971868918471114134786896248678021, 1371598810075298465135108725012377263972864923919078, 8905585113601492893782521268545377718624085792192489, 19182769037278284252700151262103132701221036508304056, 661119732381063157485587664180051889560139327074530393, 1341422233799404599223875479622206911821499690657364842, 8709653135177490752828840541913293360489137471018719445, 18760728504154386104881556563448793632799774632694803732, 646574422276426618318801763699172276875681474982642046333, 1311909573057007622742485083961793347384162724597978896398, 8518031860618472354773712267469932361180657822570515424721, 18347973294293952332289909618901658069745478369739009745840, 632349123866612851652630639310126306732526922393696846783281, 1283046221027519655637551188239154271534799323157132703312402, 8330626450031730785477937768745051935941322861336493066657693, 17944299121090981226593426725729258143417445045830118836627788, 618436796567125092489654446443539828812134454419560533512002485, 1254817892255341166205902319612808915767686353884951185860632758, 8147344150099172089725068364120393323418252577729267648675799033, 17549506192453685345656039047853595562604191509343486483212230824, 604830554693524473842030395991142642451960763895407808077891647049, 1227210615579502633029716831030138880466525719300159102638995524922, 7968094248170540272020331382171975925251115079696362423911864796581, 17163399111920583177070379595374090730968755878692883950462725118084, 591523664053470368292413237624891060778188814955254416739644518811437, 1200210727218861319761896854845156212287346385789201717429751762740958, 7792788027366638286863794366695828334502267129690464721318155095257185, 16785786781952137893489485588236812881291880645170131160066061953255328, 578509538613739326665506304366747466298426209065474924163564261505938337, 1173804864009430791224502094321731745478144298776119979487194584965132002, 7621338722670324074012518870297137939167292001722194801086731771296730349, 16416482309350078939249539834916007623812728302220509581660658127558592700, 565781737240573008008496873257441397148800054277219520577549108108288882149, 1147979956790496094956243286349798801921412836856659550736758874344136356998, 7453661477983549577745956591356234208677277075417176824998102354173107024137, 16055302912757595250448156469062267219275966987691013200732963582690350405272, 553333960511741788092983276539473319664060154656911625649918864165645020803385, 1122723223936241171436414709548008906547396276301514264500570691913980392012042, 7289673304129188816711471533827526758948437812465997212653343015649527372875637, 15702069832194618804859357777203062424444271901233508689807256723213035137763316, 541160047598746228181929635958731649190053682454405292666100071604892722056828381, 1098022165029687075168718629694666360804551636810044094022007399932998479251420078, 7129293037776868679194241414126729814017363503314669856798144471202883597565348849, 15356608240583424433557201457948125988839278643439383807618296342338765674382117776, 529253973217613299420139090984363013434552837380253719315820220110720916526557353233, 1073864554675810023273835383426674152857944953403946822439258736563780598727496824242, 6972441301272473439063151391544407930582222557803934653951372639493404508891538298685, 15018747157220756901400138166515490014022390069011816130342004015550589616510573421612, 517609844646778208086667849053071068407343484904205683085579509168213451470251034633493, 1050238436450777173074735836272657626828709359877423182301501022351977492557012642688598, 6819040463351441246535082866689016829379599644168744776894585643280078406812326890765081, 14688319363153659666144901569650691285587908648214912736090672308912134306181666424218760, 506221898810575869895461736234812520539368493683475777803977444146292644816988985314202921, 1027132116984305399457068374039275732364324896015166468344045560601497423940159637052624602, 6669014600716408266637871980470466914725317869774474587868250807755277188457946807629950533, 14365161318417121932732812334980209561814960635564115644080547176112051800856053252312525668, 495084499426898553979553491369797592016433979478954406486606854795565038417563757386255823245, 1004534160172214229891839795074575393594682919593472928617294256767242128635983568024824172158, 6522289460460183933330592261817249953584531497039791978190372395399017810233465165535200856193, 14049113081092582096553024318709075300763745913673056884998039047565277749102913899095225884544, 484192134217607975216133419097925810179551892561923726068123700012618461279732537734772880930689, 982433381516308532528819862514560695659867531037520509021245439072802200308567989368640987745922, 6378792423315459170389052594185289984138757078787046780195596334449431663131140473946618807406221, 13740018228147226873306925050885140663937381688611614069412438107971665526570848937261878602558364, 473539412180321172862824504324280072558009734491581925140218492005486059566540004340850491294390597, 960818842588789572598955933699445285779956850671775464349849422118943784659650857618962861191339558, 6238452467713058608456560106520951787237750838522234711239315024719148767524445150054627658442427945, 13437723778014906789512076146741348860255458527716244886828479471557241319708541157728218178076195448, 463121060920219889451867149095726813035923340780874560863407617057665353637614844512814045713033073177, 939679845618454685693246374338194974932102140089465366613643713586887948594938230183356309604142341802, 6101200134630948003611345395124896662628536181317666760545269898578993045207244225612951903337887123989, 13142080114880350692915937164587988300189174502724798887704183510744874039009426681409260116279916589780, 452931924040562871562753208991116498869060469273960828942487509263904710371527751393527795856855051176509, 919005928196006093818422355146820986038310113050646456772679202038554294782064929468464851829990018942798, 5966967493216599434473287339872042415098921147577839569578562721495230479063917328204316906836795164833297, 12852940914629204962764997034890905816236152408206325595929804645029015252909899585877098665503580348609392, 442966958590609568168483186526162840167128103026592909831191920652481749078000503248025671533958527017552625, 898786858095848341299731370087216586150492358461392145258313645949992513408910906081928441733420634383714642, 5835688107165699615966871407049462357070082253794945781381073796352436829531465939739596321934482333319840477, 12570163072427247573233474184186141300290656866051283708020461238654866172471842785561121085602385301023395596, 433221232569692117105904993669378266566952415699538591854076755910617886693574120648817713232415582568115290741, 879012628211811481785043461522942674434195488265128467416173973059890639559620084083196547550433550437253977078, 5707297001840561007816165762807034313172125345290309396351120594269961724051294625147996998535016885191639153209, 12293606631892933497417374987137011300778446178845747260118415161599814087662209334379190544620467320820532283496, 423689922486200299920006915325465418539639295426045716240377236088663640704566411994040475515630905793089736792073, 859673451604293533337431205638067848380057037030937179740872887338927095496795033322460141575882278907000005867642, 5581730632111961499944594149153872508819981517611668794685614560122226213685336611928801324970924579235089771997925, 12023134715828216533226619503945812866020020072254274769112102007583379522867468257180062791517731437377179549863492, 414368310970271323629649657283311509953500663974257010944497082817957129991179257356050936236573793450059194467356653, 840759756656370863792525934070568832773021348020768296658106267643497639505225982969281935264665318337495568484576798, 5458926850908496506384805261706724506591628752098866790893134688678942967022535155171742547824565703475032605374817441, 11758613458473363876562136457484017845956278852218501878444375645001383573550296293312767030913796725287560779234211680, 405251784439002868309497444816163331269105109727527930658001906618725984467732609127805821598893654363252099099338014561, 822262182336479100495557026089810680384166498307274363194448188882453352509015514548924410228701105451791758977910240802, 5338824878457877471282839601355027413574104099571174109824691039913446099521825696421352282971100287074002652966799459373, 11499911939252234043061236228799865507532374697449622582843830268709345551552666907391628976170901679599797064911509159548, 396335830813033834935364871380550454669674843812858341926514920176031194852312500547736737472781757393467102859958110884005, 804171573565319903913790978989900774846882062323166306435873670620771735256177668002865103921734416466534002784827730927558, 5221365272204953258418110745319955103750967217751856180541756943900661606389378508564927361003188256192671119568924496449353, 11246902117975226420750012469629810982348816497826878667519387558422094948034934685132719825928110928851876241922676723826264, 387616037283362651563918534712733528503610728143865730876200933930251889839577157803077401442558959837156463344939933106542329, 786478976684700529548587081895096867989570272785558340419921255418925874627189250291287522711046030603164802931802542936910922, 5106489897391565828855441026083314736441032364857215773395728466443807137602712659550802537708835143456145280935755190728007861, 10999458771467832187259469134061726340871635002499989887211378188306540149832614569392892598128716317515455364803312924392926644, 379088088127297860195677391584182010326076622449856871938582586868866172231911608018909150874085189938981627684248394620087513757, 769175635026063552578614252302425746993024879902213733764376551926038884613655830607211194346299096195478710733300102164567954158, 4994141898283679175667362905398736492284225901863139274524841898425099479913846591662176316951879767111853892084049007607495238705, 10757459431593421903913340063099898731561476683628492282814060348776237844441349013931563828250058630419186494901398117379558431568, 370747762572460023908720925050795293365374433145231876890202893756817186190919713065335346477453873201364194718731584998512481912017, 752252984576513469721355190164690485462310342974092246063219847862410610226280775144602256783157805033147575932364568114404522255602, 4884265670031540842236852066038938206139236490989785353269521980931280847548604363932948887176400703400249650312918993684939615445629, 10520784324639595154195059322242566897740783324953662952602263809724972305323489503010500031135959211833646876558202555484283753146860, 362590932707777776084868869022286212729325869539414325741746491511580339228547247466289949945799013905744243453291805880150587222438869, 735702649740195147323932797366814992356392522403782314436095246832885650762417984435590399922733987023322133783141814315785458198024598, 4776806831148948660028465653223176166867681003962108212358317972508894243803055154079832349482202936045677046152142691774863336410586457, 10289316312038092467380864103813167326091754530327998739152731191850674138368528292595255098887139859114676226087427197865512131019197512, 354613561440444092550977845182870865253987335035114065343551178495431814948333017102318505711644958145944668733124667419202275791063301865, 719516439192926277569336554469554897834066424600556129426255088182714304035034562497232266522177056151004013692336762036270063713145801242, 4671712196598001757966997172000200252258385882638450841901081707591717639158540392085712104844707295051968750887145239636822658069938109317, 10062940832388929793503330898469955402350838189877457813228418503366149582352115346668656476211591646254941515466627241309915379853022019876, 346811700497821614737080247719978683932186884338472016491667310822040803439130462178820032296038823267719980276752471444173945573072686785101, 703686341828032159267663826338427323266724606866821490796563040147447756460613039704308721068289238181694902068971570129657806525998395590078, 4568929751466014570343063205750542623532534525539400961271045551706727342202808700404672358705774252357889392690581892222120784729063060325569, 9841545844760061299953790237839512570331793657945623413338654143560902440866230440513653438479837742897473687450135354573899375984124516241216, 339181488473308098768771931292293970014813518895690597014785286432777410331654643677868889267020257510871994765995183947734699568189296612526913, 688204522791376258837497652822427452599958831449326817442909227009115723104175517796251431972520352764641463219440503250043298512362717741295042, 4468408625221565651793757848226858685614566507591651501672240648487471748956707750455377481102142374098720774082638203447994490642365603060297165, 9625021773234507562425013349276144823829091846632629820787390523984059221017591018707006394176805100962083011384716910146032279797093923861889372, 331719148915194822774244211723615782695803689293101065408443518463945485263554802386493594883113515806809543161163013148413092003743559014364535813, 673063319603624153110913436796507710215436470432834760637674427451875029748127195791694196160403836714581169333710743206972216287284211952590960998, 4370099066536939741439724832502662043988422511890109629234490083175195663752317977136658771845536536094296559163427472390246389727448830729910301801, 9413261452677503635990363101801831798192281494213054019106654593802266357252763150065011739851476908903174287660565687987464995742181873412411564600]
Predicted:    
[1, 2, 13, 28, 965, 1958, 12713, 27384, 943769, 1914922, 12433301, 26781524, 923005117, 1872791758, -116298644741, -252826887329, 16747004842705, 38682513761338, -2713014784518209, -6614709853188797, 488342661213277621, 1250180162252682634, -96691846920228968957, -258787293586305305237, 20885438934769457294713, 58227141056918693678326, -4887192710736053006962841, -14149195276831242563833217, 1231572563105485357754635933, 3692939967252954309160469638, -332524592038481046593751701909, -1030330250863574252255771029001, 95767082507082541419000490149793, 306008084506481552919963995613298, -29304727247167257674214149985836657, -96392546619541689169788658618188869, 9494731628082191486445384595411076869, 32098718024307382493539623319856893378, -3247198216804109488364321531630588289197, -11266650026531891255232407785269769575677, 1168991358049479415811155751387011784110921, 4157393859790267873180758472764544973424814, -441878733342703219176616874024290454393928137, -1608911423738833666920953528959878904715403017, 174983978403710474793940282113619019939995542253, 651609126614227635102986179228750956409738221886, -72443367059136136564691276795038274255158154492741, -275630660557818289648563153813761654561319267857777, 31295534569546810995946631575456534478228322740864113, 121553121305997865735016350831868889661541797125279658, -14082990556296064948175984208955440515202745233388850849, -55792882679453020372372505031827820354647684880503363021, 6590839580346558395746360609791146161114884769225982197333, 26613205038099090717621684900181870309166945688000104161018, -3203148036048427380332731256358497034301833997843827347903837, -13173536493859049905222734025590025803037638115560051559703909, 1614386610168407399687696553204682505288124334913288983343533849, 6758024221349692601379262555127683236958308353282306450128105318, -842709810507908662636977600772844267760400902824736849305324669177, -3588510861536686771332388416772799798824861735592904725018023923857, 455063297674270677823967904417335904590616487525357898624875321355581, 1970092462983641037461481240808267089554849092840504694034895134197494, -253925320102243038225774090664873434761564000039149707432680429316414197, -1117042426511724468240659863538287439777599435640566161517785541089979097, 146260984378891990018045876222967098422660864022550231481223927286254577473, 653469819509358813920786020169898152269895669849731204487904541537637771746, -86879024721061842070719250476442456463060553229394837499847012808035219018961, -394042301164143364794233970162448585818747088919387916306206438547195576362837, 53169963129289847347280181291582783355393058576389640549906371838517554039604133, 244700269022933029537219295470880571793441942218939896026154198337808452921321778, -33497076771452603828786514213697153513897626903125473546441014258266059044950603789, -156363471905654205874283129805892685376009401077902593560712532737859601416724616141, 21706105747901287281053661210475755477005662233225306858093777239356406261127991255273, 102730801042014813259404016282471494292038176508182003969388134008773758130788072804638, -14456266428102257329181738366176853147685771047328054367490455641411366569911242176011817, -69343290703359998950097710990668258647125769143022852679336990455922286738281949143130649, 9888086236821944013160309042464967553017067396372389187363471658725374733819289648392082829, 48054900457428479272417713716533103242458158016114836906780534385954144709629390756189539758, -6941436538249004697238536947810407222217981312253417209529157104425213063141141333171242145957, -34167034225231648762688994452455036405387750349457649040720959948413396888546496827650762767937, 4997834307539283382011746602423493199996946544822460390860993115186153405461621759883294345089041, 24907767950193871948000276955839721539527670004754626150685579802393366331750396187357406057826074, -3688401718963991135924668992588537981597746550078975768455412919007381213230676858793871226675712257, -18606102658794822345156206886012271990027169493551705734562128112387844649817545951955982325196077277, 2788431699536777298759049758396934714087896391859705680952292166769580197202391705248166647366838466293, 14233668533978039094044498267799388072370784662567054886940028005976701157110422653246326478774999116906, -2158246135441465629239504512999227468704031807299412197057074137079655072634651179862080985061932972910781, -11144962462104804610636842143686920860666324390790003976474041928679757006017460937491873632880824308537397, 1709330939269640778357687574295388155213593191381134460069202716567086817526643734450768140169050914545338553, 8927114932145948493120110557093223609393725837022793185155707584872485361819986210930990779937540271138454998, -1384558060808409030469726935179264405723010485018718912656054200419340322196581424905122193536931240781724227929, -7311307129427531815865370546259350136093461460521667618642524512010565511330568706752481448768845482062394643361, 1146414074349362677228933902328430927938652681595499259679212877947213786778769419821441176248579067367267660725213, 6119564067330844129879315147219076063910227242456635796803793016552843332983686007551826972619523668486224316493158, -969866306899560824935678081369852565036100168629792373688614094743342863614838929168939235106297890992708440973530197, -5232227277567871731046814450872310034643244292300423606267243029152681049701051536456812061589692736555721790601650089, 837964489161220552744425862303552616191190545696140610866962577858248234163220834801963499131841377817700093001130090209, 4567734413316752021203869015611526660243552267178269808271303164450290556389017991326796929767801759013145123195240527698, -739084679440196527520583610551733407480630061303996018784660993670974942531960776295331806234284095235211482026996739564337, -4069851362265226050892647292909870254277005070055838399169731119525208885742615030272176064423111367280712304766959310178917, 665176211496176874768525249496560066732567055173596416906194894303877448278764698665798625610855685711690333824297065607903301, 3699494888299090480261416389255072061137797608680757104845285587648414877140037062517408042560608232858167485033166012952635554, -610631762153490371037506179037842141260496556649361510719886912970959497519905993375203138310765519483331726450704706228055230317, -3429431761453256875202332992839451800674738383247061836191579739750080591108814356953637255453683831859521258625744894007093158557, 571551329375666987291105783579420244219824777023802374033814150540818089678632009799190137458876526236398495957859605029459695576713, 3240813014573327747066204678233281951637627772168473435201042854063826158597829567321187206403731221107247589401328924836703034836366, -545259968224386305875714917534766912985712837280707464828258699615940457553414937348427391135768206029524165143798063198104549580184201, -3120902933034114620424755105138650519427035544598239918098604268463464590729709873330303279766793165926279428593479754617745022547420457, 529992689114103489311194899843793439422112877836847655813067456026694124741919319102671424183966696260697488519771717428557622191939043373, 3061605777306466442636684758141016159557921869250873359654730787362658763505845385737027517451224095773680119450203639280007867119019468318, -524692762222962454418082950845355505027891749058479179254936781466427183494500125911644709942127029298090513634574000254272045970019652939269, -3058544171529159976194048073382875143398363947381622486295076056575296104742339540351290489933772871677906439330753435640727859251900448849681, 528890304320746154053427614452118349068114883050947012688976275718158600962456126918937867621664045532475237743650592256306222337779810162783153, 3110539422445155695789346890630384020836136134487110068562092349537076138522959312537262428262647010496430848799376244046620232859182756480125578, -542641452233085554058816732427873426143885870010271635018889658886830724587479986218830252179827310716319593924985507654970184118562085227015514977, -3219408302230736145141974031802447461565400899194158920961765581770873803371262888476066613251839655863805928507354412588251941009254152956929973229, 566517676131341318437404668654699856894216848290723586959720803877851276469329105612458783275739712387837656057684869991788872219778816977004197635989, 3390036942248965160834498655487977177028367146851449343772739157604730114949939821565298143754187157624587642718244196455429293882744623063647261810138, -601641772051484480180523758111291248021658292884748449351223493718278055610427510160431227838835574555883590733261331931279782297405103629578457889420317, -3630729565148641687253748060027623556597381214277902247180603637794665953111385548896434311960734445815933365351239534403764773748419491301166217398657797, 649773113815603238594965658760194547863390956315528325299321373215740300059261710973265726065942420520354277991922238485782164881197511919944734520573942361, 3953864496446870797419331637370082053134548142348635547179677361558391222938298862748216965725239811493551434867499852965699838612028826026970010747138340934, -713450878969532355977272293318693613554003270034450101178654867790882849465069358648645767220404777731348997235130617857388817039554868088099318503590188712377, -4376927997566685972743200122568680832819944793579939550727902839245139083792696841062276181057840471323361438398322337233029721343515910411855801897082143413937, 796211180929998109270635879343662072726267649358446312915378832454625260003017404251888676217971731948185480914405769528845919816143232786318839450006650603012733, 4924043997262521719336100137889765936922437892777431994568890694150781469266783946195060703690070530238781618198112629387158436511455399213337777134217411340679126, -902903479174617855912901087175712790471587514372478118846039596003545044843421736421641758831179944029242335356936142645711273071506425979685563936307541783816439221, -5628182288871062325201162457608002465902346511444604769792242063414343219371934050500954384317750616062927389600442735389522092932593521300845079264410501162396241017, 1040144808009159770011662052426421134623268816557094792910637614596083891659621840357731306173519295521687170331190436327859386578375402728597769654626288134956537982593, 6534319637379303359558549613282890862912624299787186137728793035624052477690815432631608040192908465249058699326114015787235149894741078230281137025980591849542035820738, -1216969425370716930913644601338912727509224515371800907705446009077418153241757553218545628223017575760373989287492810503595482296699221192459390495912757117899149439633809, -7703962852470198660919529994060528327373984049449092456382246989000757871197471395072665879387439080528640206505488424613150241725899731233501460553631117790610060232650101, 1445759677340411713925409786390628320280958724261699478354069858783972766051207973223632206328944880003324299273541458878271432968478674776641755909144355456064189534284965093, 9221643534406827797120677402890452407866658907190563670289549645833907171823373259901981057626764579392782327187069644261940839345901978286501248282696447995360242098482170898, -1743586170872536526994044202387097754258836221459609570895008249693471155857756815707700440832707525284009104923890999407195348159985281780629957626428092680013412578347667902157, -11204296894304295773501623044511899675557990572236534859401802819688197213765398510780906985016518963962230527532289617778258119805270903618099016663476184314362694149655837641069, 2134149473147984709040710103721807651212815535066562114775490097624808694769894342426225339579234010947627144426842583274407106147821984899491068134747985440336416995897545512240169, 13814898070677196688727501213883172299963002375567647481642422876675547164572736363792858312525367882565430240447313098720592261719899024161116087546066135259609201886525647811438078, -2650613645649797008628561948822485102806316894552670146551158701250012398904208773293371871757408641596952913378138488426813625835594905245167906623356997916897829908904751526202289897, -17282437486417173057598104018567848547253715971835126999534671018721109502880493191104865748969235221089353230799588686499460919411593679225556225520128735209771111560043585412109035577, 3339773193518744230871988055516331229535959287136364384654459963575015622619303054349648558414334888412160670856454495417785168552849580608911562345429817375291265685219986923014885270221, 21931413170263392610091993999562599806464965568258776162409497522757087959155345859512074635441959495562389249884678043167815906733312378937230850185043364981199540569695309887966366147214, -4268230141316955127054400734949871311346955968960273683588399833448869965707469303458850857653519987390741337354548845143929445410541764018188976677459306605622237545711143287613023375342437, -28225728750128986289188396277437065950920410686349044921021023311788372203432930121192040055813801870788794964601580641556979071965773031692216104188150810730803808713197863825812713231464417, 5531626263146773844662503352495033219505654935772514693930566184149735475556880217282670711518961903658400773211495303306532561252062126167572913773987261360886419859241641700746478294443798353, 36834576018918327107390857142055371065951135945685503621932435421883825725479973808155612272837011441379377428805062737231857688915333806358342015965536808003698970370723212292685590767061064186, -7268556909774860831886529405178473650430430585605084307824763965972752414881740605509429314935915941407138615999904828544783785485209633784190808699019261428204755695043517194780872478899151035841, -48732144073028946763078103998939255920253352856141921291816612063152301434810005348189875036963366136944916338309098001357747722434986625812086487122405196988893737800466809863223036584821787918077, 9681717803820114628072857167697726902373333540025972298022585602675706216622478486538559847494640033954308636511873231621652002266299232200542157187093656222368734585797964903448122141893669179740213, 65349805201931817609287737462577542189059746180086316452326076776687236224080217171922622424567873989643132809672500419820739695785317065214007979231145369162106502390425992026582092060246017598141258, -13070319035157154747898357176391931318204000279035062602330490563612203392440345956827055794117764045838316659291028862689230203059503963470731912202576435900197791690827252619654964891556453392649287549, -88810385269425340131022035211642879834932195058737304058711138339517954028525015136642843874987740751925017488344928070536385246572245891625836843775126556691302736748588923164125063109874337915873969621, 17880196440094987695124952617304162043303072381719965639988111091021494240858393268939412326353101214706817189910127484158866917785401422027961255893124564311470579033051681583687991971649228241144225367033, 122291900515998693360417342486432245532701632595881267688845237493516222697278945843157196015858119015400749081450965953128602484529982592768777333878349268563923868502806947197000211902296963310158456168118, -24781952265971652945443184327583568592018058321063872377023521972155791017829733070750025484325398283583648625215436693044189548050566370930754300667870646135698222539809630674991556872705830342225896358707737, -170597201219818177237782192768572982518118777471254368425939106303455130662704129451204288442122076026484044968624097504614400465919325716912444380760297229646673796561415691339815295603704263817671046354524609, 34793860981424200735402230795927330303193353882773676817341024848906730589032945231333035779992859190151442669802473117034042125462995184786779038137690387174520304445892721467688145849278985800485158487625662749, 241053845323603084436986238381993624298101832566882422585851957206782099626400934914551659568718493425421955540665849774020147858344007237997283910014299985490750074541280371863159012688034124774369188498943272518, -49476870315585213445741972191808663691140949221304168434258937335145370897604848118955576879149845768395351476459116772422407902408379152766799792231795730562167872922059449927052543397674717808289895369403692429077, -344948052658076013829327307124632876370583722403208746720354150762905184565379737862723424842836164091778818378692831026622831585290274357574113275230463279237263356668572212136180547156576832552122308741987822973257, 71246693254442707361868439956204475715242966878678002545332869762609334092550981291296030705975777906489306126101128152288267379468065979984191700813785852009521737007765607894955662492651593643937449331941317097870881, 499829728301552144038695268023593037860975813762249473997793164455449612435235240163086242597269601768987507830725912157576482967085607544124890135808941291614794603812761135385325612829879830368025225367140355488249394, -103877678764977467333604185456146125592824245709112527711095324113884409106939330722709612769312684187661408331855444846036293839264440198816951499786499772229882692557322256310845355914286023532860801125970440328695744497, -733250211418376995304765958190610986542051518789219978354762572256144581442490097319247517890194505795104673987674913135164700512714586267231213829231716874798903683793320585610272674021433711149893005613594901501261860997, 153323453857106741784399777733271681375008586666650090901576698392093387841842452146719388447505521860988238697818636592749569706754313733453820413684873663811306854214607650314807745329486170734502542461932369925154918877573, 1088876563956289838027577447913057315014946505401991667856822419800374703442097794519082564066938841105730440871697246005719580261381160606838352536409099559076371970433081069631254920921829061057591113336188428729373863580546, -229065240062517472225893267933507891974262828479975235806955587397787521435712623507198766340573249660316428614541043069567857141890944717780007698045201253734092440196623829570322771522252339077346798438126960668181448803094061, -1636581475626303626555448904213325144467464597619193476788804096959963179273472985162181093792609078181912852630160960746596529132855884392078043862222876637291787071560920847655776146145509078769559443344291208380248916961560637, 346346642974526418005550621115463932665085396661722556540116848145454732410797486742884534706946753486398440065186057121186599998539108413283371639444344295645947769577295230310328030541645536684948359238447964530290350590278220233, 2489240424427607815990837783308467544735013652978793278195771031476103995674952410431677443658558407914689448850474821295573320811073800160350704714440995365320808135844160609284435518287319308808499913326666927946358602698533728878, -529910363751025419548492450306659816977580656892435511506378777662545740588520154716613338101628532834189613299734667395415497997764835872323558608349846772338300087453261702374801886728717671127970989634825385731344236403125676956489, -3830941013194088428809899348511731551347186011934362855143291617441724049343751759654351585790521389780707061780880749973887340728242578446779734555524691867228723721064163177688746262644184416256281366609740402109445889553043408743241, 820301243086587349461066313074709396681294856869490171811874347821620806431029199501317447381320968827325521387989265128103190900539965930356868725725562803579688535377649115276193320656054954906099091954709697112120877952038547928644973, 5964775157543195683657013285632766025447568620581802965458105048356764344828221489781825419075841803888560895192831327709342589513873694641636046702951945237275122833696902067661377930936995136111030087811365806084407250034088587413226238, -1284591746673595789256029846274994915202907745857621609057395228688658182870991726419063122599148637183591766493591189190609596950245586646938856424486231350405792246401398514522518740147382059382951178001075385677581294872892366056258027717, -9394520873130533201759795924871606490079920577416339670596515451161903843104448846406375035044450841124483409928709341142214578484351069060576773557149313748708318463072620756566670241225767339374872388302901144582941418803689525175831324849, 2034793326730975730181551276499591945681405869438472628746914042242834561667650894647795986197051441298809358125848443677925601569189009248751148576386190459042774918299815247003669684393453182062594665953703410913288771078661507833112715903729, 14965471750896939390403354908320469138697313479824229095260249113700912822065387012325355430825810189911302072016433980439547823525571253013498800276538856801692351311674684865210705694272647371624171714566521523320625680154277413605099300484458, -3259738909423023119750845144952346296981612202840433151252556295673020967791576733225769169887676408960692591717609206772036813713840792816499340019370677115386525419116304025699878834398311997664276654857832864283088611268015735548646570877773857, -24109374990694969357939804757304275782441372015996833072464261322172170556347338476856147599060380215947107638018475142488111543699695288604746567245504098307526377963107917317854446873473234915686540632166666174069527970728540913317814973080461837, 5280777033265297453996369134822801001110211768601501705029141198990293967822354307825746055218035782516321998582526914970699638216422084362728930831380496926926171178968412521633803711725265436216128180869689240138603550254185491588807444821993648341, 39274171859842105084083941949648665249596995014058841075044281693818465836289814378798664438869359371777838342332096007113133704686803625137132158042926176142960469701902797310784893956887899677653374689799499197559261064316793147794720591148072332474, -8649912780488557229646052642839748039818526876969259792837733283946101519293016356218572038447142611761735433678179086722006007398499374186149988701801253966305068391150259710436170479805984784522017960264550975347032615316355835222466594618425595982557, -64684561053159947073486252391071351666086250788154911250597931949719013232369324281881400330817834885318099749820962123715331211619165570600856664296699412107455893599033907170862720346994370769095108114099775178380102972929758314417904813620875131584677, 14324255564489050772293863176542622753939480508261094216939286318214744115949235085897955295668468165077433878171064567611641948251914963652264381290182876568201193255744830080482298314558710803168461742198096415174686010963885263128404680688112786947114393, 107699794153511311877354610231133800524033607562277927232245556696282157031894924929332531550811695084054636083451901935986026467345910675050426346054004521158914062842391455439486429377745627330543355009976125672002871449928047593505811514678757094088487206, -23978803814954670992819926957532350490094690370829071719156365296691481650099019533793177164949015708339624312058362086181888621373705649153890574279766135375168797510116845554727367378571281884504004956439613399002424382353543930476949435471900805349469493881, -181258753560359537889587809018998186281948561527313751531869271919842870284679158656066650600016082826463952528449550958264482544543167666109867540408889609110452367763744819504655660642745890797304466481789819505980832650228904099870280779204348189350923967697, 40572136054903303319851316412144737029240216107442789348812570082001986951967541051178055763093734578510644336002748649819755547364309958368382851681364301054785605387117702678598705604542608948580776386295825871112102054942196330366998444818456162651302383646653, 308321139806171573950188863141315914865594503157960691355709631535652722354239248873969372670627356887815183250892686180007884808267928200052884686235521225096879477566129937977419278753310760246214897485524482979673396338039365873879347605426596270085921669052598, -69378352653884648676945751064767500320000769543727169786469494840223397687864495197514475354890286129253201814564700191191781985992970028809934676375132954803683385211971271580403786583767861302073127620565862239601694513951155724927567340639560038133727076035776629, -530004039326808935620374655739922057653956950928534428440464856609787029726937268814353351620808426490154300008284527543433553985412568575890908775638860985941535821936177363383183740176941196863243408777616586242058568305089669937198598533728318988277699349101415961, 119885793385912672913762257839918240552961329771560549391019287083906031204629847701305013413250414431349532735567801930379399271795852209783567120776229745900764889646286357290937743216750864329982364528337809950031728120107597092674836364625159745895080387389822014913, 920617016310667121172590777020244614144923223762864302201087455931200070635690035930531771765344236813398019114390224342944083272661631616322508543284701532580447722703140080196590156687346858951453801046720010302455733145940756680913965653086090082638363769389159524258, -209320595251803526907428902188497248005470481781144719236719675248499930483283714086478553419535223597136284156301382170442431128555557958282108192875297136342735497322415979829977299656447009120149208466477816172755397297707864523810264292635528916332810356382629238038097, -1615682863625220797657896813670529297824340257703826850362908485159256123965636013058083259448179135607513523545754843721866866143521163486646002493464651189678685753344010840745015724986293737459801420836993618080809811671126027975004009721166088095030328415277974965072789, 369241530024181421464704583460509145481649929861939284733573507138353877372512471648548168232060134425348405251715638148660448510772004238409638852232024148508585417276741788420079956593972524087943203734866867728740520833156673020001306212209073008411077468658957975899203109, 2864605717207516474247451050637848445042555276908885005693436744187361107791072651151981619001621607432121477246623337918869953672463022861823362420912826559300309840678931220640912880400698796516227919143989684857275796092906447599682109235627474192488772280287849613074054898, -657988406503091293050103567726627297248300175013975805395227989720546609477817224477712835789531159545970858158557267180912919246195711552845976434677467032642299213587153866964582482650459037924714789055532758292615608124685191321642327670156568100988540049150263113052379940237, -5130508839518662005377184831692386565071216500943813045196945208839563744053811118213199079631904298910929565748702398212696087027381273945525642095854872367706854924655965816167874968797651544560564203186885525579380950802395447651030657641008806278747391153995538657015632322317]
len(predicted_full) = 200, len(input_sequence + seq_pred) = 200
is_manual_check: False
