test results being evaluated: data/test_linrec15.tsv
csv file used: ../linear_database_newbl.csv
The sequence ID inspected: A041971
csv results file used: ../linear_database_newbl.csv
Results we are looking at now:
('Could you give me a recursive equation in a form of a Python code for the following number sequence: 1,1,2,11,13,193,978,1171,2149,7618,32621,40239,113099,153338,266437', 'Certainly, the Python code is the following: lambda a_n: 1 - n * 7 * a_n[-3] // a_n[-1]')

Experiment type: Evaluation of the results of llms.
Ground truth: 
[1, 1, 2, 11, 13, 193, 978, 1171, 2149, 7618, 32621, 40239, 113099, 153338, 266437, 419775, 4464187, 4883962, 9348149, 14232111, 37812371, 52044482, 245990299, 790015379, 1036005678, 1826021057, 10166110963, 144151574539, 154317685502, 915740002049, 1070057687551, 1985797689600, 88445156029951, 90430953719551, 178876109749502, 984811502467061, 1163687612216563, 17276438073498943, 87545877979711278, 104822316053210221, 192368194032921499, 681926898151974718, 2920075786640820371, 3602002684792795089, 10124081156226410549, 13726083841019205638, 23850164997245616187, 37576248838264821825, 399612653379893834437, 437188902218158656262, 836801555598052490699, 1273990457816211146961, 3384782471230474784621, 4658772929046685931582, 22019874187417218510949, 70718395491298341464429, 92738269678715559975378, 163456665170013901439807, 910021595528785067174413, 12903759002573004841881589, 13813780598101789909056002, 81972661993081954387161599, 95786442591183744296217601, 177759104584265698683379200, 7917187044298874486364902401, 8094946148883140185048281601, 16012133193182014671413184002, 88155612114793213542114201611, 104167745307975228213527385613, 1546504046426446408531497600193, 7836687977440207270871015386578, 9383192023866653679402512986771, 17219880001306860950273528373349, 61042832027787236530223098106818, 261391208112455807071165920800621, 322434040140243043601389018907439, 906259288392941894273943958615499, 1228693328533184937875332977522938, 2134952616926126832149276936138437, 3363645945459311770024609913661375, 35771412071519244532395376072752187, 39135058016978556302419985986413562, 74906470088497800834815362059165749, 114041528105476357137235348045579311, 302989526299450515109286058150324371, 417031054404926872246521406195903682, 1971113743919158004095371682933939099, 6330372286162400884532636454997720979, 8301486030081558888628008137931660078, 14631858316243959773160644592929381057, 81460777611301357754431231102578565363, 1155082744874462968335197880029029296139, 1236543522485764326089629111131607861502, 7337800357303284598783343435687068603649, 8574343879789048924872972546818676465151, 15912144237092333523656315982505745068800, 708708690311851723965750875777071459492351, 724620834548944057489407191759577204561151, 1433329524860795781455158067536648664053502, 7891268458852922964765197529442820524828661, 9324597983713718746220355596979469188882163, 138435640230844985411850175887155389169178943, 701502799137938645805471235032756415034776878, 839938439368783631217321410919911804203955821, 1541441238506722277022792645952668219238732699, 5464262154888950462285699348777916461920153918, 23398489858062524126165590041064334066919348371, 28862752012951474588451289389842250528839502289, 81123993883965473303068168820748835124598352949, 109986745896916947891519458210591085653437855238, 191110739780882421194587627031339920778036208187, 301097485677799369086107085241931006431474063425, 3202085596558876112055658479450649985092776842437, 3503183082236675481141765564692580991524250905862, 6705268678795551593197424044143230976617027748299, 10208451761032227074339189608835811968141278654161, 27122172200860005741875803261814854912899585056621, 37330623961892232816214992870650666881040863710782, 176444668048428937006735774744417522437063039899749, 566664628107179043836422317103903234192229983410029, 743109296155607980843158091848320756629293023309778, 1309773924262787024679580408952223990821523006719807, 7291978917469543104241060136609440710736908056908813, 103397478768836390484054422321484393941138235803443189, 110689457686305933588295482458093834651875143860352002, 656844767200366058425531834611953567200513955105203199, 767534224886671992013827317070047401852389098965555201, 1424378992087038050439359151682000969052903054070758400, 63440209876716346211345629991078090040180123478078924801, 64864588868803384261784989142760091009233026532149683201, 128304798745519730473130619133838181049413150010228608002, 706388582596402036627438084811950996256298776583292723211, 834693381341921767100568703945789177305711926593521331213, 12392095921383306776035399940052999478536265748892591360193, 62795172988258455647277568404210786569987040671056478132178, 75187268909641762423312968344263786048523306419949069492371, 137982441897900218070590536748474572618510347091005547624549, 489134594603342416635084578589687503904054347692965712366018, 2094520820311269884610928851107224588234727737862868397088621, 2583655414914612301246013429696912092138782085555834109454639, 7261831650140494487102955710501048772512291908974536615997899, 9845487065055106788348969140197960864651073994530370725452538, 17107318715195601275451924850699009637163365903504907341450437, 26952805780250708063800893990896970501814439898035278066902975, 286635376517702681913460864759668714655307764883857688010480187, 313588182297953389977261758750565685157122204781892966077383162, 600223558815656071890722623510234399812429969665750654087863349, 913811741113609461867984382260800084969552174447643620165246511, 2427847041042874995626691388031834569751534318561037894418356371, 3341658782156484457494675770292634654721086493008681514583602882, 15794482169668812825605394469202373188635880290595763952752767899, 50725105291162922934310859177899754220628727364795973372841906579, 66519587460831735759916253647102127409264607655391737325594674478, 117244692751994658694227112825001881629893335020187710698436581057, 652743051220805029231051817772111535558731282756330290817777579763, 9255647409843265067928952561634563379452131293608811782147322697739, 9908390461064070097160004379406674915010862576365142072965100277502, 58797599715163615553728974458667937954506444175434522146972824085249, 68705990176227685650888978838074612869517306751799664219937924362751, 127503589891391301204617953296742550824023750927234186366910748448000, 5678863945397444938654078923894746849126562347550103864364010856074751, 5806367535288836239858696877191489399950586098477338050730921604522751, 11485231480686281178512775801086236249077148446027441915094932460597502, 63232524938720242132422575882622670645336328328614547626205583907510261, 74717756419406523310935351683708906894413476774641989541300516368107763, 1109281114810411568485517499454547367167125003173602401204412813061018943, 5621123330471464365738522848956445742730038492642653995563364581673202478, 6730404445281875934224040348410993109897163495816256396767777394734221421, 12351527775753340299962563197367438852627201988458910392331141976407423899, 43784987772541896834111729940513309667778769461192987573761203323956493118, 187491478865920927636409482959420677523742279833230860687375955272233396371, 231276466638462824470521212899933987191521049294423848261137158596189889489, 650044412142846576577451908759288651906784378422078557209650272464613175349, 881320878781309401047973121659222639098305427716502405470787431060803064838, 1531365290924155977625425030418511291005089806138580962680437703525416240187, 2412686169705465378673398152077733930103395233855083368151225134586219305025, 25658226987978809764359406551195850592039042144689414644192689049387609290437, 28070913157684275143032804703273584522142437378544498012343914183973828595462, 53729140145663084907392211254469435114181479523233912656536603233361437885899, 81800053303347360050425015957743019636323916901778410668880517417335266481361, 217329246752357805008242243169955474386829313326790733994297638068031970848621, 299129300055705165058667259127698494023153230228569144663178155485367237329982, 1413846446975178465242911279680749450479442234241067312647010260009500920168549, 4540668640981240560787401098169946845461479932951771082604208935513869997835629, 5954515087956419026030312377850696295940922167192838395251219195523370918004178, 10495183728937659586817713476020643141402402100144609477855428131037240915839807, 58430433732644716960118879757953912002952932667915885784528359850709575497203213, 828521255985963697028482030087375411182743459450967010461252466040971297876684789, 886951689718608413988600909845329323185696392118882896245780825891680873373888002, 5263279704579005766971486579314022027111225420045381491690156595499375664746124799, 6150231394297614180960087489159351350296921812164264387935937421391056538120012801, 11413511098876619947931574068473373377408147232209645879626094016890432202866137600, 508344719744868891889949346501987779956255400029388683091484074164570073464230067201, 519758230843745511837880920570461153333663547261598328971110168181460505667096204801, 1028102950588614403727830267072448933289918947290987012062594242346030579131326272002, 5660272983786817530477032255932705819783258283716533389284081379911613401323727564811, 6688375934375431934204862523005154753073177231007520401346675622257643980455053836813, 99297536065042864609345107578004872362807739517821819008137540091518629127694481280193, 503176056259589754980930400413029516567111874820116615442034376079850789618927460237778, 602473592324632619590275507991034388929919614337938434450171916171369418746621941517971]
Predicted:    
[1, 1, 2, 11, 13, 193, 978, 1171, 2149, 7618, 32621, 40239, 113099, 153338, 266437, -43, 399393, -78, -68, 781167, 2, 4999, -24063, 2, -419915, -9, 42, 1889619, 2, -4262, 93108, 1, 954689, -21, 13, -17992214, 1, -3366, -1421843, 2, 471241, 867, 1, -141843540, 2, -156, -292779613, 2, 26209, 3831640, 1, -9356612, 151, -1, -3536799335, 2, 197, 7163365152, 1, -81360, 36979025, 1, 35310241, -460, 2, -8033079826, 1, -937, -4080838843, 2, 229566, 8834833, 1, -117308225, 41, -11, -5673452335, 2, 3004, 1044413830, 1, -1703267, 351968, 1, 1001520997, 1, -601, 1014852393, 1, 374424, -1707573, 2, -120564527, -8, 166, 482984402, 2, -56356, 5879186, 1, 39449201, -104, 8, -3555359239, 1, -5879, -448728788, 2, 2222263, 154070, 1, -1726698350, 2, -394, -3497221530, 2, 159965, 17905321, 1, -133250844, 114, -6, -18966036795, 2, 2605, 6370549789, 1, -2315844, 2464767, 1, 2107418041, 0predicting not 100% successful, i.e. predicted_full is None
is_manual_check: False
