test results being evaluated: data/test_linrec15.tsv
csv file used: ../linear_database_newbl.csv
The sequence ID inspected: A042051
csv results file used: ../linear_database_newbl.csv
Results we are looking at now:
('Could you give me a recursive equation in a form of a Python code for the following number sequence: 1,2,7,65,722,787,1509,2296,3805,17516,21321,38837,60158,98995,1149103', 'Certainly, the Python code is the following: lambda a_n: abs( n * 4 + 9 * 2 // sign( n + a_n[-1] + a_n[-2] ) * a_n[-3] )')

Experiment type: Evaluation of the results of llms.
Ground truth: 
[1, 2, 7, 65, 722, 787, 1509, 2296, 3805, 17516, 21321, 38837, 60158, 98995, 1149103, 10440922, 32471869, 75384660, 3500166229, 7075717118, 24727317583, 229621575365, 2550564646598, 2780186221963, 5330750868561, 8110937090524, 13441687959085, 61877688926864, 75319376885949, 137197065812813, 212516442698762, 349713508511575, 4059365036326087, 36883998835446358, 114711361542665161, 266306721920776680, 12364820569898392441, 24995947861717561562, 87352664155051077127, 811169925257177255705, 9010221841984000889882, 9821391767241178145587, 18831613609225179035469, 28653005376466357181056, 47484618985691536216525, 218591481319232502047156, 266076100304924038263681, 484667581624156540310837, 750743681929080578574518, 1235411263553237118885355, 14340267581014688886313423, 130297819492685437095706162, 405233726059071000173431909, 940765271610827437442569980, 43680436220157133122531650989, 88301637711925093682505871958, 308585349355932414170049266863, 2865569781915316821212949273725, 31829852950424417447512491277838, 34695422732339734268725440551563, 66525275682764151716237931829401, 101220698415103885984963372380964, 167745974097868037701201304210365, 772204594806576036789768589222424, 939950568904444074490969893432789, 1712155163711020111280738482655213, 2652105732615464185771708376088002, 4364260896326484297052446858743215, 50658975592206791453348623822263367, 460295041226187607377190061259113518, 1431544099270769613584918807599603921, 3323383239767726834547027676458321360, 154307173128586204002748191924682386481, 311937729496940134840043411525823094322, 1090120361619406608522878426502151669447, 10123020984071599611545949250045188119345, 112443351186407002335528320176999220982242, 122566372170478601947074269427044409101587, 235009723356885604282602589604043630083829, 357576095527364206229676859031088039185416, 592585818884249810512279448635131669269245, 2727919371064363448278794653571614716262396, 3320505189948613258791074102206746385531641, 6048424561012976707069868755778361101794037, 9368929750961589965860942857985107487325678, 15417354311974566672930811613763468589119715, 178959827182681823368099870609383261967642543, 1626055798956110976985829647098212826297902602, 5057127224051014754325588811904021740861350349, 11740310247058140485637007270906256308020603300, 545111398588725477093627923273591811909809102149, 1101963107424509094672892853818089880127638807598, 3851000720862252761112306484727861452292725524943, 35760969595184783944683651216368842950762168532085, 397221666267894876152632469864785133910676579377878, 432982635863079660097316121081153976861438747909963, 830204302130974536249948590945939110772115327287841, 1263186937994054196347264712027093087633554075197804, 2093391240125028732597213302973032198405669402485645, 9636751898494169126736117923919221881256231685140384, 11730143138619197859333331226892254079661901087626029, 21366895037113366986069449150811475960918132772766413, 33097038175732564845402780377703730040580033860392442, 54463933212845931831472229528515206001498166633158855, 632200303517037814991597305191370996057059866825139847, 5744266664866186266755847976250854170515036968059417478, 17865000298115596615259141233943933507602170771003392281, 41474267261097379497274130444138721185719378510066202040, 1925681294308595053489869141664325108050693582234048686121, 3892836855878287486477012413772788937287106542978163574282, 13604191861943457512920906382982691919912013211168539408967, 126330563613369405102765169860617016216495225443495018254985, 1403240391609006913643337774849769870301359493089613740213802, 1529570955222376318746102944710386886517854718533108758468787, 2932811346831383232389440719560156756819214211622722498682589, 4462382302053759551135543664270543643337068930155831257151376, 7395193648885142783524984383830700400156283141778553755833965, 34043156897594330685235481199593345243962201497270046280487236, 41438350546479473468760465583424045644118484639048600036321201, 75481507444073804153995946783017390888080686136318646316808437, 116919857990553277622756412366441436532199170775367246353129638, 192401365434627081776752359149458827420279856911685892669938075, 2233334877771451177167032363010488538155277596803912065722448463, 20292415265377687676280043626243855670817778228146894484171974242, 63110580673904514206007163241742055550608612281244595518238371189, 146513576613186716088294370109727966772035002790636085520648716620, 6802735104880493454267548188289228527064218740650504529468079335709, 13751983786374173624623390746688185020900472484091645144456807388038, 48058686464003014328137720428353783589765636192925439962838501499823, 446280161962401302577862874601872237328791198220420604810003320886445, 4957140468050417342684629341048948394206468816617552092872875031250718, 5403420630012818645262492215650820631535260014837972697682878352137163, 10360561098063235987947121556699769025741728831455524790555753383387881, 15763981728076054633209613772350589657276988846293497488238631735525044, 26124542826139290621156735329050358683018717677749022278794385118912925, 120262153032633217117836555088552024389351859557289586603416172211176744, 146386695858772507738993290417602383072370577235038608882210557330089669, 266648848891405724856829845506154407461722436792328195485626729541266413, 413035544750178232595823135923756790534093014027366804367837286871356082, 679684393641583957452652981429911197995815450819694999853464016412622495, 7889563874807601764575005931652779968488062973044011802755941467410203527, 71685759266909999838627706366304930914388382208215801224656937223104454238, 222946841675537601280458125030567572711653209597691415476726753136723566241, 517579442617985202399543956427440076337694801403598632178110443496551586720, 24031601202102856911659480120692811084245614074163228495669807153978096555361, 48580781846823699025718504197813062244828922949730055623517724751452744697442, 169773946742573953988814992714131997818732382923353395366222981408336330647687, 1576546302529989284925053438625001042613420369259910613919524557426479720526625, 17511783274572456088164402817589143466566356444782370148480993113099613256440562, 19088329577102445373089456256214144509179776814042280762400517670526092976967187, 36600112851674901461253859073803287975746133258824650910881510783625706233407749, 55688442428777346834343315330017432484925910072866931673282028454151799210374936, 92288555280452248295597174403820720460672043331691582584163539237777505443782685, 424842663550586340016732012945300314327614083399633262009936185405261820985505676, 517131218831038588312329187349121034788286126731324844594099724643039326429288361, 941973882381624928329061200294421349115900210130958106604035910048301147414794037, 1459105101212663516641390387643542383904186336862282951198135634691340473844082398, 2401078983594288444970451587937963733020086546993241057802171544739641621258876435, 27870973920749836411316357854961143447125138353787934587022022626827398307691723183, 253239844270342816146817672282588254757146331731084652341000375186186226390484385082, 787590506731778284851769374702725907718564133547041891610023148185386077479144878429, 1828420857733899385850356421688040070194274598825168435561046671556958381348774141940, 84894949962491150033968164772352569136655195679504789927418170039805471619522755407669, 171618320782716199453786685966393178343504665957834748290397386751167901620394284957278, 599749912310639748395328222671532104167169193553009034798610330293309176480705610279503, 5569367531578473935011740690010182115848027407934916061477890359390950489946744777472805, 61862792759673853033524475812783535378495470680837085711055404283593764565894898162480358, 67432160291252326968536216502793717494343498088772001772533294642984715055841642939953163, 129294953050926180002060692315577252872838968769609087483588698926578479621736541102433521, 196727113342178506970596908818370970367182466858381089256121993569563194677578184042386684, 326022066393104686972657601133948223240021435627990176739710692496141674299314725144820205, 1500815378914597254861227313354163863327268209370341796214964763554129891874837084621667504, 1826837445307701941833884914488112086567289644998331972954675456050271566174151809766487709, 3327652824222299196695112227842275949894557854368673769169640219604401458048988894388155213, 5154490269530001138528997142330388036461847499367005742124315675654673024223140704154642922, 8482143093752300335224109370172663986356405353735679511293955895259074482272129598542798135, 98458064300805304825994200214229691886382306390459480366357830523504492329216566288125422407, 894604721801000043769171911298239890963797162867871002808514430606799505445221226191671599798, 2782272229703805436133509934108949364777773794994072488791901122343903008664880244863140221801, 6459149181208610916036191779516138620519344752856015980392316675294605522774981715917952043400, 299903134565299907573798331791851325908667632426370807586838468185895757056314039177088934218201, 606265418311808426063632855363218790437854609605597631154069253047086119635403060070095820479802, 2118699389500725185764696897881507697222231461243163701049046227327154115962523219387376395657607, 19674559923818335097945904936296788065437937760794070940595485298991473163298112034556483381398265, 218538858551502411263169651197146176417039546829977944047599384516233358912241755599508693591038522, 238213418475320746361115556133442964482477484590772014988194869815224832075539867634065176972436787, 456752277026823157624285207330589140899517031420749959035794254331458190987781623233573870563475309, 694965695502143903985400763464032105381994516011521974023989124146683023063321490867639047535912096, 1151717972528967061609685970794621246281511547432271933059783378478141214051103114101212918099387405, 5301837585618012150424144646642517090508040705740609706263122638059247879267733947272490719933461716, 6453555558146979212033830617437138336789552253172881639322906016537389093318837061373703638032849121, 11755393143764991362457975264079655427297592958913491345586028654596636972586571008646194357966310837, 18208948701911970574491805881516793764087145212086372984908934671134026065905408070019897995999159958, 29964341845676961936949781145596449191384738170999864330494963325730663038491979078666092353965470795, 347816709004358551880939398483077734869319265093084880620353531254171319489317177935346913889619338703, 3160314722884903928865404367493296063015258124008763789913676744613272538442346580496788317360539519122, 9828760877659070338477152500962965923915093637119376250361383765093988934816356919425711865971237896069, 22817836478203044605819709369419227910845445398247516290636444274801250408075060419348212049303015311260, 1059449238874999122206183783494247449822805581956505125619637820405951507706269136209443466133909942214029, 2141716314228201289018187276357914127556456609311257767529912085086704265820613332838235144317122899739318]
Predicted:    
[1, 2, 7, 65, 722, 787, 1509, 2296, 3805, 17516, 21321, 38837, 60158, 98995, 1149103, 1082904, 1781974, 20683922, 19492344, 32075608, 372310676, 350862276, 577361032, 6701592260, 6315521064, 10392498676, 120628660784, 113679379260, 187064976280, 2171315894228, 2046228826800, 3367169573164, 39083686096232, 36832118882532, 60609052317088, 703506349732316, 662978139885720, 1090962941707732, 12663114295181840, 11933606517943116, 19637332950739336, 227936057313273284, 214804917322976256, 353471993113308220, 4102849031638919288, 3866488511813572788, 6362495876039548144, 64306274662340532, 4190183082193896088, 3844461326454557092, 1157512943922129776, 1636319184651923324, 4586672418656178600, 2388488916888784564, 7439742823684483184, 8773127240973008116, 6099312356579018696, 4788162310353835772, 8104406325871818688, 892842023834973404, 6046798782178713944, 1694638723983676300, 2375587644680030096, 1838086363040458452, 6389991115712929576, 5867089456821438756, 3807933612690851360, 4339375640575422404, 5072854219471411816, 5244171266402882260, 4321785235519396528, 922344418062345676, 2161362426704122888, 4005157944510931332, 1844544548587329152, 2011035533255109052, 1694133293641442184, 3691686272847178188, 694848548827139984, 6399088861873143604, 7336623383588998760, 5939470194821032228, 4503135071459274848, 2932012388635116036, 3770000935478729256, 7269454991428741140, 2564009225696566544, 5926959456221080204, 1722981329750479560, 9188066158590456700, 3995194230277866384, 5879824211910471516, 635505808757744312, 1873480149836611180, 4843628627868822032, 7007639516070153620, 3170845450360102376, 5048405066908961892, 2989697226704095760, 1734985885353188316, 1362429164186443624, 1525682140454930764, 5663742211061713136, 6076980881646434028, 9015534454479201720, 8733104643146473668, 1294808572621497616, 3741076482760334012, 8824813086749438088, 4859810233477405036, 6447599605152194688, 7174061101896079404, 4757136165954467880, 5376328450482194236, 5891318162567504, 6605269381367335780, 4540191740131738632, 106043726926214604, 8214384422354734816, 7936475027533089388, 1908787084671862392, 284967012708813276, 4717402094080803456, 2535320623325579684, 5129406228758639464, 7320482675093295372, 8742283072441330576, 95591749107751764, 2641479635712455896, 8659601359442013660, 1720651483939531232, 7793598778304449244, 8298871880279832424, 5921761436507541588, 7289174580196327072, 1805741255360570164, 4088758585121560568, 2077933927567026532, 4390145550928839728, 189321762650115684, 509322548787374904, 5235643621880909204, 3407791727702082880, 9167805878172748844, 2007864825308607016, 6000018877508836412, 1000190856276484768, 751921291864176356, 2680124647098253688, 443308660732825196, 4912160820154376608, 7097988573360087860, 7979555893190852920, 3814825605768979748, 1363414195485280448, 3941946512241059748, 5120115390996570376, 6094711445025497076, 2831939074499131632, 71643330609490676, 975658431798361688, 4365328880144284828, 1289579950970832816, 884892301339040580, 4788943547758921096, 4765695043765439732, 2518682649606821840, 6032736508887177684, 6451209580769842232, 8442799545503689212, 2091207282288112064, 5441308011599849796, 4396439229389993576, 748242933766913228, 5709823840249538944, 5348929834181678604, 4978371265905114216, 7903635317765609412, 4047016646722456080, 2623037582255702908, 5308516869895442792, 940676653833996300, 8125555740526001776, 3319583289570212908, 1514564304697618952, 1313949260208380220, 4412266991135178240, 8815413410847590268, 5204342610041291592, 5633829545595001100, 7343255268129340480, 1444446612195489812, 9175211452162262488, 3051386310361266556, 7553294945809264224, 866890524465240540, 415278634625856056, 6832100508599895508, 2842714633335221104, 7475015423265408212]
len(predicted_full) = 200, len(input_sequence + seq_pred) = 200
is_manual_check: False
