test results being evaluated: data/test_linrec15.tsv
csv file used: ../linear_database_newbl.csv
The sequence ID inspected: A042090
csv results file used: ../linear_database_newbl.csv
Results we are looking at now:
('Could you give me a recursive equation in a form of a Python code for the following number sequence: 23,24,143,167,978,8969,18916,27885,74686,251943,830515,1912973,2743488,7399949,69343029', 'Certainly, the Python code is the following: lambda a_n: 2 // -9 - ( ( a_n[-1] ) + n ) * -5 - -6 * a_n[-2] // a_n[-2]')

Experiment type: Evaluation of the results of llms.
Ground truth: 
[23, 24, 143, 167, 978, 8969, 18916, 27885, 74686, 251943, 830515, 1912973, 2743488, 7399949, 69343029, 354115094, 423458123, 2471405709, 2894863832, 135635141981, 138530005813, 828285171046, 966815176859, 5662361055341, 51928064674928, 109518490405197, 161446555080125, 432411600565447, 1458681356776466, 4808455670894845, 11075592698566156, 15884048369461001, 42843689437488158, 401477253306854423, 2050229955971760273, 2451707209278614696, 14308766002364833753, 16760473211643448449, 785290533737963462407, 802051006949606910856, 4795545568485998016687, 5597596575435604927543, 32783528445664022654402, 300649352586411808817161, 634082233618487640288724, 934731586204899449105885, 2503545406028286538500494, 8445367804289759064607367, 27839648818897563732322595, 64124665442084886529252557, 91964314260982450261575152, 248053293964049787052402861, 2324443959937430533733200901, 11870273093651202455718407366, 14194717053588632989451608267, 82843858361594367402976448701, 97038575415183000392428056968, 4546618327460012385454667069229, 4643656902875195385847095126197, 27764902841835989314690142700214, 32408559744711184700537237826411, 189807701565391912817376331832269, 1740677873833238400056924224316832, 3671163449231868712931224780465933, 5411841323065107112988149004782765, 14494846095362082938907522790031463, 48896379609151355929710717374877154, 161183984922816150728039674914662925, 371264349454783657385790067204203004, 532448334377599808113829742118865929, 1436161018209983273613449551441934862, 13457897498267449270634875705096279687, 68725648509547229626787828076923333297, 82183546007814678897422703782019612984, 479643378548620624113901346987021398217, 561826924556435303011324050769041011201, 26323681908144644562634807682362907913463, 26885508832701079865646131733131948924664, 160751226071650043890865466348022652536783, 187636734904351123756511598081154601461447, 1098934900593405662673423456753795659844018, 10078050840245002087817322708865315540057609, 21255036581083409838308068874484426739959236, 31333087421328411926125391583349742280016845, 83921211423740233690558852041183911299992926, 283096721692549112997801947706901476179995623, 933211376501387572683964695161888339839979795, 2149519474695324258365731338030678155859955213, 3082730851196711831049696033192566495699935008, 8314981177088747920465123404415811147259825229, 77917561444995443115235806672934866821038362069, 397902788402065963496644156769090145252451635574, 475820349847061406611879963442025012073489997643, 2777004537637372996556043973979215205619901623789, 3252824887484434403167923937421240217693391621432, 152406949361921355542280545095356265219515916209661, 155659774249405789945448469032777505437209307831093, 930705820608950305269522890259243792405562455365126, 1086365594858356095214971359292021297842771763196219, 6362533794900730781344379686719350281619421271346221, 58349169748964933127314388539766173832417563205312208, 123060873292830597035973156766251697946454547681970637, 181410043041795530163287545306017871778872110887282845, 485880959376421657362548247378287441504198769456536327, 1639052921171060502250932287440880196291468419256891826, 5403039722889603164115345109700928030378604027227211805, 12445132366950266830481622506842736257048676473711315436, 17848172089839869994596967616543664287427280500938527241, 48141476546630006819675557739930064831903237475588369918, 451121461009509931371676987275914247774556417781233856503, 2303748781594179663678060494119501303704685326381757652433, 2754870242603689595049737481395415551479241744162991508936, 16078099994612627638926747901096579061100894047196715197113, 18832970237216317233976485382491994612580135791359706706049, 882394730906563220401845075495728331239787140449743223675367, 901227701143779537635821560878220325852367276241102930381416, 5388533236625460908580952879886829960501623521655257875582447, 6289760937769240446216774440765050286353990797896360805963863, 36837337925471663139664825083712081392271577511137061905401762, 337825802267014208703200200194173782816798188398129917954579721, 712488942459500080546065225472059647025867954307396897814561204, 1050314744726514289249265425666233429842666142705526815769140925, 2813118431912528659044596076804526506711200239718450529352843054, 9489670040464100266383053656079812949976266861860878403827670087, 31282128553304829458193757045043965356640000825301085740835853315, 72053927147073759182770567746167743663256268512463049885499376717, 103336055700378588640964324791211709019896269337764135626335230032, 278726038547830936464699217328591161703048807187991321138169836781, 2611870402630857016823257280748532164347335534029686025869863761061, 13338078051702116020580985621071251983439726477336421450487488642086, 15949948454332973037404242901819784147787062011366107476357352403147, 93087820323366981207602200130170172722375036534166958832274250657821, 109037768777699954245006443031989956870162098545533066308631603060968, 5108825184097564876477898579601708188749831569628688009029327991462349, 5217862952875264830722905022633698145619993668174221075337959594523317, 31198139948473889030092423692770198916849799910499793385719125964078934, 36416002901349153860815328715403897062469793578674014461057085558602251, 213278154455219658334169067269789684229198767803869865691004553757090189, 1955919392998326078868336934143511055125258703813502805680098069372413952, 4125116940451871816070842935556811794479716175430875477051200692501918093, 6081036333450197894939179869700322849604974879244378282731298761874332045, 16287189607352267605949202674957457493689665933919632042513798216250582183, 54942605155507000712786787894572695330673972681003274410272693410626078594, 181115005073873269744309566358675543485711583976929455273331878448128817965, 417172615303253540201405920611923782302097140634862184956936450306883714524, 598287620377126809945715486970599325787808724611791640230268328755012532489, 1613747856057507160092836894553122433877714589858445465417473107816908779502, 15122018324894691250781247537948701230687240033337800828987526299107191548007, 77223839480530963413999074584296628587313914756547449610355104603352866519537, 92345857805425654664780322122245329818001154789885250439342630902460058067544, 538953128507659236737900685195523277677319688705973701807068259115653156857257, 631298986313084891402681007317768607495320843495858952246410890018113214924801, 29578706498909564241261227021812879222462078489515485505141969199948861043398103, 30210005485222649132663908029130647829957399333011344457388380089966974258322904, 180628733925022809904580767167466118372249075154572207792083869649783732335012623, 210838739410245459037244675196596766202206474487583552249472249739750706593335527, 1234822430976250105090804143150449949383281447592489969039445118348537265301690258, 11324240618196496404854481963550646310651739502819993273604478314876586094308547849, 23883303667369242914799768070251742570686760453232476516248401748101709453918785956, 35207544285565739319654250033802388881338499956052469789852880062978295548227333805, 94298392238500721554108268137856520333363760365337416095954161874058300550373453566, 318102721001067903981979054447371949881429781052064718077715365685153197199347694503, 1048606555241704433500045431479972369977653103521531570329100258929517892148416537075, 2415315831484476770982069917407316689836735988095127858735915883544188981496180768653, 3463922386726181204482115348887289059814389091616659429065016142473706873644597305728, 9343160604936839179946300615181894809465514171328446716865948168491602728785375380109, 87552367831157733823998820885524342345004016633572679880858549658898131432712975726709, 447104999760725508299940405042803606534485597339191846121158696462982259892350254013654, 534657367591883242123939225928327948879489613972764526002017246121880391325063229740363, 3120391837720141718919636534684443350931933667203014476131244927072384216517666402715469, 3655049205312024961043575760612771299811423281175779002133262173194264607842729632455832, 171252655282073289926924121522871923142257404601288848574261304894008556177283229495683741, 174907704487385314887967697283484694442068827882464627576394567067202820785125959128139573, 1045791177718999864366762607940295395352601544013611986456234140230022660102913025136381606, 1220698882206385179254730305223780089794670371896076614032628707297225480888038984264521179, 7149285588750925760640414134059195844325953403493995056619377676716150064543107946458987501, 65564269180964717025018457511756542688728251003342032123607027797742576061776010502395408688, 138277823950680359810677329157572281221782455410178059303833433272201302188095128951249804877, 203842093131645076835695786669328823910510706413520091427440461069943878249871139453645213565, 545962010213970513482068902496229929042803868237218242158714355412089058687837407858540232007, 1841728123773556617281902494158018611038922311125174817903583527306211054313383363029265909586, 6071146381534640365327776384970285762159570801612742695869464937330722221627987496946337960765, 13984020886842837347937455264098590135358063914350660209642513401967655497569358356921941831116, 20055167268377477713265231649068875897517634715963402905511978339298377719197345853868279791881, 54094355423597792774467918562236341930393333346277466020666470080564410935964050064658501414878, 506904366080757612683476498709195953271057634832460597091510209064378076142873796435794792525783, 2588616185827385856191850412108216108285681507508580451478217515402454791650333032243632464043793, 3095520551908143468875326910817412061556739142341041048569727724466832867793206828679427256569576, 18066218945368103200568484966195276416069377219213785694326856137736619130616367175640768746891673, 21161739497276246669443811877012688477626116361554826742896583862203451998409574004320196003461249, 991506235820075449994983831308778946386870729850735815867569713799095411057456771374369784906109127, 1012667975317351696664427643185791634864496846212290642610466297661298863055866345378689980909570376, 6054846112406833933317122047237737120709354960912189028919901202105589726336788498267819689453961007, 7067514087724185629981549690423528755573851807124479671530367499766888589392654843646509670363531383, 41392416551027762083224870499355380898578613996534587386571738700940032673300062716500368041271617922, 379599263046974044379005384184621956842781377775935766150676015808227182649093219292149822041808092681, 800590942644975850841235638868599294584141369548406119687923770317394397971486501300800012124887803284, 1180190205691949895220241023053221251426922747324341885838599786125621580620579720592949834166695895965, 3160971354028875641281717684975041797437986864197089891365123342568637559212645942486699680458279595214, 10663104267778576819065394077978346643740883339915611559933969813831534258258517548053048875541534681607]
Predicted:    
[23, 24, 143, 167, 978, 8969, 18916, 27885, 74686, 251943, 830515, 1912973, 2743488, 7399949, 69343029, 346715225, 1733576210, 8667881140, 43339405795, 216697029075, 1083485145480, 5417425727510, 27087128637665, 135435643188445, 677178215942350, 3385891079711880, 16929455398559535, 84647276992797815, 423236384963989220, 2116181924819946250, 10580909624099731405, 52904548120498657185, 264522740602493286090, 1322613703012466430620, 6613068515062332153275, 33065342575311660766555, 165326712876558303832960, 826633564382791519164990, 4133167821913957595825145, 20665839109569787979125925, 103329195547848939895629830, 516645977739244699478149360, 2583229888696223497390747015, 12916149443481117486953735295, 64580747217405587434768676700, 322903736087027937173843383730, 1614518680435139685869216918885, 8072593402175698429346084594665, 40362967010878492146730422973570, 201814835054392460733652114868100, 1009074175271962303668260574340755, 5045370876359811518341302871704035, 25226854381799057591706514358520440, 126134271908995287958532571792602470, 630671359544976439792662858963012625, 3153356797724882198963314294815063405, 15766783988624410994816571474075317310, 78833919943122054974082857370376586840, 394169599715610274870414286851882934495, 1970847998578051374352071434259414672775, 9854239992890256871760357171297073364180, 49271199964451284358801785856485366821210, 246355999822256421794008929282426834106365, 1231779999111282108970044646412134170532145, 6158899995556410544850223232060670852661050, 30794499977782052724251116160303354263305580, 153972499888910263621255580801516771316528235, 769862499444551318106277904007583856582641515, 3849312497222756590531389520037919282913207920, 19246562486113782952656947600189596414566039950, 96232812430568914763284738000947982072830200105, 481164062152844573816423690004739910364151000885, 2405820310764222869082118450023699551820755004790, 12029101553821114345410592250118497759103775024320, 60145507769105571727052961250592488795518875121975, 300727538845527858635264806252962443977594375610255, 1503637694227639293176324031264812219887971878051660, 7518188471138196465881620156324061099439859390258690, 37590942355690982329408100781620305497199296951293845, 187954711778454911647040503908101527485996484756469625, 939773558892274558235202519540507637429982423782348530, 4698867794461372791176012597702538187149912118911743060, 23494338972306863955880062988512690935749560594558715715, 117471694861534319779400314942563454678747802972793578995, 587358474307671598897001574712817273393739014863967895400, 2936792371538357994485007873564086366968695074319839477430, 14683961857691789972425039367820431834843475371599197387585, 73419809288458949862125196839102159174217376857995986938365, 367099046442294749310625984195510795871086884289979934692270, 1835495232211473746553129920977553979355434421449899673461800, 9177476161057368732765649604887769896777172107249498367309455, 45887380805286843663828248024438849483885860536247491836547735, 229436904026434218319141240122194247419429302681237459182739140, 1147184520132171091595706200610971237097146513406187295913696170, 5735922600660855457978531003054856185485732567030936479568481325, 28679613003304277289892655015274280927428662835154682397842407105, 143398065016521386449463275076371404637143314175773411989212036010, 716990325082606932247316375381857023185716570878867059946060180540, 3584951625413034661236581876909285115928582854394335299730300903195, 17924758127065173306182909384546425579642914271971676498651504516475, 89623790635325866530914546922732127898214571359858382493257522582880, 448118953176629332654572734613660639491072856799291912466287612914910, 2240594765883146663272863673068303197455364283996459562331438064575065, 11202973829415733316364318365341515987276821419982297811657190322875845, 56014869147078666581821591826707579936384107099911489058285951614379750, 280074345735393332909107959133537899681920535499557445291429758071899280, 1400371728676966664545539795667689498409602677497787226457148790359496935, 7001858643384833322727698978338447492048013387488936132285743951797485215, 35009293216924166613638494891692237460240066937444680661428719758987426620, 175046466084620833068192474458461187301200334687223403307143598794937133650, 875232330423104165340962372292305936506001673436117016535717993974685668805, 4376161652115520826704811861461529682530008367180585082678589969873428344585, 21880808260577604133524059307307648412650041835902925413392949849367141723490, 109404041302888020667620296536538242063250209179514627066964749246835708618020, 547020206514440103338101482682691210316251045897573135334823746234178543090675, 2735101032572200516690507413413456051581255229487865676674118731170892715453955, 13675505162861002583452537067067280257906276147439328383370593655854463577270360, 68377525814305012917262685335336401289531380737196641916852968279272317886352390, 341887629071525064586313426676682006447656903685983209584264841396361589431762545, 1709438145357625322931567133383410032238284518429916047921324206981807947158813325, 8547190726788126614657835666917050161191422592149580239606621034909039735794067230, 42735953633940633073289178334585250805957112960747901198033105174545198678970336760, 213679768169703165366445891672926254029785564803739505990165525872725993394851684415, 1068398840848515826832229458364631270148927824018697529950827629363629966974258422695, 5341994204242579134161147291823156350744639120093487649754138146818149834871292114100, 26709971021212895670805736459115781753723195600467438248770690734090749174356460571130, 133549855106064478354028682295578908768615978002337191243853453670453745871782302856285, 667749275530322391770143411477894543843079890011685956219267268352268729358911514282065, 3338746377651611958850717057389472719215399450058429781096336341761343646794557571410970, 16693731888258059794253585286947363596076997250292148905481681708806718233972787857055500, 83468659441290298971267926434736817980384986251460744527408408544033591169863939285278155, 417343297206451494856339632173684089901924931257303722637042042720167955849319696426391435, 2086716486032257474281698160868420449509624656286518613185210213600839779246598482131957840, 10433582430161287371408490804342102247548123281432593065926051068004198896232992410659789870, 52167912150806436857042454021710511237740616407162965329630255340020994481164962053298950025, 260839560754032184285212270108552556188703082035814826648151276700104972405824810266494750805, 1304197803770160921426061350542762780943515410179074133240756383500524862029124051332473754710, 6520989018850804607130306752713813904717577050895370666203781917502624310145620256662368774240, 32604945094254023035651533763569069523587885254476853331018909587513121550728101283311843871895, 163024725471270115178257668817845347617939426272384266655094547937565607753640506416559219360175, 815123627356350575891288344089226738089697131361921333275472739687828038768202532082796096801580, 4075618136781752879456441720446133690448485656809606666377363698439140193841012660413980484008610, 20378090683908764397282208602230668452242428284048033331886818492195700969205063302069902420043765, 101890453419543821986411043011153342261212141420240166659434092460978504846025316510349512100219545, 509452267097719109932055215055766711306060707101200833297170462304892524230126582551747560501098450, 2547261335488595549660276075278833556530303535506004166485852311524462621150632912758737802505492980, 12736306677442977748301380376394167782651517677530020832429261557622313105753164563793689012527465635, 63681533387214888741506901881970838913257588387650104162146307788111565528765822818968445062637328915, 318407666936074443707534509409854194566287941938250520810731538940557827643829114094842225313186645320, 1592038334680372218537672547049270972831439709691252604053657694702789138219145570474211126565933227350, 7960191673401861092688362735246354864157198548456263020268288473513945691095727852371055632829666137505, 39800958367009305463441813676231774320785992742281315101341442367569728455478639261855278164148330688285, 199004791835046527317209068381158871603929963711406575506707211837848642277393196309276390820741653442190, 995023959175232636586045341905794358019649818557032877533536059189243211386965981546381954103708267211720, 4975119795876163182930226709528971790098249092785164387667680295946216056934829907731909770518541336059375, 24875598979380815914651133547644858950491245463925821938338401479731080284674149538659548852592706680297655, 124377994896904079573255667738224294752456227319629109691692007398655401423370747693297744262963533401489060, 621889974484520397866278338691121473762281136598145548458460036993277007116853738466488721314817667007446090, 3109449872422601989331391693455607368811405682990727742292300184966385035584268692332443606574088335037231245, 15547249362113009946656958467278036844057028414953638711461500924831925177921343461662218032870441675186157025, 77736246810565049733284792336390184220285142074768193557307504624159625889606717308311090164352208375930785930, 388681234052825248666423961681950921101425710373840967786537523120798129448033586541555450821761041879653930460, 1943406170264126243332119808409754605507128551869204838932687615603990647240167932707777254108805209398269653115, 9717030851320631216660599042048773027535642759346024194663438078019953236200839663538886270544026046991348266395, 48585154256603156083302995210243865137678213796730120973317190390099766181004198317694431352720130234956741332800, 242925771283015780416514976051219325688391068983650604866585951950498830905020991588472156763600651174783706664830, 1214628856415078902082574880256096628441955344918253024332929759752494154525104957942360783818003255873918533324985, 6073144282075394510412874401280483142209776724591265121664648798762470772625524789711803919090016279369592666625765, 30365721410376972552064372006402415711048883622956325608323243993812353863127623948559019595450081396847963333129670, 151828607051884862760321860032012078555244418114781628041616219969061769315638119742795097977250406984239816665649200, 759143035259424313801609300160060392776222090573908140208081099845308846578190598713975489886252034921199083328246855, 3795715176297121569008046500800301963881110452869540701040405499226544232890952993569877449431260174605995416641235135, 18978575881485607845040232504001509819405552264347703505202027496132721164454764967849387247156300873029977083206176540, 94892879407428039225201162520007549097027761321738517526010137480663605822273824839246936235781504365149885416030883570, 474464397037140196126005812600037745485138806608692587630050687403318029111369124196234681178907521825749427080154418725, 2372321985185700980630029063000188727425694033043462938150253437016590145556845620981173405894537609128747135400772094505, 11861609925928504903150145315000943637128470165217314690751267185082950727784228104905867029472688045643735677003860473410, 59308049629642524515750726575004718185642350826086573453756335925414753638921140524529335147363440228218678385019302367940, 296540248148212622578753632875023590928211754130432867268781679627073768194605702622646675736817201141093391925096511840595, 1482701240741063112893768164375117954641058770652164336343908398135368840973028513113233378684086005705466959625482559203875, 7413506203705315564468840821875589773205293853260821681719541990676844204865142565566166893420430028527334798127412796020280, 37067531018526577822344204109377948866026469266304108408597709953384221024325712827830834467102150142636673990637063980102310, 185337655092632889111721020546889744330132346331520542042988549766921105121628564139154172335510750713183369953185319900512465, 926688275463164445558605102734448721650661731657602710214942748834605525608142820695770861677553753565916849765926599502563245, 4633441377315822227793025513672243608253308658288013551074713744173027628040714103478854308387768767829584248829632997512817150, 23167206886579111138965127568361218041266543291440067755373568720865138140203570517394271541938843839147921244148164987564086680, 115836034432895555694825637841806090206332716457200338776867843604325690701017852586971357709694219195739606220740824937820434335, 579180172164477778474128189209030451031663582286001693884339218021628453505089262934856788548471095978698031103704124689102172615, 2895900860822388892370640946045152255158317911430008469421696090108142267525446314674283942742355479893490155518520623445510864020, 14479504304111944461853204730225761275791589557150042347108480450540711337627231573371419713711777399467450777592603117227554321050, 72397521520559722309266023651128806378957947785750211735542402252703556688136157866857098568558886997337253887963015586137771606205, 361987607602798611546330118255644031894789738928751058677712011263517783440680789334285492842794434986686269439815077930688858031985, 1809938038013993057731650591278220159473948694643755293388560056317588917203403946671427464213972174933431347199075389653444290160890, 9049690190069965288658252956391100797369743473218776466942800281587944586017019733357137321069860874667156735995376948267221450805420, 45248450950349826443291264781955503986848717366093882334714001407939722930085098666785686605349304373335783679976884741336107254028075, 226242254751749132216456323909777519934243586830469411673570007039698614650425493333928433026746521866678918399884423706680536270141355, 1131211273758745661082281619548887599671217934152347058367850035198493073252127466669642165133732609333394591999422118533402681350707760, 5656056368793728305411408097744437998356089670761735291839250175992465366260637333348210825668663046666972959997110592667013406753539790, 28280281843968641527057040488722189991780448353808676459196250879962326831303186666741054128343315233334864799985552963335067033767699945, 141401409219843207635285202443610949958902241769043382295981254399811634156515933333705270641716576166674323999927764816675335168838500725]
len(predicted_full) = 200, len(input_sequence + seq_pred) = 200
is_manual_check: False
