test results being evaluated: data/test_linrec15.tsv
csv file used: ../linear_database_newbl.csv
The sequence ID inspected: A042699
csv results file used: ../linear_database_newbl.csv
Results we are looking at now:
('Could you give me a recursive equation in a form of a Python code for the following number sequence: 1,1,2,3,17,54,71,267,605,5712,12029,41799,53828,203283,1070243', 'Certainly, the Python code is the following: lambda a_n: abs( n * ( -5 // a_n[-4] ) + -7 - a_n[-2] * n ) - -1 + a_n[-4] // n + n')

Experiment type: Evaluation of the results of llms.
Ground truth: 
[1, 1, 2, 3, 17, 54, 71, 267, 605, 5712, 12029, 41799, 53828, 203283, 1070243, 1273526, 2343769, 3617295, 212146879, 215764174, 427911053, 643675227, 3646287188, 11582536791, 15228823979, 57269008728, 129766841435, 1225170581643, 2580108004721, 8965494595806, 11545602600527, 43602302397387, 229557114587462, 273159416984849, 502716531572311, 775875948557160, 45503521547887591, 46279397496444751, 91782919044332342, 138062316540777093, 782094501748217807, 2484345821785430514, 3266440323533648321, 12283666792386375477, 27833773908306399275, 262787631967143968952, 553409037842594337179, 1923014745494926980489, 2476423783337521317668, 9352286095507490933493, 49237854260874975985133, 58590140356382466918626, 107827994617257442903759, 166418134973639909822385, 9760079823088372212602089, 9926497958062012122424474, 19686577781150384335026563, 29613075739212396457451037, 167751956477212366622281748, 532868945170849496324296281, 700620901648061862946578029, 2634731650115035085164030368, 5970084201878132033274638765, 56365489467018223384635779253, 118701063135914578802546197271, 412468678874761959792274371066, 531169742010676538594820568337, 2005977904906791575576736076077, 10561059266544634416478500948722, 12567037171451425992055237024799, 23128096437996060408533737973521, 35695133609447486400588974998320, 2093445845785950271642694287876081, 2129140979395397758043283262874401, 4222586825181348029685977550750482, 6351727804576745787729260813624883, 35981225848065076968332281618874897, 114295405348771976692726105670249574, 150276631196837053661058387289124471, 565125298939283137675901267537622987, 1280527229075403329012860922364370445, 12089870360617913098791649568816956992, 25460267950311229526596160059998284429, 88470674211551601678580129748811810279, 113930942161862831205176289808810094708, 430263500697140095294108999175242094403, 2265248445647563307675721285685020566723, 2695511946344703402969830284860262661126, 4960760391992266710645551570545283227849, 7656272338336970113615381855405545888975, 449024556015536533300337699184066944788399, 456680828353873503413953081039472490677374, 905705384369410036714290780223539435465773, 1362386212723283540128243861263011926143147, 7717636447985827737355510086538599066181508, 24515295556680766752194774120878809124687671, 32232932004666594489550284207417408190869179, 121214091570680550220845626743131033697295208, 274661115146027694931241537693679475585459595, 2593164127884929804602019465986246313966431563, 5460989370915887304135280469666172103518322721, 18976132240632591717007860874984762624521399726, 24437121611548479021143141344650934728039722447, 92287497075278028780437284908937566808640567067, 485874606987938622923329565889338768771242557782, 578162104063216651703766850798276335579883124849, 1064036711051155274627096416687615104351125682631, 1642198815114371926330863267485891439931008807480, 96311567987684727001817165930869318620349636516471, 97953766802799098928148029198355210060280645323951, 194265334790483825929965195129224528680630281840422, 292219101593282924858113224327579738740910927164373, 1655360842756898450220531316767123222385184917662287, 5258301629863978275519707174628949405896465680151234, 6913662472620876725740238491396072628281650597813521, 25999289047726608452740422648817167290741417473591797, 58912240568074093631221083789030407209764485544997115, 556209454160393451133730176750090832178621787378565832, 1171331148888860995898681437289212071567008060302128779, 4070202900826976438829774488617727046879645968284952169, 5241534049715837434728455925906939118446654028587080948, 19794805049974488743015142266338544402219608054046195013, 104215559299588281149804167257599661129544694298818056013, 124010364349562769892819309523938205531764302352864251026, 228225923649151051042623476781537866661308996651682307039, 352236287998713820935442786305476072193073299004546558065, 20657930627574552665298305082499150053859560338915382674809, 21010166915573266486233747868804626126052633637919929232874, 41668097543147819151532052951303776179912193976835311907683, 62678264458721085637765800820108402305964827614755241140557, 355059419836753247340361057051845787709736332050611517610468, 1127856523968980827658848971975645765435173823766589793971961, 1482915943805734074999210029027491553144910155817201311582429, 5576604355386183052656479059058120424869904291218193728719248, 12636124654578100180312168147143732402884718738253588769020925, 119301726246589084675465992383351712050832372935500492649907573, 251239577147756269531244152913847156504549464609254574068836071, 873020457689857893269198451124893181564480766763264214856415786, 1124260034837614162800442604038740338069030231372518788925251857, 4245800562202700381670526263241114195771571460880820581632171357, 22353262845851116071153073920244311316926887535776621697086108642, 26599063408053816452823600183485425512698458996657442278718279999, 48952326253904932523976674103729736829625346532434063975804388641, 75551389661958748976800274287215162342323805529091506254522668640, 4430932926647512373178392582762209152684406067219741426738119169761, 4506484316309471122155192857049424315026729872748832932992641838401, 8937417242956983495333585439811633467711135939968574359730761008162, 13443901559266454617488778296861057782737865812717407292723402846563, 76156925039289256582777476924116922381400465003555610823347775240977, 241914676677134224365821209069211824926939260823384239762766728569494, 318071601716423480948598685993328747308339725826939850586114503810471, 1196129481826404667211617267049198066851958438304203791521110240000907, 2710330565369232815371833220091724881012256602435347433628334983812285, 25589104570149500005558116247874721995962267860222330694176125094311472, 53888539705668232826488065715841168872936792322880008821980585172435229, 187254723687154198485022313395398228614772644828862357160117880611617159, 241143263392822431311510379111239397487709437151742365982098465784052388, 910684513865621492419553450729116421077900956284089455106413277963774323, 4794565832720929893409277632756821502877214218572189641514164855602924003, 5705250346586551385828831083485937923955115174856279096620578133566698326, 10499816179307481279238108716242759426832329393428468738134742989169622329, 16205066525894032665066939799728697350787444568284747834755321122736320655, 950393674681161375853120617100507205772504114353943843153943368107876220319, 966598741207055408518187556900235903123291558922228590988698689230612540974, 1916992415888216784371308174000743108895795673276172434142642057338488761293, 2883591157095272192889495730900979012019087232198401025131340746569101302267, 16334948201364577748818786828505638168991231834268177559799345790183995272628, 51888435761189005439345856216417893518992782735002933704529378117121087120151, 68223383962553583188164643044923531687984014569271111264328723907305082392779, 256558587648849755003839785351188488582944826442816267497515549839036334298488, 581340559260253093195844213747300508853873667454903646259359823585377750989755, 5488623620991127593766437709076893068267807833536949083831753962107436093206283, 11558587801242508280728719631901086645389489334528801813922867747800249937402321, 40164387024718652435952596604780153004436275837123354525600357205508185905413246, 51722974825961160716681316236681239649825765171652156339523224953308435842815567, 195333311502602134585996545314823871953913571352079823544170032065433493433859947, 1028389532338971833646664042810800599419393621932051274060373385280475903012115302, 1223722843841573968232660588125624471373307193284131097604543417345909396445975249, 2252112376180545801879324630936425070792700815216182371664916802626385299458090551, 3475835220022119770111985219062049542166008008500313469269460219972294695904065800, 203850555137463492468374467336535298516421165308234363589293609561019477661893906951, 207326390357485612238486452555597348058587173316734677058563069780991772357797972751, 411176945494949104706860919892132646575008338624969040647856679342011250019691879702, 618503335852434716945347372447729994633595511941703717706419749123003022377489852453, 3503693624757122689433597782130782619742985898333487629179955424957026361907141141967, 11129584210123802785246140718840077853862553206942166605246286023994082108098913278354, 14633277834880925474679738500970860473605539105275654234426241448951108470006054420321, 55029417714766579209285356221752659274679170522769129308525010370847407518117076539317, 124692113264414083893250450944476179022963880150813912851476262190645923506240207498955, 1177258437094493334248539414722038270481354091880094344971811370086660719074278944029912, 2479208987453400752390329280388552719985672063911002602795099002363967361654798095558779, 8614885399454695591419527255887696430438370283613102153357108377178562804038673230706249, 11094094386908096343809856536276249150424042347524104756152207379542530165693471326265028, 41897168560178984622849096864716443881710497326185416421813730515806153301119087209501333, 220579937187803019458055340859858468558976528978451186865220859958573296671288907373771693, 262477105747982004080904437724574912440687026304636603287034590474379449972407994583273026, 483057042935785023538959778584433380999663555283087790152255450432952746643696901957044719, 745534148683767027619864216309008293440350581587724393439290040907332196616104896540317745, 43724037666594272625491084324506914400539997287371102609631077823058220150377780901295473929, 44469571815278039653110948540815922693980347868958827003070367863965552346993885797835791674]
Predicted:    
[1, 1, 2, 3, 17, 54, 71, 267, 605, 5712, 12029, 41799, 53828, 203283, 1070243, 3052069, 17127292, 51897172, 308350757, 986206949, 6167871552, 20712817272, 135707190139, 476437675873, 3257229558040, 11911770409573, 84693188016413, 321635446898380, 2371525594086700, 9327838710756864, 71148590928868281, 289173375370459575, 2276829019898600273, 9543004049004279893, 77414279282167964307, 334013403811588952320, 2786977299408599454028, 12358753860057142702946, 105907174595402625778524, 481999964988480144618885, 4236356658248590246127398, 19762299997548662932854934, 177929501245835918971297915, 849790109196103866116125485, 7828994335649922448151793069, 38240994076046841723290821477, 360137607472532211656699248619, 1797344802214822754693947676020, 17286768262730205532905900429504, 88070675736976846548201870631646, 864345615888659727289528155460280, 4491639704640764562639759989423389, 44946304464061512169161866120481393, 238058566056823483647200641738885611, 2427116447459615891574135021027392750, 13093302799301739614497174200365789148, 135919323670318205312297439068000431287, 746322436026270330368157301361933119902, 7883362619713756935973451019996111693955, 44033245645936378334765594291781178918227, 473004022504886588128495599490417834977949, 2686040219196152295967100729787198830948368, 29326376546312963847143113836970744415595775, 169221232749764673001139008922534665733539670, 1876895489651881325070098793309869680376801266, 10999421452430383685878588919975980768046708662, 123875546656062747954078749799570140885844877571, 736963763002876748217641594041508958245185204968, 8423564774016526447367429546647141784203339569108, 50850659059103603313737355185804987336030359530020, 589651303831823366497833697961725633039103567621673, 3610407172967665734947862325820239192533623768676710, 42455010869846477061822461911987949011340237470699067, 263560420211010271303294137967825211808205713611475737, 3141678772629501894782517557618161763672056479636698974, 19767079654588076583290192985751235155471328969177596122, 238768145338406220930801095200847557038405389034461105066, 1522068556265882039903881266320221312493523606025552972669, 18623955614328667662113956996404027630556693063360782050427, 120243666161202840495148180674651733702623244259929687089069, 1489919433748110143046878194726012221038998425136225494798141, 9739755750027260523095149596143905494373130853246971636350224, 122173620688754962567254525552374421686510438625720043753716641, 808401175971132035499313020674892043403255434593525873885587911, 10262601874991532904579654513997007683717127308827449582758564664, 68714214542907988044035996112066954794047233977283266891705988497, 882585181872768210665508046977295595385971628913098172489838348686, 5978145957200534857900505217071901789979159968155076329071224282040, 77667612625279454715074987448257853269052818311708421309214669668241, 532055762260673927161999391690142091521120451179666706582472575775774, 6990094942777171732892422931543728764165813492182968063364570157234641, 48417140059632944960037086407596524525144927861305364310832796387071250, 643089578948680508985393290951886614323399070115814710834119902451127036, 4502799746575565608960085186437570223226559163364314791302144499186613280, 60450494783888125048581574588019166679684237759115223062748370453492720671, 427766485578784623724312935207215566959412858887271603124906999346900757284, 5803254198103040720085799758296620750068586026948708453760414752284285050522, 41493395521758052579254323375771935124652977482778369877495270711334932081629, 568719528255881499630908872043421772477809998847481174542225367646007419570958, 4107850477527638910241367148675514579518088805268380711524588617664575921543671, 56872010858130130993498088062339760213988500570608386941307074368748264799946513, 414893309055989765162621440969923762352466817381388459570615900832347032778208818, 5800950683210922928802487638327989300863812134770671619789542587821809735157481508, 42734050714810416953875350569097765731183494987261703261799763267174634323494552581, 603299417900194235846718267252342255941376981136347642769525326316875604266616538072, 4487079276419941932440389549007084162952956044775025331902875815585725483462478289878, 63949793023370430612232596729575055808930307772265442309717041094707567088202250747941, 480117881960585327055392278709651174573963784487142544735133523480413441446693807807379, 6906583232629727804215896805296580586089065289191530143038725341240697957336993697597648, 52332890299568721932908698199439583598141529141722801367187644911436767739024335715942976, 759724736951024816376754214333503224243031808450229881783735330418668545375861017665293762, 5808955148638452103790046179347511884359246437107667772861835207994017078612254838287758920, 85089232204436499342480438218716694120403366913080114541297491281224281016899624487385201555, 656412394919068092761212677635279457442184211477495146145788858040004562066970097826832828485, 9700179135557839442804317121444355177999880696791207182531438424790536620738358734202418813416, 75487475928346297088862099580632610192911048313359221003876787038384941976980505704475673430438, 1125221513252573206714433048849943637860866509132667214898772213288558120628761827819415818435819, 8832040293978866495021590105743225950514673355092186784762525500489824878012377859475771969419851, 132776220768711566848569564207658785236693926042745382130997346010748373408233054482341356426433779, 1051013429332022325901662406298566414435701531869821600153303592346415533466178654189429507013680417, 15933155869091331793271736991861127977933586632350355294613139011058248880305638444229527932970540693, 127172697941243246713989539770309228239496335890738951570506633537763391035563633788142949487266648226, 1943846104358820910841175261937911774445481476474005991396754852769975303957725662598088328653196345402, 15642250391597548061449379258922070021152475621077410310014593594279794222703867331377795709124911664413, 241037045433686285616336323381405833104852428353636681242514493784920575257281210433440728797576451431238, 1955282316331277037627146119281576915117885368605363414663436763338042579945111700931294768784209856185068, 30370683151994506581475129453797309081622314270030257344540884921303585894919844877515615940306765048561211, 248320977341398101869577174860407976267766883958358484980447886381676244501802593135340037035560865317485507, 3887449326557214293102922947713581979680727358223469452887805477071341689241734341831455351614959657281862078, 32033421234267613523167995302311383059293208014235753131186418145071610254240906181991430136461528247737461561, 505368646073077488830353686857607609645487492125314644492778900795312275782855425359972868906990450114065520878, 4196380077269037076864029289772064924339748171749494029334161085766872406482997654898840213067582609315174773810, 66708690732019914565108907141893202303370861693324549917512367085325743671076986160655371964323888013235870588456, 558118791129573166317754415599799689909991463934472286621391779192092865187127817732419297145733873967702062491902, 8938968329498475067228241544727770135574155507856923459951466837037386930374135420568307604210960001165025420536371, 75346067886789246112430748802486215708700139036695771653102922295829468406724525638303678439416392004770217808072039, 1215700183316871521054177358236705722946925615030759923822148883310372014631938822175129250756307944892914142750818709, 10322415374349915984360430963710068484936370945775232646929747226001477989917356268855032649990535819499315224392457157, 167766690072861092358194353902183829822981065121748549610090313661083780319112850026366536374715454445656942750521826592, 1434816279092680672827870496982669321465261379449369112712958987456811885414831994209163482979464618596678231803629301022, 23487345293773290907800931361858295008829655880799190022269242642186610033047332088968616343383383310305864077316932514730, 202309168560687651109268636247825620497300329228396121312616911768624844648299750313678355036506284204655173232646656213591, 3335204213171371202295706606865243399590640874376760488433708582587073702747512136301501452919147294256773865577192801048477, 28930221137858607484014735458057923749780530752817144993642069522486691643531237825149670568566433462696589049738624311475981, 480269569803241993222879722228396173556989847227308238106606968317834739491544754900555715946859594979803980433838522496345669, 4194883460225143331303868429477959273550042457781446219913419478118582485724751197058773361258374483168827513282260750313370740, 70119380035137804787055523662514381512220514891357375207129606646380465027914183171043711935785698943402711669188818648800721730, 616648065457321497311243380321936598639908960889319892403088946562816132113726477200550059272808046076385417898676342123441767626, 10377671490265055941200387926915116493512511588987426850305439260738419079771430808941191667548418219701945785174948091363875034895, 91880589906721173066780171747622442311167063025142608809981192054097711863351189564299388756301830129639703567758568817068999976383, 1556651191002291958765423436074091890789420153151546636594983936641473837835481474102399890423675638193284823794320008296705580572702, 13873973159676920029252662299741189596513369827451904058253467305393566165645050244914354725711902659562655347244245207114784052339888, 236611049306502918949817659654235170788916162703453437363929994589499159787960814138767473746975457192341264940064175306810375640965719, 2122718493957300180953912670292897090766168532404474818576890366883333623982332317218233294598553501042694958583948390927573836275976879, 36438111701326066416271651829761541457933938338280875792659742510834407240292964309068074738851690691228595016905102440885215359783919566, 329021456072885784027985684880317111915140616157337644956218382695738036837043223007859998819903055319054231887965853782452700202028367142, 5684346942144361915444268389402157225355455848183116004766697805600389257044419021707017984693387766905104363286330211958704537218442997268, 51656382123943029603859873251768196079575744037138522388539143260876520721846512014350689994554681586706170729308464419312532069131423552296, 898127047479769317615298305979033435033639605873301558378934409359181191438380485764925987582028297877909598440980786812908487040104878277019, 8213366827024275498748210589079475757263310063795692715989327276708188780547411995459262903222237264758327177747667779562854752782463653169900, 143700363123931479220709700483322783368864995411327300485104535289330275632573734250007043681986931994139078907459196429629182668320138139592100, 1322352379998002292832807270431070452622474159872001167886221993035380262466398684352866882392009979468833450189863514425547685462150990591556418, 23279464370071019879244586387547093245468691192681972513781739525108599462237385926158460613062053242484468300968874025185031375653584848397119772, 215543488328427913757977638750268097761977136300302225921851215474136778537782375410940586856050407157942949057801604064050036919623573322028930639, 3817833032913373625631961074324189653981154190142498439377891166901562076015929051485928089365613817053623497328888678296177033590009063430652884359, 35564683588447454242807479077474662985698667625756896804385255924274950491341743254312374727411240768999856102618780972771373822329922702080171080357, 633760423701357190957434931377492515977095965856975178779937848053487769128279537229711810777225707257728262511223839686767948931552201237830839027547, 5939303449950295687458512227361255247163161098154912546585187570798320768801247996418522333612927843455354160412480481145059332820336130909504271192000, 106471773907024632565215887709282280328138157866080104692758364293766700579991890920835938293479212662237735325834993929809624326316445938961910900990646, 1003742493483514695721637932148780405851420294811065579881161814170572566583922694481968465578068399693308515830751228643579954887902027010822802187490241, 18100205292196679897011353601371701641033580820151064015269973576633562942644322211127622625843294253908104756734669622325516645873495406989414487467463271, 171640001118449726128023989663594825782202502945798051322909936803212182560241241582428282575968606364677647758837175960511126350505707556488891627302183561, 3113235929279770262196607268365512387387312692566900836673555761915648952685408187708665747667943666783895542796359255476000082913638456028027774181094967793, 29693725995471533738730206406240819015121066832861761208722262310665616083341194816434627463494971086455705277934992312562810081643006990521289296741787510685, 541703155718848371580140107289585370185286897205381091276968905274320484626818166295343536229984415510594685987398445709545981814999791771264229198398383404747, 5196403030007524795419078281229227119616619736907967901800974892423264547225752294254583134273234659950356221796610848053782967208248226230983092580622113239853, 95339773095357820669526603181871959047567240426969188922137644791665416178689046616890619812078096152271862369552255969648589822167707179233731770894105144548149, 919763504072495705012531311880434252380158728015008809363186164559269862517806084564387861289681537607659867391928244032029825663713504647443275868630547612875307, 16970482654249847803042991434576058651957812533567353860618541654764226519809372920380498277918082182432568527593144188431413648716536231835018700523809133698016980, 164637696259161256378945872530945671004132879446640414350691339104013732336299284811619249822155421339227317103134048400229696636167662629368470575921139422828217971, 3054687407430378689868964400038152678863289853637903844740164843066698505040221451718748672750920415493952069810445784763520954816697755995343250726128815699560526479, 29799428104474508247106910179655375735915191401713340494761371953440654388615267334362114960284503028596484769478684815293752063686820216100801723652090150617805866796, 555953201396739109742128460603600021487506950932497035827071872968587780468015468000575557234614097587383795565767767954126684278911786736955943253137315467260310863599, 5453296242778377409008850786624871087244452726693210417865999650492421742262672262621517374449276197158956380723435950346562093390735291719466548042925808607536193996817, 102295405658561993096783646908477621552357142359024311319919511257550820446867590895918140133063954558906963459927735664677705361238001459044219620225367818415112957383714, 1008859965991989574582898190698088608736849353979819071701645042159324797673482955694533872987251016931180057982401972320518394270540427275237614635518159198286901931605397, 19026948441488237150082993497710496767878328949246000037209522787839253509503288401347591272145364551258295135717502735607300262387495577359572897512150957974218898569666149, 188656842802514043914260833365626990287646910715363742307728574038872082044201966525959452545500295509853650302368958788835069924110275893706288051636270331180231450173813882, 3577066851124286768055991590248546309795283035847303108188535602834584221227152511302234903408754775338445437147674875611915346550686196405309593265367466404301123224251265032, 35656148627558572246830083659003981048431979018586572586208698914749162973681143490776472481014227741579360707042219890465343139034589607087352331905364275228826697981802843160, 679642801855448388500307613110347471021613081433771533955821960378164622239756395585784638740249050184644376522769466984699366409368600409090808823435068680769623803233522302079, 6810325375595848568851582179188259676726896933109777329221056821138943734633213821408288055179751768276712920456845686874476292618799934902772744117945789324047947378563349189572, 130491436586802606864385978675476246980661741819049946224221504874563872233492713510556647003934606222716175180108389471868922162657867896702708238420331443829988625955853074974898, 1314392982236882854402719333796202817110783587012358105299107418338359740520805986086947215253176448864077829810661927630089419114512009377113932813480282963190348293941990548006666, 25315342201153117357713500998648645060369362560385800050857394398355908626517288687833533775385162783748433782076989015117142985634834667674760496659775348737392436577826234862255876, 256306666460937672484676777021450211840498577554060769557825070786527950114089139764974303939949177681068347462888924384511984801567239873665088194899137833954370861154315739237449958, 4961807737198646649063922034439107265894879657048585274508591262391558471225308141451666041182874578750439055553289745475151208189132506383987224195868205190954651395726523440415799927, 50492419964850316590561804274846675469648357396340768619937758737369449514403177390583115982501029897467159191700944553809407351540315364310039517105449003442731684979117428761709357897, 982438059820595678702117965412382625761555163860077260038559912667641700312250539872524259151854496820681800415883602316145672136311800076325771778461180687280479246012622236284322639767, 10047992860978411297691007516406935762430936893221448905421732369767026918330805738359908246217724748335551016175359639016737311760466483966239942623020506957153022166979348998533625726682]
len(predicted_full) = 200, len(input_sequence + seq_pred) = 200
is_manual_check: False
