test results being evaluated: data/test_linrec15.tsv
csv file used: ../linear_database_newbl.csv
The sequence ID inspected: A042835
csv results file used: ../linear_database_newbl.csv
Results we are looking at now:
('Could you give me a recursive equation in a form of a Python code for the following number sequence: 1,1,4,5,19,385,1174,1559,5851,7410,450451,457861,1824034,2281895,8669719', 'Certainly, the Python code is the following: lambda a_n: a_n[-4] + ( 5 * 9 - ( a_n[-4] ) + a_n[-4] ) * a_n[-2] * -6 + 4')

Experiment type: Evaluation of the results of llms.
Ground truth: 
[1, 1, 4, 5, 19, 385, 1174, 1559, 5851, 7410, 450451, 457861, 1824034, 2281895, 8669719, 175676275, 535698544, 711374819, 2669823001, 3381197820, 205541692201, 208922890021, 832310362264, 1041233252285, 3956010119119, 80161435634665, 244440317023114, 324601752657779, 1218245574996451, 1542847327654230, 93789085234250251, 95331932561904481, 379784882919963694, 475116815481868175, 1805135329365568219, 36577823402793232555, 111538605537745265884, 148116428940538498439, 555887892359360761201, 704004321299899259640, 42796147170353316339601, 43500151491653215599241, 173296601645312963137324, 216796753136966178736565, 823686861056211499347019, 16690533974261196165676945, 50895288783839799996377854, 67585822758100996162054799, 253652757058142788482542251, 321238579816243784644597050, 19527967546032769867158365251, 19849206125849013651802962301, 79075585923579810822567252154, 98924792049428824474370214455, 375849962071866284245677895519, 7615924033486754509387928124835, 23223622062532129812409462270024, 30839546096018884321797390394859, 115742260350588782777801633454601, 146581806446607667099599023849460, 8910650647147048808753743064422201, 9057232453593656475853342088271661, 36082348007928018236313769329237184, 45139580461521674712167111417508845, 171501089392493042372815103581763719, 3475161368311382522168469183052783225, 10596985194326640608878222652740113394, 14072146562638023131046691835792896619, 52813424882240710002018298160118803251, 66885571444878733133064989995911699870, 4065947711574964697985917697914820795451, 4132833283019843431118982687910732495321, 16464447560634494991342865761647018281414, 20597280843654338422461848449557750776735, 78256290091597510258728411110320270611619, 1585723082675604543597030070655963163009115, 4835425538118411141049818623078209759638964, 6421148620794015684646848693734172922648079, 24098871400500458194990364704280728527583201, 30520020021294473879637213398014901450231280, 1855300072678168890973223168585174815541460001, 1885820092699463364852860381983189716991691281, 7512760350776558985531804314534743966516533844, 9398580443476022350384664696517933683508225125, 35708501681204626036685798404088545017041209219, 723568614067568543084100632778288834024332409505, 2206414343883910255288987696738955047090038437734, 2929982957951478798373088329517243881114370847239, 10996363217738346650408252685290686690433150979451, 13926346175689825448781341014807930571547521826690, 846577133759127873577288713573766520983284460580851, 860503479934817699026070054588574451554831982407541, 3428087573563580970655498877339489875647780407803474, 4288591053498398669681568931928064327202612390211015, 16293860734058776979700205673123682857255617578436519, 330165805734673938263685682394401721472314963958941395, 1006791277938080591770757252856328847274200509455260704, 1336957083672754530034442935250730568746515473414202099, 5017662528956344181874086058608520553513746929697867001, 6354619612629098711908528993859251122260262403112069100, 386294839286702266896385825690163587889129491116422013001, 392649458899331365608294354684022839011389753519534082101, 1564243215984696363721268889742232104923298751675024259304, 1956892674884027729329563244426254943934688505194558341405, 7434921240636779551709958623020996936727364267258699283519, 150655317487619618763528735704846193678481973850368544011785, 459400873703495635842296165737559577972173285818364331318874, 610056191191115254605824901442405771650655259668732875330659, 2289569447276841399659770870064776892924139064824562957310851, 2899625638467956654265595771507182664574794324493295832641510, 176267107755354240655595517160495736767411798534422312915801451, 179166733393822197309861112932002919431986592858915608748442961, 713767307936820832585178855956504495063371577111169139161130334, 892934041330643029895039968888507414495358169970084747909573295, 3392569431928749922270298762622026738549446087021423382889850219, 68744322679905641475301015221329042185484279910398552405706577675, 209625537471645674348173344426609153295002285818217080600009583244, 278369860151551315823474359647938195480486565728615633005716160919, 1044735117926299621818596423370423739736461983004063979617158066001, 1323104978077850937642070783018361935216948548732679612622874226920, 80431033802597355880342843404472139852753374906964840736989611681201, 81754138780675206817984914187490501787970323455697520349612485908121, 325693450144622976334297585966943645216664345274057401785827069405564, 407447588925298183152282500154434147004634668729754922135439555313685, 1548036216920517525791145086430246086230568351463322168192145735346619, 31368171927335648698975184228759355871616001697996198285978354262246065, 95652551998927463622716697772708313701078573445451917026127208522084814, 127020723926263112321691882001467669572694575143448115312105562784330879, 476714723777716800587792343777111322419162298875796262962443896875077451, 603735447703979912909484225778578991991856874019244378274549459659408330, 36700841586016511575156845890491850841930574740030458959435411476439577251, 37304577033720491488066330116270429833922431614049703337709960936098985581, 148614572687177986039355836239303140343697869582179568972565294284736533994, 185919149720898477527422166355573570177620301196229272310275255220835519575, 706372021849873418621622335306023850876558773170867385903391059947243092719, 14313359586718366849959868872476050587708795764613576990378096454165697373955, 43646450782004973968501228952734175614002946067011598357037680422444335214584, 57959810368723340818461097825210226201711741831625175347415776876610032588539, 217525881888174996423884522428364854219138171561887124399285011052274432980201, 275485692256898337242345620253575080420849913393512299746700787928884465568740, 16746667417302075230964621737642869679470132975172625109201332286785342367104601, 17022153109558973568206967357896444759890982888566137408948033074714226832673341, 67813126745978995935585523811332203959143081640871037336045431510928022865124624, 84835279855537969503792491169228648719034064529437174744993464585642249697797965, 322318966312592904446962997319018150116245275229182561571025825267854771958518519, 6531214606107396058443052437549591651043939569113088406165509969942737688868168345, 19915962784634781079776120309967793103248063982568447780067555735096067838563023554, 26447177390742177138219172747517384754292003551681536186233065705038805527431191899, 99257494956861312494433638552519947366124074637613056338766752850212484420856599251, 125704672347603489632652811300037332120416078189294592524999818555251289948287791150, 7641537835813070690453602316554759874591088765995288607838755866165289881318124068251, 7767242508160674180086255127854797206711504844184583200363755684720541171266411859401, 30943265360295093230712367700119151494725603298549038208930022920326913395117359646454, 38710507868455767410798622827973948701437108142733621409293778605047454566383771505855, 147074788965662395463108236184040997599036927726749902436811358735469277094268674164019, 2980206287181703676672963346508793900682175662677731670145520953314432996451757254786235, 9087693650510773425481998275710422699645563915759944912873374218678768266449540438522724, 12067899937692477102154961622219216600327739578437676583018895171993201262901297693308959, 45291393463588204731946883142368072500628782651072974661930059734658372055153433518449601, 57359293401280681834101844764587289100956522229510651244948954906651573318054731211758560, 3486848997540429114778057569017605418558020116421712049358867354133752771138437306223963201, 3544208290941709796612159413782192707658976638651222700603816309040404344456492037435721761, 14119473870365558504614535810364183541534950032375380151170316281254965804507913418531128484, 17663682161307268301226695224146376249193926671026602851774132590295370148964405455966850245, 67110520354287363408294621482803312289116730045455188706492714052141076251401129786431679219, 1359874089247054536467119124880212622031528527580130376981628413633116895176987001184600434625, 4146732788095450972809651996123441178383702312785846319651377954951491761782362133340232983094, 5506606877342505509276771121003653800415230840365976696633006368584608656959349134524833417719, 20666553420122967500639965359134402579629394833883776409550397060705317732660409536914733236251, 26173160297465473009916736480138056380044625674249753106183403429289926389619758671439566653970, 1591056171268051348095644154167417785382306935288868962780554602818100901109845929823288732474451, 1617229331565516821105560890647555841762351560963118715886738006247390827499465688494728299128421, 6442744165964601811412326826110085310669361618178225110440768621560273383608242995307473629859714, 8059973497530118632517887716757641152431713179141343826327506627807664211107708683802201928988135, 30622664658554957708965989976383008767964501155602256589423288504983266016931369046714079416824119, 620513266668629272811837687244417816511721736291186475614793276727472984549735089618083790265470515, 1892162464664442776144479051709636458303129710029161683433803118687402219666136637900965450213235664, 2512675731333072048956316738954054274814851446320348159048596395414875204215871727519049240478706179, 9430189658663658923013429268571799282747684048990206160579592304932027832313751820458113171649354201, 11942865389996730971969746007525853557562535495310554319628188700346903036529623547977162412128060380, 726002113058467517241198189720123012736499813767623465338270914325746210024091164699087857899332977001, 737944978448464248213167935727648866294062349262934019657899103026093113060620788247065020311461037381, 2939837048403860261880701996903069611618686861556425524311968223404025549205953529440282918833716089144, 3677782026852324510093869932630718477912749210819359543969867326430118662266574317687347939145177126525, 13973183128960833792162311794795225045356934494014504156221570202694381536005676482502326736269247468719, 283141444606069000353340105828535219385051439091109442668401271380317749382380103967733882664530126500905, 863397516947167834852182629280400883200511251767342832161425384343647629683145988385703974729859626971434, 1146538961553236835205522735108936102585562690858452274829826655723965379065526092353437857394389753472339, 4303014401606878340468750834607209190957199324342699656650905351515543766879724265446017546913028887388451, 5449553363160115175674273569716145293542762015201151931480732007239509145945250357799455404307418640860790, 331276216191213788880925165017575926803522920236411815545494825785886092523594745733413341805358147339035851, 336725769554373904056599438587292072097065682251612967476975557793125601669539996091212797209665565979896641, 1341453524854335501050723480779452143094719966991250717976421499165262897532214734007051733434354845278725774, 1678179294408709405107322919366744215191785649242863685453397056958388499201754730098264530644020411258622415, 6375991408080463716372692238879684788670076914719841774336612670040428395137478924301845325366416079054593019, 129198007456017983732561167696960439988593323943639699172185650457766956401951333216135171037972341992350482795, 393970013776134414914056195329761004754450048745638939290893564043341297600991478572707358439283442056106041404, 523168021232152398646617363026721444743043372689278638463079214501108254002942811788842529477255784048456524199, 1963474077472591610853908284409925338983580166813474854680131207546666059609819913939234946871050794201475614001, 2486642098704744009500525647436646783726623539502753493143210422047774313612762725728077476348306578249932138200]
Predicted:    
[1, 1, 4, 5, 19, 385, 1174, 1559, 5851, 7410, 450451, 457861, 1824034, 2281895, 8669719, -615653785, -2339000092, 166228803849, 631538694563, -44882392693011, -170517786532098, 12118412255916823, 46040433902361027, -3272016191490235217, -12431087671424009384, 883456490114619425417, 3356439711718384894711, -238536524347138735097803, -906251153251635345581350, 64405745030217573095832231, 244691167817653261691859215, -17389789694683091874609800169, -66067521561919632292147569396, 4695307623309465023717741877865, 17838475512886118372141535596139, -1267750448083250239495664916823715, -4816454456000813880110506758526922, 342297316290100874128853245284280919, 1300460541595732633748208966337865083, -92421543148775319265029871891672671841, -351129162685303811925896531417982099328, 24954158947485626302432194263996905677993, 94806174385573624952625811691821504683647, -6737715337364267876975957481151056205729947, -25598018213267564041020895053323224246684014, 1819208095247299812409810952105049172452763687, 6911559723756627864700594290208962368109367431, -491192923432108313618525933025844427618451925433, -1866146723432502791033201479251473162613775890380, 132623908534764491976814411727930100506154472630601, 503866526886499510206829099992187962868087599770035, -35808946497309844942053509692474152981089326062187699, -136045828406078300258634890199370001447546265713799826, 9668548178182192898846424431379749234994624191263309335, 36732877536168027569341627182929892578800359830325723059, -2610543817055689392533476649982224767601529620967155708145, -9918012980593773522022497974281270366277544700453659025752, 704856499153214318176937541919632067001647992285323304508489, 2677900237637855018973643794683125928787515869482318262676103, -190313865315184921597165669794950640315212559446658259373000171, -723042982175201448896405847062418282042995562304926384581573558, 51385448491599082045552907782178592517174392698590015354014554663, 195224283087542029057048552350647619277537589338199606155287536767, -13874261406597067337220882266858014930277401241178750803843302759177, -52711279476618523046852005540521919623217192116876198588312216500644, 3746101965229699780131683764959446209767415509510961307053045759532457, 14232240682970088764679098544493268945887919409145911818450453742710651, -1011461404873425537702891837421317334652132464969200731655126198376522563, -3842757695681400584986403459018723137309361457661513067180210822748376410, 273098325417790124879560927787520639802285532957193708508191126607420624471, 1037558810074661128035093613033599740342473481488017674050475372595804341355, -73737559324208207143019153394467994063951746030907270497943259310201945129729, -280144721477854185970060261922530948615605149363222433506695530811689920542256, 19909414115861633718740050977434145917906773713877920228153188204881132605651305, 75640112357830704873044305812696389725953732801551545064481843794528874350750479, -5375615548841965312266956783060613865828892854493069368871858758577216005470982075, -20423110481335768169907932629689947756956123461568280389843604520053607764623171582, 1451436107601446495945797071477343177919718977486842607515630018004053202609770811559, 5514315470073015236580014854322098590767879288356237256802837702258268625322607077623, -391893124667939395870677476255665718652189952814301997098588976719852941920643590103001, -1488885600030195449644773918599596309455084363979645627617156023214252582444868534129788, 105812595096451238331578864386101221379269206978839026059226539344378298371776379098621833, 402004626323622844419325538036745325651463546153792675693888929105550455528739826822120387, -28569792569166502288922164061723585438121338074239351337988264211958860413321543000217997907, -108542737992978198188667540043839837522204612545888002082977628014521837245342198110506634274, 7713949806270052069247315875529754169514140549251603700282890563768236689895188386437958056727, 29306941262730437133784655137374792876320896850935914355079653452850001606697922229663613374371, -2082795017485483225199064208557095349354256069636007238427718440481635865132114185881248893314193, -7912982683675211004320045554631237916444164354365242763873589409897514955645684344207286117714440, 562362368670886740855816583626291274079818652942271205979184261820605451822360725376323639152888841, 2136534631533569701603546084405571612232800696575466482160224220325781888025941470858196915396273175, -151839922336156905514295676643307201096900390550482861621618178410003953627902527965793263820173301259, -576872263496747494643961762835058966540772632239730315426024413077371007281959842816057374443111471686, 40997341393131035375600688510276570587437185267283314909042887354962888084985504911489557555085944228775, 155757647678753357123571279511550326537620843505423760631508751755110497748017183501806349296555493628399, -11069434016067715708317700193451317365809136922557045508303201204018389786899714228630146333137025115070505, -42055141745526903170858889429881423224124168519096655100822788998292911762971921505330530367444426391139412, 2988788181679676372281154652920365965339054406275669570556773367972320205351007827235050999504551867013265129, 11355044028939942609489023717347495820840063120999602300982784538290841286500166823622745005559291681101269643, -806983878487528688231620073988692261958910498831353341095837112553730473834559013067692400012562141118696655331, -3065903942955530031465207262573253753050041166838411717920452648127525440266808014299646482031376198323733943018, 217888635979814425498909701131599831094871173738871677765446577162875200255536284536104183054391282653915110204503, 827805419642022048438215449918495860819331955109492163440823197778970159713324664027728172893477132839089265884507, -58830738698428382413393850925605943087877175819994184350011671671088857799468631383761197117085658878698198451871137, -223510529207288908608349636685256455674972677920729722540740183852970070648037926095500906327720857242752425522759904, 15884517337211643066041838659614736233557932342572168646180916797771154481056786009900059325796182288531167497115411497, 60348670691387647346302840120469161528103442370552134578163290463499698045129953370449272436657524932675993980411058591, -4288878511785842056213709831946904389003729609670305528653197547069882798743131691304399779162086303562293922419612975323, -16294364597203872072410375182163358869043604412726997065826629165328771442255735447947399058803859452679761127136508579470, 1158013082699514566820767696464323799767240552543325064905009518625666126815126613438197840433089098144107890220792618748711, 4399538789915736847198147602024227363803301294878659759907768037929231789107093700899168195149478709748468180320837727515495, -312667821207380718883663491755199372841543952916307437829881223226476924122882928760004721316713218585212692653536426675127289, -1187891767641846152615572262921723551585760393221650862172163196870057911830357554978223360089418055491539088447753322937763116, 84421469739075493613155963541600294991016634527955551539132835280667395179305205891814712953353002107105571124345055994903116745, 320735176802088376943051709136467383155519109471140611446243970922953565425985646937821206392338024461425302349073718030923556819, -22794109497371590656270993819723834846947332866500915223003695407003423175336528473718732502126627282137089416265818655050516648435, -86599685628331503620776577039109115175541745317601186741348044312394332722927955030766703949291356022640323173338351621672298104242, 6154493985760068552686781487288977008970770890589775065762536892726204924736041993109949590287142719179121247962895381919634398194199, 23382235854826308065986618852268597564779426754861791560775418208317392788755973843953947887515058464137348682103704011569551411702163, -1661736170264715880816087272561843516256955087792105768671107964731482333101906674668160108110030660805644874039398018936956338029082161, -6313290280488731509320007866689560451605620765558001322596104264290008447296835865822596696333015076673106784491173421475400553457688248, 448674920465459047888896250373185038366386844474759147316264913014392956142439538202396339139298565560243295111885428008360130902250377673, 1704611757967812333824468110625033590531082386127415218892508926776510598162934439745945061957801585760202969161298927502369718984987529127, -121143890261844207645882803688032522202440704963272761881160197621850829640791777221321679727718722731926495325083104960276172299945631053867, -460251487941589818864115709876625759003843849875167667102300006333922151512439595567270989325302761170331474780335201599061299526500090552534, 32709299045618401523436245892019154179697356726928120467060569622812738395969922289295055922823194436185713981067550224702574881116222634921767, 124269606355987218905645066134799579964628370548681397532839894219085757418956853737602913062893703317575258393659665730674053241874009436713311, -8831631886207230255535432273648859661040488756975555798868234958357061217741519809886886420841990216492874701383563643774655494073680057059930953, -33553253967604490694343031972105763216208663891993852501533873739159488425269862948748353797970625198506490097762890082483593436605509048003146500, 2384573318574997787396090150131084127635111661740126993814890499326029341528606318591748628683260181647512355087543251369381685974774731628816279081, 9059502840859568474691524277534690867956303879208888856811678749467280960580281953015793128365131697300069901654373981936300901936729316970286268315, -643843627647135609827199875967666363321141189158591263885819303052986279273941447539582016630901091035044828748338061433376829868683251219837455282819, -2446099320286051092657405897966338640111418256050291985191654796229905018845101397177212893012383528896217379936778738012883727116353521091025295591546, 173840164038045189651131362601420049180835756184481381376165026714805621433305719442005736238971977839643751274406364130263113446230452604087741742640215, 660455875980074654585974283975188967520950885437458044890603606660823822369137957519800496906471917933675992652831913637460542622317387423893800095985739, -46937488133899848341415295102259380945188975310999131562828443032300570773271818190789088366539064917794847888918466653232474007312090886354910107968140865, -178325532613940442789305714079198987569296850486369722412448165453218661944686093631743311377640430225621414233644553460852359391752810957972417051211741072, 12673295636316997097371780808972634275250204169725950003345055783747868914404824217232495864701786499782448573759260402736898245087710769768429816893140673769, 48148554261639899627767128775667701832677670582205262509405895275975699548887614418528213872459822632835715519076682266343774496315881276039976497627266075183, -3421836759293723116138722233717713513698500314801317500034727890054956907460075810470964672557848894006178909762889227205615758647689219928362405471255950058491, -13000287976175386839939914075144358693810540354045907247262004172678892096861600579096249488875529751295868811564937856466279966364679697341751626776413052040478, 923908598304941558354552374884591621332870335200525450959379875370622112883134873651377694086483903168168088084553850605918991733121177091427617907055999656466343, 3510125902121616086683404567417752515030678573262977162023250532518576841852181043970405890210265492672517414838052297928161934692959834163548979206129151317004247, -249458743379093514478845279941073455473388689004456673076532601077958025435353875961682448368023211704299389961739302552825333383701365503905385197310591163195971097, -947746993860812518791359173116868323416977025321357879653524905784188426192185743472588686606260558551330997875085685378460188647065519903855566137281647268643187164, 67354784620953553850846580136464717569436278901538502256114761670924037489658429644527912437060353644064003457757696243113445932591101807231545430891766670062568662537, 255895198468321501689753660146121865075098827515339890483613747812263393648732002918642915789580561074352041943687973104482179096642383333875166406045250891684977538531, -18186041306400838633243055482125414817203268692104400065824062183750568080233211357898498040454663507108985232984539724943183227132981189318021171725974311508056734856083, -69092651333440666268752279598626020438600100406167091788455365434216900473583832973777059851873357750633602655793627823895566816282090565666198785198355022402212578590530, 4910298507512847384529475826753998465362451983147089556274752904374324305700456725062238998835196207273070076909283483430902584771837512217672947911443955873845380979804951, 18655271755227448214064805245289171640287102208492630122773432280986375391261283634922724802921596173232147069106223200424907522575261095113207547169961901299489081196981635, -1325798783069775194661591716279061711062679238718406284594249108243251313107203548978162428183543430627236029750739525066068641071623261279961013957261594060249760921282192849, -5036992466562744458463766168507674968897956196393416300240615171231755572541020165262109473848682840130430342261336057742548926662136777771131703934674911705884454135763631976, 357970581727346815406014292871173415985388756905952843930003533978582228863250658680828917848555561465561001102776581051321963991923052383101691441408541840223309294127171874185, 1360006621243696231233430930302317530774088460128430893695088869664854990961466705904404480663947288431389424557629841813688635106299505259300673269909396122490102105737377615159, -96653382865166709934818520666933101377766027043845986267385548423325445044390785047372785981538185139132097533779427623381996346460295766698736650194263558454353759175257688222795, -367206824728264545177484814947794240983972782190872734713974235424682079315168551614354471888739616559315275060902318625753674027627528556788952914579471627984033453003227719724902, 26096771344176739029216406594364808545412812690595322245038028077831848744214375213449333043933158543127131895121548234894190335508271780061041997243892569324515738286613702992028839, 99147202683252670894152133466834747383203425279995766803666738653533826270086470402581611814440360418303555655868183658795305676094539009838276587609727248951811522412977221703338703, -7046224916310584704598364598999165240362837192487780852146534966563022486382925698416367294647934344829464743780351802849054772583579840912248037992501187981177703691144875065536009321, -26770111931302949405966253520860329587705908798381047909724733410689557775002662177248649544370786052558519342359470490193358286219553160184891467607540936688617095084956853087621174708, 1902506824175202046980587658136368979706511454784391425401809479000093903172134152947632618887986206262498607952590108317479682787902065318087031299972564647487304512347402881397714545513, 7228029368654479592281782602765755823427978578988162931392481687624834133076988874327537958591926674551218525992712900535865532584955447788930534530623662633175567484460763310879420509867, -513683888752220863269463266061418623685998455628978172639340705864991916878962604221559223467050923625219453611943109597522363407506141215724410699030584956009553396037489922852448463297827, -1951594699648640792865487269000274932655141922235602372523879780392115905488561998730612497469364572914881560537374842615173887156224190456171429214735996451894091837899491050790531158838794, 138696552469923808284802062424241164764199289531278891004047392393026817651223075273973937968722637365015514973832592181439355599709446030310908975769557910687226904234634626573042482804958807, 526937796934501668553273844412676997572711746982191628744378933187558919316044816646139701854687026613692572563617200218997485397713116378614074818513249665674037971800347044476754292306984251, -37448582850768180457759826317811175904957494171900929549265435286823105757747109286577184810778579139477814262388411832098223534284957934325161147868479666470507273696747386664644322805802175713, -142275156767015099150176803478691789619564826827113975363354835840421300331237589056456450113262966550269909473737181433971936231269697646416256372427792145728442146477931601499774449454044586560, 10111256066259878647403437907871441735503287625702782257192671574834631581409370730451113872848185090296374866359845027258701793612538351713823820833465279504947651125026029034080540200049392401321, 38414819264891011272216290213091195874280075955067755539734550055846938648353465090059887670282855655599489250481602604372641779928216077648767834630322392596345053587013332751983578106884345355455, -2730076586473018002979385994951607079761792616433923110371570590640637350086287844331087322853820752959160691731420545771681582498919639920666756786183493946002336311030724586588410498336141750532379, -10372143476677340058597548534338101577845240072695121109703691869914513856355766811905226127426484289978412367539506440362047252516849610662813731606559473793158892910640077774637065863308227290559406, 737130789603781120683081622074841782977419509724784942582581252144546919154879127340124028284404451484063683142349907203381285976501915316931738156090376830700135751629420664407904915090958322036143655, 2800517153522146706832610320561500517214089099703637767375536539426974588154705392679501114292821041149826938724917220500357130821329323095037356301605688246545497430926408012484759766671328252796395079, -199028043269607375602435017346202233010983029418308368420407309649618308809167450669677818724112055721450153609126206365458718895238016055211489968901187927782982655276254610114720915485057083091509319225, -756150003594456288184863384100139477749381902160054892312504569337153053315626811790277206085189107594743251868095189041536787369011434085270749015165142386041077465243040803448659774067121936482317230732, 53738308813583595193778137765096677754748395362452984258452556186649087925394366559940351179538539449243025538147218068581057483000240836822419223341476830878236017060340374151639055085880503393029552334409, 204163301487656719956619946317358220492850327672314524562143609257570751369807393888767525144115351871621827831324425958435432946763908532346197271450890049919337461113051943339150623757889594178478448692723, -14509542407710840309695699631593449196015077730891724058150610577704903358165288138634564496294129763351338345453358004723250979128960263958108401792167645525051507588947177275552659594103220973201070639609651, -55124847551670908844575570369070819672547337853427081686671087004113440022901311976779022066117230194445488257709463103966608432413624315167558534040755478620607155577989267742374117074404257550125663464265938, 3917630188390740467213032678667996379601825735736127948684923308536510555792553191797892354350594574644310596297944808493346345422302271509526090903108605768594785285032798204773369729462955543267682102246940183, 14883913002252633044755360619595438669808274070752984369925755634719886376934724041124224725376796267852153451409386362496942712184625329003773150388275430117613851343518215342384350760712907428128107613800495987, -1057774660407907636987828518939990615941688963726485437868987443915435554967347527073569570239156829283727212338790551651208236515000742267836002652241115725166117078466444462466085379614592099903247368677313459057, -4018711635455762592992791942861137511667906546441159206961640692461373435212398392415517454873801109550275877368792027337278498898281252455333918163368406887234360469905496131711517079509559409852139181389598182424, 285603075940323452727180913146476134300635622031886804352575294780476136351739624863055581856926694501180991642069746890634717205395622714587230242196004354400620205971225037664047825865669329929420057224976880885577, 1085067025486058152741098579933126723589004575813183738864012912720205547393724500676230837040651676374842339043025256767427691645248122788269161677259858134983394940725827473777451995818341753567505707082805309750471, -77113888278547740143975834378067496251787559637573163660633198578172472250524666060552080670940446672148151470571170451023024853693333133680820001395573416803892621729309226613755379069110333673043318698112435152564843, -292972115592871157002689609373887076506542903376106050652490448075147959169740827580974741518430826422316981817494188119232814022715891434085128986778325064852403868356443323416043750388031783022636393051538823230809590, 20821035438283830162326202462991370464116941737766786075175316191401347983778011575973924836735777528174502078045858091523107345214405341716535987607047018541405408487119462410751616396485655761051625468547582468073393191, 79103556277100698448878935629529443783490172916124446859911284993202669181377417171363856440813363785701959933062473817449627213824935935325773095591825027368284027851180423149805590056764399757865393629622565077628339775, -5621756682224912691568218640842048092807826056756669813460996004876942128092313650179020257999330873053787709223852255881690006232743135596598397473904090579596264184143984160129550182430196165817611919826545378814968726409, -21358253166932781452354315309582323708618853230256976758226699438612795826931072377095822213761126652965951498908685424899518580546755418429392820938779535714501539923687070693770925359076775966406678916391144109782882548836, 1517895125236164710553581359229815976428577152266038616420544096632965775932908463559911443584656071502050855992518154946147824790185861016423283853941711503509532735127362842697389300872549450426516269978635799862509629523625, 5766807458628128092834114012522856930770873862342299849168068759710448075940570919233043361571945009664592606665278127196687466374837787911871387426566066467942784063423360267741299652540786275329561172819238532206455916525499, -409837305570446696762158535210691155683808638937887183103360367086905636444013377474826268788115138636426784905689125687715794383356415217569883238961736010038153434748572111512455240785770781811325210506151492508256414940105155, -1557059372082761517846663137696480953631844561685651216252136791821259593299781079265298803446638913736092969751124003028530515439786749491623703997993776725880266198664230959360844677111371371114947923340110794839852880344433562, 110657590399145844290493358088245841850604761090381805476523719657561154805659544826666652484234672087906733975392056453838210631331022294604884897803522664421804936914849597471205612401458983638508233352930881613029094543457915479, 420411797269804237946691881292062380337528802528988170687926101860499800639016831972549909973954078653754766425410146095830435856208797200526311950845746282054139816423405782387695804119722810987311268863002733845292484148913587243, -29877959245074948405129968842361587990818969303042025365844507667908598703164521116577470997012149578873454600140760931662004586253759375958536492290190081129897371120444139889337027803634711353179034330501844187010363783148577284481]
len(predicted_full) = 200, len(input_sequence + seq_pred) = 200
is_manual_check: False
