test results being evaluated: data/test_linrec15.tsv
csv file used: ../linear_database_newbl.csv
The sequence ID inspected: A045513
csv results file used: ../linear_database_newbl.csv
Results we are looking at now:
('Could you give me a recursive equation in a form of a Python code for the following number sequence: 1,1,3,5,10,15,27,39,63,90,135,187,270,364,505', 'Certainly, the Python code is the following: lambda a_n: a_n[-2] + a_n[-2] + n')

Experiment type: Evaluation of the results of llms.
Ground truth: 
[1, 1, 3, 5, 10, 15, 27, 39, 63, 90, 135, 187, 270, 364, 505, 670, 902, 1173, 1545, 1976, 2550, 3218, 4081, 5083, 6357, 7825, 9659, 11772, 14366, 17342, 20956, 25080, 30031, 35667, 42357, 49945, 58881, 68970, 80756, 94028, 109410, 126672, 146559, 168795, 194259, 222655, 254983, 290928, 331659, 376805, 427725, 484029, 547247, 616968, 694956, 780740, 876340, 981266, 1097777, 1225367, 1366606, 1520922, 1691228, 1876941, 2081293, 2303690, 2547774, 2812888, 3103118, 3417804, 3761455, 4133415, 4538718, 4976648, 5452810, 5966505, 6523881, 7124260, 7774458, 8473752, 9229675, 10041543, 10917582, 11857160, 12869334, 13953445, 15119445, 16366752, 17706182, 19137240, 20671771, 22309287, 24062730, 25931732, 27930306, 30058225, 32330754, 34747713, 37325705, 40064733, 42982705, 46079826, 49375521, 52870103, 56584605, 60519595, 64697688, 69119739, 73810176, 78770032, 84025660, 89578445, 95456632, 101661989, 108224919, 115147465, 122462307, 130171950, 138311327, 146883451, 155925796, 165441760, 175471501, 186019020, 197127128, 208800475, 221084853, 233985440, 247551161, 261787955, 276747860, 292437640, 308912799, 326180790, 344300762, 363281125, 383184647, 404020760, 425856249, 448701435, 472627310, 497645370, 523830801, 551196360, 579821853, 609721150, 640978898, 673610405, 707705141, 743279940, 780429571, 819172251, 859608282, 901757610, 945726067, 991535440, 1039297599, 1089036014, 1140868862, 1194821685, 1251018960, 1309488417, 1370361396, 1433667664, 1499545708, 1568027745, 1639259420, 1713275543, 1790229516, 1870158576, 1953224205, 2039466528, 2129055115, 2222033128, 2318578884, 2418738425, 2522699156, 2630510487, 2742368940, 2858327472, 2978592421, 3103220120, 3232427107, 3366273632, 3504986460, 3648629945, 3797441844, 3951490455, 4111024932, 4276118088, 4447030525, 4623839792, 4806818748, 4996049505, 5191817631, 5394210430, 5603526230, 5819857758, 6043516983, 6274601895]
Predicted:    
[1, 1, 3, 5, 10, 15, 27, 39, 63, 90, 135, 187, 270, 364, 505, 743, 1026, 1503, 2070, 3025, 4160, 6071, 8342, 12165, 16708, 24355, 33442, 48737, 66912, 97503, 133854, 195037, 267740, 390107, 535514, 780249, 1071064, 1560535, 2142166, 3121109, 4284372, 6242259, 8568786, 12484561, 17137616, 24969167, 34275278, 49938381, 68550604, 99876811, 137101258, 199753673, 274202568, 399507399, 548405190, 799014853, 1096810436, 1598029763, 2193620930, 3196059585, 4387241920, 6392119231, 8774483902, 12784238525, 17548967868, 25568477115, 35097935802, 51136954297, 70195871672, 102273908663, 140391743414, 204547817397, 280783486900, 409095634867, 561566973874, 818191269809, 1123133947824, 1636382539695, 2246267895726, 3272765079469, 4492535791532, 6545530159019, 8985071583146, 13091060318121, 17970143166376, 26182120636327, 35940286332838, 52364241272741, 71880572665764, 104728482545571, 143761145331618, 209456965091233, 287522290663328, 418913930182559, 575044581326750, 837827860365213, 1150089162653596, 1675655720730523, 2300178325307290, 3351311441461145, 4600356650614680, 6702622882922391, 9200713301229462, 13405245765844885, 18401426602459028, 26810491531689875, 36802853204918162, 53620983063379857, 73605706409836432, 107241966126759823, 147211412819672974, 214483932253519757, 294422825639346060, 428967864507039627, 588845651278692234, 857935729014079369, 1177691302557384584, 1715871458028158855, 2355382605114769286, 3431742916056317829, 4710765210229538692, 6863485832112635779, 9421530420459077506, 13726971664225271681, 18843060840918155136, 27453943328450543487, 37686121681836310398, 54907886656901087101, 75372243363672620924, 109815773313802174331, 150744486727345241978, 219631546627604348793, 301488973454690484088, 439263093255208697719, 602977946909380968310, 878526186510417395573, 1205955893818761936756, 1757052373020834791283, 2411911787637523873650, 3514104746041669582705, 4823823575275047747440, 7028209492083339165551, 9647647150550095495022, 14056418984166678331245, 19295294301100190990188, 28112837968333356662635, 38590588602200381980522, 56225675936666713325417, 77181177204400763961192, 112451351873333426650983, 154362354408801527922534, 224902703746666853302117, 308724708817603055845220, 449805407493333706604387, 617449417635206111690594, 899610814986667413208929, 1234898835270412223381344, 1799221629973334826418015, 2469797670540824446762846, 3598443259946669652836189, 4939595341081648893525852, 7196886519893339305672539, 9879190682163297787051866, 14393773039786678611345241, 19758381364326595574103896, 28787546079573357222690647, 39516762728653191148207958, 57575092159146714445381461, 79033525457306382296416084, 115150184318293428890763091, 158067050914612764592832338, 230300368636586857781526353, 316134101829225529185664848, 460600737273173715563052879, 632268203658451058371329870, 921201474546347431126105933, 1264536407316902116742659916, 1842402949092694862252212043, 2529072814633804233485320010, 3684805898185389724504424265, 5058145629267608466970640200, 7369611796370779449008848711, 10116291258535216933941280582, 14739223592741558898017697605, 20232582517070433867882561348, 29478447185483117796035395395, 40465165034140867735765122882, 58956894370966235592070790977, 80930330068281735471530245952, 117913788741932471184141582143, 161860660136563470943060492094, 235827577483864942368283164477, 323721320273126941886120984380, 471655154967729884736566329147, 647442640546253883772241968954, 943310309935459769473132658489, 1294885281092507767544483938104, 1886620619870919538946265317175, 2589770562185015535088967876406, 3773241239741839077892530634549]
len(predicted_full) = 200, len(input_sequence + seq_pred) = 200
is_manual_check: False
