test results being evaluated: data/test_linrec15.tsv
csv file used: ../linear_database_newbl.csv
The sequence ID inspected: A046092
csv results file used: ../linear_database_newbl.csv
Results we are looking at now:
('Could you give me a recursive equation in a form of a Python code for the following number sequence: 0,4,12,24,40,60,84,112,144,180,220,264,312,364,420', 'Certainly, the Python code is the following: lambda a_n: n * n * n - n')

Experiment type: Evaluation of the results of llms.
Ground truth: 
[0, 4, 12, 24, 40, 60, 84, 112, 144, 180, 220, 264, 312, 364, 420, 480, 544, 612, 684, 760, 840, 924, 1012, 1104, 1200, 1300, 1404, 1512, 1624, 1740, 1860, 1984, 2112, 2244, 2380, 2520, 2664, 2812, 2964, 3120, 3280, 3444, 3612, 3784, 3960, 4140, 4324, 4512, 4704, 4900, 5100, 5304, 5512, 5724, 5940, 6160, 6384, 6612, 6844, 7080, 7320, 7564, 7812, 8064, 8320, 8580, 8844, 9112, 9384, 9660, 9940, 10224, 10512, 10804, 11100, 11400, 11704, 12012, 12324, 12640, 12960, 13284, 13612, 13944, 14280, 14620, 14964, 15312, 15664, 16020, 16380, 16744, 17112, 17484, 17860, 18240, 18624, 19012, 19404, 19800, 20200, 20604, 21012, 21424, 21840, 22260, 22684, 23112, 23544, 23980, 24420, 24864, 25312, 25764, 26220, 26680, 27144, 27612, 28084, 28560, 29040, 29524, 30012, 30504, 31000, 31500, 32004, 32512, 33024, 33540, 34060, 34584, 35112, 35644, 36180, 36720, 37264, 37812, 38364, 38920, 39480, 40044, 40612, 41184, 41760, 42340, 42924, 43512, 44104, 44700, 45300, 45904, 46512, 47124, 47740, 48360, 48984, 49612, 50244, 50880, 51520, 52164, 52812, 53464, 54120, 54780, 55444, 56112, 56784, 57460, 58140, 58824, 59512, 60204, 60900, 61600, 62304, 63012, 63724, 64440, 65160, 65884, 66612, 67344, 68080, 68820, 69564, 70312, 71064, 71820, 72580, 73344, 74112, 74884, 75660, 76440, 77224, 78012, 78804, 79600]
Predicted:    
[0, 4, 12, 24, 40, 60, 84, 112, 144, 180, 220, 264, 312, 364, 420, 3360, 4080, 4896, 5814, 6840, 7980, 9240, 10626, 12144, 13800, 15600, 17550, 19656, 21924, 24360, 26970, 29760, 32736, 35904, 39270, 42840, 46620, 50616, 54834, 59280, 63960, 68880, 74046, 79464, 85140, 91080, 97290, 103776, 110544, 117600, 124950, 132600, 140556, 148824, 157410, 166320, 175560, 185136, 195054, 205320, 215940, 226920, 238266, 249984, 262080, 274560, 287430, 300696, 314364, 328440, 342930, 357840, 373176, 388944, 405150, 421800, 438900, 456456, 474474, 492960, 511920, 531360, 551286, 571704, 592620, 614040, 635970, 658416, 681384, 704880, 728910, 753480, 778596, 804264, 830490, 857280, 884640, 912576, 941094, 970200, 999900, 1030200, 1061106, 1092624, 1124760, 1157520, 1190910, 1224936, 1259604, 1294920, 1330890, 1367520, 1404816, 1442784, 1481430, 1520760, 1560780, 1601496, 1642914, 1685040, 1727880, 1771440, 1815726, 1860744, 1906500, 1953000, 2000250, 2048256, 2097024, 2146560, 2196870, 2247960, 2299836, 2352504, 2405970, 2460240, 2515320, 2571216, 2627934, 2685480, 2743860, 2803080, 2863146, 2924064, 2985840, 3048480, 3111990, 3176376, 3241644, 3307800, 3374850, 3442800, 3511656, 3581424, 3652110, 3723720, 3796260, 3869736, 3944154, 4019520, 4095840, 4173120, 4251366, 4330584, 4410780, 4491960, 4574130, 4657296, 4741464, 4826640, 4912830, 5000040, 5088276, 5177544, 5267850, 5359200, 5451600, 5545056, 5639574, 5735160, 5831820, 5929560, 6028386, 6128304, 6229320, 6331440, 6434670, 6539016, 6644484, 6751080, 6858810, 6967680, 7077696, 7188864, 7301190, 7414680, 7529340, 7645176, 7762194, 7880400]
len(predicted_full) = 200, len(input_sequence + seq_pred) = 200
is_manual_check: False
