test results being evaluated: data/test_linrec15.tsv
csv file used: ../linear_database_newbl.csv
The sequence ID inspected: A047518
csv results file used: ../linear_database_newbl.csv
Results we are looking at now:
('Could you give me a recursive equation in a form of a Python code for the following number sequence: 2,3,4,6,7,10,11,12,14,15,18,19,20,22,23', 'Certainly, the Python code is the following: lambda a_n: a_n[-5] + 8')

Experiment type: Evaluation of the results of llms.
Ground truth: 
[2, 3, 4, 6, 7, 10, 11, 12, 14, 15, 18, 19, 20, 22, 23, 26, 27, 28, 30, 31, 34, 35, 36, 38, 39, 42, 43, 44, 46, 47, 50, 51, 52, 54, 55, 58, 59, 60, 62, 63, 66, 67, 68, 70, 71, 74, 75, 76, 78, 79, 82, 83, 84, 86, 87, 90, 91, 92, 94, 95, 98, 99, 100, 102, 103, 106, 107, 108, 110, 111, 114, 115, 116, 118, 119, 122, 123, 124, 126, 127, 130, 131, 132, 134, 135, 138, 139, 140, 142, 143, 146, 147, 148, 150, 151, 154, 155, 156, 158, 159, 162, 163, 164, 166, 167, 170, 171, 172, 174, 175, 178, 179, 180, 182, 183, 186, 187, 188, 190, 191, 194, 195, 196, 198, 199, 202, 203, 204, 206, 207, 210, 211, 212, 214, 215, 218, 219, 220, 222, 223, 226, 227, 228, 230, 231, 234, 235, 236, 238, 239, 242, 243, 244, 246, 247, 250, 251, 252, 254, 255, 258, 259, 260, 262, 263, 266, 267, 268, 270, 271, 274, 275, 276, 278, 279, 282, 283, 284, 286, 287, 290, 291, 292, 294, 295, 298, 299, 300, 302, 303, 306, 307, 308, 310, 311, 314, 315, 316, 318, 319]
Predicted:    
[2, 3, 4, 6, 7, 10, 11, 12, 14, 15, 18, 19, 20, 22, 23, 26, 27, 28, 30, 31, 34, 35, 36, 38, 39, 42, 43, 44, 46, 47, 50, 51, 52, 54, 55, 58, 59, 60, 62, 63, 66, 67, 68, 70, 71, 74, 75, 76, 78, 79, 82, 83, 84, 86, 87, 90, 91, 92, 94, 95, 98, 99, 100, 102, 103, 106, 107, 108, 110, 111, 114, 115, 116, 118, 119, 122, 123, 124, 126, 127, 130, 131, 132, 134, 135, 138, 139, 140, 142, 143, 146, 147, 148, 150, 151, 154, 155, 156, 158, 159, 162, 163, 164, 166, 167, 170, 171, 172, 174, 175, 178, 179, 180, 182, 183, 186, 187, 188, 190, 191, 194, 195, 196, 198, 199, 202, 203, 204, 206, 207, 210, 211, 212, 214, 215, 218, 219, 220, 222, 223, 226, 227, 228, 230, 231, 234, 235, 236, 238, 239, 242, 243, 244, 246, 247, 250, 251, 252, 254, 255, 258, 259, 260, 262, 263, 266, 267, 268, 270, 271, 274, 275, 276, 278, 279, 282, 283, 284, 286, 287, 290, 291, 292, 294, 295, 298, 299, 300, 302, 303, 306, 307, 308, 310, 311, 314, 315, 316, 318, 319]
len(predicted_full) = 200, len(input_sequence + seq_pred) = 200
is_manual_check: True
