test results being evaluated: data/test_linrec15.tsv
csv file used: ../linear_database_newbl.csv
The sequence ID inspected: A047853
csv results file used: ../linear_database_newbl.csv
Results we are looking at now:
('Could you give me a recursive equation in a form of a Python code for the following number sequence: 1,2,10,74,586,4682,37450,299594,2396746,19173962,153391690,1227133514,9817068106', 'Certainly, the Python code is the following: lambda a_n: 6 + ( a_n[-1] ) * 8 + -10')

Experiment type: Evaluation of the results of llms.
Ground truth: 
[1, 2, 10, 74, 586, 4682, 37450, 299594, 2396746, 19173962, 153391690, 1227133514, 9817068106, 78536544842, 628292358730, 5026338869834, 40210710958666, 321685687669322, 2573485501354570, 20587884010836554, 164703072086692426, 1317624576693539402, 10540996613548315210, 84327972908386521674, 674623783267092173386, 5396990266136737387082, 43175922129093899096650, 345407377032751192773194, 2763259016262009542185546, 22106072130096076337484362, 176848577040768610699874890, 1414788616326148885598999114, 11318308930609191084791992906, 90546471444873528678335943242, 724371771558988229426687545930, 5794974172471905835413500367434, 46359793379775246683308002939466, 370878347038201973466464023515722, 2967026776305615787731712188125770, 23736214210444926301853697505006154, 189889713683559410414829580040049226, 1519117709468475283318636640320393802, 12152941675747802266549093122563150410, 97223533405982418132392744980505203274, 777788267247859345059141959844041626186, 6222306137982874760473135678752333009482, 49778449103862998083785085430018664075850, 398227592830903984670280683440149312606794, 3185820742647231877362245467521194500854346, 25486565941177855018897963740169556006834762, 203892527529422840151183709921356448054678090, 1631140220235382721209469679370851584437424714, 13049121761883061769675757434966812675499397706, 104392974095064494157406059479734501403995181642, 835143792760515953259248475837876011231961453130, 6681150342084127626073987806703008089855691625034, 53449202736673021008591902453624064718845533000266, 427593621893384168068735219628992517750764264002122, 3420748975147073344549881757031940142006114112016970, 27365991801176586756399054056255521136048912896135754, 218927934409412694051192432450044169088391303169086026, 1751423475275301552409539459600353352707130425352688202, 14011387802202412419276315676802826821657043402821505610, 112091102417619299354210525414422614573256347222572044874, 896728819340954394833684203315380916586050777780576358986, 7173830554727635158669473626523047332688406222244610871882, 57390644437821081269355789012184378661507249777956886975050, 459125155502568650154846312097475029292057998223655095800394, 3673001244020549201238770496779800234336463985789240766403146, 29384009952164393609910163974238401874691711886313926131225162, 235072079617315148879281311793907214997533695090511409049801290, 1880576636938521191034250494351257719980269560724091272398410314, 15044613095508169528274003954810061759842156485792730179187282506, 120356904764065356226192031638480494078737251886341841433498260042, 962855238112522849809536253107843952629898015090734731467986080330, 7702841904900182798476290024862751621039184120725877851743888642634, 61622735239201462387810320198902012968313472965807022813951109141066, 492981881913611699102482561591216103746507783726456182511608873128522, 3943855055308893592819860492729728829972062269811649460092870985028170, 31550840442471148742558883941837830639776498158493195680742967880225354, 252406723539769189940471071534702645118211985267945565445943743041802826, 2019253788318153519523768572277621160945695882143564523567549944334422602, 16154030306545228156190148578220969287565567057148516188540399554675380810, 129232242452361825249521188625767754300524536457188129508323196437403046474, 1033857939618894601996169509006142034404196291657505036066585571499224371786, 8270863516951156815969356072049136275233570333260040288532684571993794974282, 66166908135609254527754848576393090201868562666080322308261476575950359794250, 529335265084874036222038788611144721614948501328642578466091812607602878353994, 4234682120678992289776310308889157772919588010629140627728734500860823026831946, 33877456965431938318210482471113262183356704085033125021829876006886584214655562, 271019655723455506545683859768906097466853632680265000174639008055092673717244490, 2168157245787644052365470878151248779734829061442120001397112064440741389737955914, 17345257966301152418923767025209990237878632491536960011176896515525931117903647306, 138762063730409219351390136201679921903029059932295680089415172124207448943229178442, 1110096509843273754811121089613439375224232479458365440715321376993659591545833427530, 8880772078746190038488968716907515001793859835666923525722571015949276732366667420234, 71046176629969520307911749735260120014350878685335388205780568127594213858933339361866, 568369413039756162463293997882080960114807029482683105646244545020753710871466714894922, 4546955304318049299706351983056647680918456235861464845169956360166029686971733719159370, 36375642434544394397650815864453181447347649886891718761359650881328237495773869753274954, 291005139476355155181206526915625451578781199095133750090877207050625899966190958026199626, 2328041115810841241449652215325003612630249592761070000727017656405007199729527664209597002, 18624328926486729931597217722600028901041996742088560005816141251240057597836221313676776010, 148994631411893839452777741780800231208335973936708480046529130009920460782689770509414208074, 1191957051295150715622221934246401849666687791493667840372233040079363686261518164075313664586, 9535656410361205724977775473971214797333502331949342722977864320634909490092145312602509316682, 76285251282889645799822203791769718378668018655594741783822914565079275920737162500820074533450, 610282010263117166398577630334157747029344149244757934270583316520634207365897300006560596267594, 4882256082104937331188621042673261976234753193958063474164666532165073658927178400052484770140746, 39058048656839498649508968341386095809878025551664507793317332257320589271417427200419878161125962, 312464389254715989196071746731088766479024204413316062346538658058564714171339417603359025289007690, 2499715114037727913568573973848710131832193635306528498772309264468517713370715340826872202312061514, 19997720912301823308548591790789681054657549082452227990178474115748141706965722726614977618496492106, 159981767298414586468388734326317448437260392659617823921427792925985133655725781812919820947971936842, 1279854138387316691747109874610539587498083141276942591371422343407881069245806254503358567583775494730, 10238833107098533533976878996884316699984665130215540730971378747263048553966450036026868540670203957834, 81910664856788268271815031975074533599877321041724325847771029978104388431731600288214948325361631662666, 655285318854306146174520255800596268799018568333794606782168239824835107453852802305719586602893053301322, 5242282550834449169396162046404770150392148546670356854257345918598680859630822418445756692823144426410570, 41938260406675593355169296371238161203137188373362854834058767348789446877046579347566053542585155411284554, 335506083253404746841354370969905289625097506986902838672470138790315575016372634780528428340681243290276426, 2684048666027237974730834967759242317000780055895222709379761110322524600130981078244227426725449946322211402, 21472389328217903797846679742073938536006240447161781675038088882580196801047848625953819413803599570577691210, 171779114625743230382773437936591508288049923577294253400304711060641574408382789007630555310428796564621529674, 1374232917005945843062187503492732066304399388618354027202437688485132595267062312061044442483430372516972237386, 10993863336047566744497500027941856530435195108946832217619501507881060762136498496488355539867442980135777899082, 87950906688380533955980000223534852243481560871574657740956012063048486097091987971906844318939543841086223192650, 703607253507044271647840001788278817947852486972597261927648096504387888776735903775254754551516350728689785541194, 5628858028056354173182720014306230543582819895780778095421184772035103110213887230202038036412130805829518284329546, 45030864224450833385461760114449844348662559166246224763369478176280824881711097841616304291297046446636146274636362, 360246913795606667083694080915598754789300473329969798106955825410246599053688782732930434330376371573089170197090890, 2881975310364853336669552647324790038314403786639758384855646603281972792429510261863443474643010972584713361576727114, 23055802482918826693356421178598320306515230293118067078845172826255782339436082094907547797144087780677706892613816906, 184446419863350613546851369428786562452121842344944536630761382610046258715488656759260382377152702245421655140910535242, 1475571358906804908374810955430292499616974738759556293046091060880370069723909254074083059017221617963373241127284281930, 11804570871254439266998487643442339996935797910076450344368728487042960557791274032592664472137772943706985929018274255434, 94436566970035514135987901147538719975486383280611602754949827896343684462330192260741315777102183549655887432146194043466, 755492535760284113087903209180309759803891066244892822039598623170749475698641538085930526216817468397247099457169552347722, 6043940286082272904703225673442478078431128529959142576316788985365995805589132304687444209734539747177976795657356418781770, 48351522288658183237625805387539824627449028239673140610534311882927966444713058437499553677876317977423814365258851350254154, 386812178309265465901006443100318597019592225917385124884274495063423731557704467499996429423010543819390514922070810802033226, 3094497426474123727208051544802548776156737807339080999074195960507389852461635739999971435384084350555124119376566486416265802, 24755979411792989817664412358420390209253902458712647992593567684059118819693085919999771483072674804440992955012531891330126410, 198047835294343918541315298867363121674031219669701183940748541472472950557544687359998171864581398435527943640100255130641011274, 1584382682354751348330522390938904973392249757357609471525988331779783604460357498879985374916651187484223549120802041045128090186, 12675061458838010786644179127511239787137998058860875772207906654238268835682859991039882999333209499873788392966416328361024721482, 101400491670704086293153433020089918297103984470887006177663253233906150685462879928319063994665675998990307143731330626888197771850, 811203933365632690345227464160719346376831875767096049421306025871249205483703039426552511957325407991922457149850645015105582174794, 6489631466925061522761819713285754771014655006136768395370448206969993643869624315412420095658603263935379657198805160120844657398346, 51917051735400492182094557706286038168117240049094147162963585655759949150956994523299360765268826111483037257590441280966757259186762, 415336413883203937456756461650288305344937920392753177303708685246079593207655956186394886122150608891864298060723530247734058073494090, 3322691311065631499654051693202306442759503363142025418429669481968636745661247649491159088977204871134914384485788241981872464587952714, 26581530488525051997232413545618451542076026905136203347437355855749093965289981195929272711817638969079315075886305935854979716703621706, 212652243908200415977859308364947612336608215241089626779498846845992751722319849567434181694541111752634520607090447486839837733628973642, 1701217951265603327822874466919580898692865721928717014235990774767942013778558796539473453556328894021076164856723579894718701869031789130, 13609743610124826622582995735356647189542925775429736113887926198143536110228470372315787628450631152168609318853788639157749614952254313034, 108877948880998612980663965882853177516343406203437888911103409585148288881827762978526301027605049217348874550830309113261996919618034504266, 871023591047988903845311727062825420130747249627503111288827276681186311054622103828210408220840393738790996406642472906095975356944276034122, 6968188728383911230762493816502603361045977997020024890310618213449490488436976830625683265766723149910327971253139783248767802855554208272970, 55745509827071289846099950532020826888367823976160199122484945707595923907495814645005466126133785199282623770025118265990142422844433666183754, 445964078616570318768799604256166615106942591809281592979879565660767391259966517160043729009070281594260990160200946127921139382755469329470026, 3567712628932562550150396834049332920855540734474252743839036525286139130079732137280349832072562252754087921281607569023369115062043754635760202, 28541701031460500401203174672394663366844325875794021950712292202289113040637857098242798656580498022032703370252860552186952920496350037086081610, 228333608251684003209625397379157306934754607006352175605698337618312904325102856785942389252643984176261626962022884417495623363970800296688652874, 1826668866013472025677003179033258455478036856050817404845586700946503234600822854287539114021151873410093015696183075339964986911766402373509222986, 14613350928107776205416025432266067643824294848406539238764693607572025876806582834300312912169214987280744125569464602719719895294131218988073783882, 116906807424862209643328203458128541150594358787252313910117548860576207014452662674402503297353719898245953004555716821757759162353049751904590271050, 935254459398897677146625627665028329204754870298018511280940390884609656115621301395220026378829759185967624036445734574062073298824398015236722168394, 7482035675191181417173005021320226633638038962384148090247523127076877248924970411161760211030638073487740992291565876592496586390595184121893777347146, 59856285401529451337384040170561813069104311699073184721980185016615017991399763289294081688245104587901927938332527012739972691124761472975150218777162, 478850283212235610699072321364494504552834493592585477775841480132920143931198106314352653505960836703215423506660216101919781528998091783801201750217290, 3830802265697884885592578570915956036422675948740683822206731841063361151449584850514821228047686693625723388053281728815358252231984734270409614001738314, 30646418125583079084740628567327648291381407589925470577653854728506889211596678804118569824381493549005787104426253830522866017855877874163276912013906506, 245171345004664632677925028538621186331051260719403764621230837828055113692773430432948558595051948392046296835410030644182928142847022993306215296111252042, 1961370760037317061423400228308969490648410085755230116969846702624440909542187443463588468760415587136370374683280245153463425142776183946449722368890016330, 15690966080298536491387201826471755925187280686041840935758773620995527276337499547708707750083324697090962997466241961227707401142209471571597778951120130634, 125527728642388291931097614611774047401498245488334727486070188967964218210699996381669662000666597576727703979729935689821659209137675772572782231608961045066, 1004221829139106335448780916894192379211985963906677819888561511743713745685599971053357296005332780613821631837839485518573273673101406180582257852871688360522, 8033774633112850683590247335153539033695887711253422559108492093949709965484799768426858368042662244910573054702715884148586189384811249444658062822973506884170, 64270197064902805468721978681228312269567101690027380472867936751597679723878398147414866944341297959284584437621727073188689515078489995557264502583788055073354, 514161576519222443749775829449826498156536813520219043782943494012781437791027185179318935554730383674276675500973816585509516120627919964458116020670304440586826, 4113292612153779549998206635598611985252294508161752350263547952102251502328217481434551484437843069394213404007790532684076128965023359715664928165362435524694602, 32906340897230236399985653084788895882018356065294018802108383616818012018625739851476411875502744555153707232062324261472609031720186877725319425322899484197556810, 263250727177841891199885224678311167056146848522352150416867068934544096149005918811811295004021956441229657856498594091780872253761495021802555402583195873580454474, 2106005817422735129599081797426489336449174788178817203334936551476352769192047350494490360032175651529837262851988752734246978030091960174420443220665566988643635786, 16848046539381881036792654379411914691593398305430537626679492411810822153536378803955922880257405212238698102815910021873975824240735681395363545765324535909149086282, 134784372315055048294341235035295317532747186443444301013435939294486577228291030431647383042059241697909584822527280174991806593925885451162908366122596287273192690250, 1078274978520440386354729880282362540261977491547554408107487514355892617826328243453179064336473933583276678580218241399934452751407083609303266928980770298185541521994, 8626199828163523090837839042258900322095819932380435264859900114847140942610625947625432514691791468666213428641745931199475622011256668874426135431846162385484332175946, 69009598625308184726702712338071202576766559459043482118879200918777127540885007581003460117534331749329707429133967449595804976090053350995409083454769299083874657407562, 552076789002465477813621698704569620614132475672347856951033607350217020327080060648027680940274653994637659433071739596766439808720426807963272667638154392670997259260490, 4416614312019723822508973589636556964913059805378782855608268858801736162616640485184221447522197231957101275464573916774131518469763414463706181341105235141367978074083914, 35332914496157790580071788717092455719304478443030262844866150870413889300933123881473771580177577855656810203716591334193052147758107315709649450728841881130943824592671306, 282663315969262324640574309736739645754435827544242102758929206963311114407464991051790172641420622845254481629732730673544417182064858525677195605830735049047550596741370442, 2261306527754098597124594477893917166035486620353936822071433655706488915259719928414321381131364982762035853037861845388355337456518868205417564846645880392380404773930963530, 18090452222032788776996755823151337328283892962831494576571469245651911322077759427314571049050919862096286824302894763106842699652150945643340518773167043139043238191447708234, 144723617776262310215974046585210698626271143702651956612571753965215290576622075418516568392407358896770294594423158104854741597217207565146724150185336345112345905531581665866, 1157788942210098481727792372681685589010169149621215652900574031721722324612976603348132547139258871174162356755385264838837932777737660521173793201482690760898767244252653326922, 9262311537680787853822338981453484712081353196969725223204592253773778596903812826785060377114070969393298854043082118710703462221901284169390345611861526087190137954021226615370, 74098492301446302830578711851627877696650825575757801785636738030190228775230502614280483016912567755146390832344656949685627697775210273355122764894892208697521103632169812922954]
Predicted:    
[1, 2, 10, 74, 586, 4682, 37450, 299594, 2396746, 19173962, 153391690, 1227133514, 9817068106, 78536544844, 628292358748, 5026338869980, 40210710959836, 321685687678684, 2573485501429468, 20587884011435740, 164703072091485916, 1317624576731887324, 10540996613855098588, 84327972910840788700, 674623783286726309596, 5396990266293810476764, 43175922130350483814108, 345407377042803870512860, 2763259016342430964102876, 22106072130739447712823004, 176848577045915581702584028, 1414788616367324653620672220, 11318308930938597228965377756, 90546471447508777831723022044, 724371771580070222653784176348, 5794974172640561781230273410780, 46359793381124494249842187286236, 370878347048995953998737498289884, 2967026776391967631989899986319068, 23736214211135741055919199890552540, 189889713689085928447353599124420316, 1519117709512687427578828792995362524, 12152941676101499420630630343962900188, 97223533408811995365045042751703201500, 777788267270495962920360342013625611996, 6222306138163967703362882736109004895964, 49778449105311741626903061888872039167708, 398227592842493933015224495110976313341660, 3185820742739951464121795960887810506733276, 25486565941919611712974367687102484053866204, 203892527535356893703794941496819872430929628, 1631140220282855149630359531974558979447437020, 13049121762262841197042876255796471835579496156, 104392974098102729576343010046371774684635969244, 835143792784821836610744080370974197477087753948, 6681150342278574692885952642967793579816702031580, 53449202738228597543087621143742348638533616252636, 427593621905828780344700969149938789108268930021084, 3420748975246630242757607753199510312866151440168668, 27365991801973041942060862025596082502929211521349340, 218927934415784335536486896204768660023433692170794716, 1751423475326274684291895169638149280187469537366357724, 14011387802610197474335161357105194241499756298930861788, 112091102420881579794681290856841553931998050391446894300, 896728819367052638357450326854732431455984403131575154396, 7173830554936421106859602614837859451647875225052601235164, 57390644439491368854876820918702875613183001800420809881308, 459125155515930950839014567349623004905464014403366479050460, 3673001244127447606712116538796984039243712115226931832403676, 29384009953019580853696932310375872313949696921815454659229404, 235072079624156646829575458483006978511597575374523637273835228, 1880576636993253174636603667864055828092780602996189098190681820, 15044613095946025397092829342912446624742244823969512785525454556, 120356904767568203176742634743299572997937958591756102284203636444, 962855238140545625413941077946396583983503668734048818273629091548, 7702841905124365003311528623571172671868029349872390546189032732380, 61622735240994920026492228988569381374944234798979124369512261859036, 492981881927959360211937831908555050999553878391832994956098094872284, 3943855055423674881695502655268440407996431027134663959648784758978268, 31550840443389399053564021242147523263971448217077311677190278071826140, 252406723547115192428512169937180186111771585736618493417522224574609116, 2019253788376921539428097359497441488894172685892947947340177796596872924, 16154030307015372315424778875979531911153381487143583578721422372774983388, 129232242456122978523398231007836255289227051897148668629771378982199867100, 1033857939648983828187185848062690042313816415177189349038171031857598936796, 8270863517191870625497486784501520338510531321417514792305368254860791494364, 66166908137534965003979894276012162708084250571340118338442946038886331954908, 529335265100279720031839154208097301664674004570720946707543568311090655639260, 4234682120802237760254713233664778413317392036565767573660348546488725245114076, 33877456966417902082037705869318227306539136292526140589282788371909801960912604, 271019655731343216656301646954545818452313090340209124714262306975278415687300828, 2168157245850745733250413175636366547618504722721672997714098455802227325498406620, 17345257966805965866003305405090932380948037781773383981712787646417818603987252956, 138762063734447726928026443240727459047584302254187071853702301171342548831898023644, 1110096509875581815424211545925819672380674418033496574829618409370740390655184189148, 8880772079004654523393692367406557379045395344267972598636947274965923125241473513180, 71046176632037236187149538939252459032363162754143780789095578199727385001931788105436, 568369413056297889497196311514019672258905302033150246312764625597819080015454304843484, 4546955304450383115977570492112157378071242416265201970502117004782552640123634438747868, 36375642435603064927820563936897259024569939330121615764016936038260421120989075509982940, 291005139484824519422564511495178072196559514640972926112135488306083368967912604079863516, 2328041115878596155380516091961424577572476117127783408897083906448666951743300832638908124, 18624328927028769243044128735691396620579808937022267271176671251589335613946406661111264988, 148994631416230153944353029885531172964638471496178138169413370012714684911571253288890119900, 1191957051329841231554824239084249383717107771969425105355306960101717479292570026311120959196, 9535656410638729852438593912673995069736862175755400842842455680813739834340560210488967673564, 76285251285109838819508751301391960557894897406043206742739645446509918674724481683911741388508, 610282010280878710556070010411135684463159179248345653941917163572079349397795853471293931108060, 4882256082247029684448560083289085475705273433986765231535337308576634795182366827770351448864476, 39058048657976237475588480666312683805642187471894121852282698468613078361458934622162811590915804, 312464389263809899804707845330501470445137499775152974818261587748904626891671476977302492727326428, 2499715114110479198437662762644011763561099998201223798546092701991237015133371815818419941818611420, 19997720912883833587501302101152094108488799985609790388368741615929896121066974526547359534548891356, 159981767303070668700010416809216752867910399884878323106949932927439168968535796212378876276391130844, 1279854138424565349600083334473734022943283199079026584855599463419513351748286369699031010211129046748, 10238833107396522796800666675789872183546265592632212678844795707356106813986290957592248081689032373980, 81910664859172182374405333406318977468370124741057701430758365658848854511890327660737984653512258991836, 655285318873377458995242667250551819746960997928461611446066925270790836095122621285903877228098071934684, 5242282550987019671961941338004414557975687983427692891568535402166326688760980970287231017824784575477468, 41938260407896157375695530704035316463805503867421543132548283217330613510087847762297848142598276603819740, 335506083263169259005564245632282531710444030939372345060386265738644908080702782098382785140786212830557916, 2684048666105354072044513965058260253683552247514978760483090125909159264645622256787062281126289702644463324, 21472389328842832576356111720466082029468417980119830083864721007273274117164978054296498249010317621155706588, 171779114630742660610848893763728656235747343840958640670917768058186192937319824434371985992082540969245652700, 1374232917045941284886791150109829249885978750727669125367342144465489543498558595474975887936660327753965221596, 10993863336367530279094329200878633999087830005821353002938737155723916347988468763799807103493282622031721772764, 87950906690940242232754633607029071992702640046570824023509897245791330783907750110398456827946260976253774182108, 703607253527521937862037068856232575941621120372566592188079177966330646271262000883187654623570087810030193456860, 5628858028220175502896296550849860607532968962980532737504633423730645170170096007065501236988560702480241547654876, 45030864225761404023170372406798884860263751703844261900037067389845161361360768056524009895908485619841932381239004, 360246913806091232185362979254391078882110013630754095200296539118761290890886144452192079167267884958735459049912028, 2881975310448729857482903834035128631056880109046032761602372312950090327127089155617536633338143079669883672399296220, 23055802483589838859863230672281029048455040872368262092818978503600722617016713244940293066705144637359069379194369756, 184446419868718710878905845378248232387640326978946096742551828028805780936133705959522344533641157098872555033554958044, 1475571358949749687031246763025985859101122615831568773940414624230446247489069647676178756269129256790980440268439664348, 11804570871597997496249974104207886872808980926652550191523316993843569979912557181409430050153034054327843522147517314780, 94436566972783979969999792833663094982471847413220401532186535950748559839300457451275440401224272434622748177180138518236, 755492535782271839759998342669304759859774779305763212257492287605988478714403659610203523209794179476981985417441108145884, 6043940286258174718079986741354438078878198234446105698059938300847907829715229276881628185678353435815855883339528865167068, 48351522290065397744639893930835504631025585875568845584479506406783262637721834215053025485426827486526847066716230921336540, 386812178320523181957119151446684037048204687004550764675836051254266101101774673720424203883414619892214776533729847370692316, 3094497426564185455656953211573472296385637496036406117406688410034128808814197389763393631067316959137718212269838778965538524, 24755979412513483645255625692587778371085099968291248939253507280273030470513579118107149048538535673101745698158710231724308188, 198047835300107869162045005540702226968680799746329991514028058242184243764108632944857192388308285384813965585269681853794465500, 1584382682400862953296360044325617815749446397970639932112224465937473950112869063558857539106466283078511724682157454830355723996, 12675061459206903626370880354604942525995571183765119456897795727499791600902952508470860312851730264628093797457259638642845791964, 101400491673655229010967042836839540207964569470120955655182365819998332807223620067766882502813842117024750379658077109142766335708, 811203933389241832087736342694716321663716555760967645241458926559986662457788960542135060022510736936198003037264616873142130685660, 6489631467113934656701890741557730573309732446087741161931671412479893299662311684337080480180085895489584024298116934985137045485276, 51917051736911477253615125932461844586477859568701929295453371299839146397298493474696643841440687163916672194384935479881096363882204, 415336413895291818028921007459694756691822876549615434363626970398713171178387947797573150731525497311333377555079483839048770911057628, 3322691311162334544231368059677558053534583012396923474909015763189705369427103582380585205852203978490667020440635870712390167288461020, 26581530489298676353850944477420464428276664099175387799272126105517642955416828659044681646817631827925336163525086965699121338307688156, 212652243914389410830807555819363715426213312793403102394177008844141143643334629272357453174541054623402689308200695725592970706461505244, 1701217951315115286646460446554909723409706502347224819153416070753129149146677034178859625396328436987221514465605565804743765651692041948, 13609743610520922293171683572439277787277652018777798553227328566025033193173416273430877003170627495897772115724844526437950125213536335580, 108877948884167378345373468579514222298221216150222388425818628528200265545387330187447016025365019967182176925798756211503601001708290684636, 871023591073339026762987748636113778385769729201779107406549028225602124363098641499576128202920159737457415406390049692028808013666325477084, 6968188728586712214103901989088910227086157833614232859252392225804816994904789131996609025623361277899659323251120397536230464109330603816668, 55745509828693697712831215912711281816689262668913862874019137806438535959238313055972872204986890223197274586008963180289843712874644830533340, 445964078629549581702649727301690254533514101351310902992153102451508287673906504447782977639895121785578196688071705442318749702997158644266716, 3567712629036396653621197818413522036268112810810487223937224819612066301391252035582263821119160974284625573504573643538549997623977269154133724, 28541701032291173228969582547308176290144902486483897791497798556896530411130016284658110568953287794277004588036589148308399980991818153233069788, 228333608258329385831756660378465410321159219891871182331982388455172243289040130277264884551626302354216036704292713186467199847934545225864558300, 1826668866066635086654053283027723282569273759134969458655859107641377946312321042218119076413010418833728293634341705491737598783476361806916466396, 14613350928533080693232426264221786260554190073079755669246872861131023570498568337744952611304083350669826349074733643933900790267810894455331731164, 116906807428264645545859410113774290084433520584638045353974982889048188563988546701959620890432666805358610792597869151471206322142487155642653849308, 935254459426117164366875280910194320675468164677104362831799863112385508511908373615676967123461334442868886340782953211769650577139897245141230794460, 7482035675408937314935002247281554565403745317416834902654398904899084068095266988925415736987690675542951090726263625694157204617119177961129846355676, 59856285403271498519480017978252436523229962539334679221235191239192672544762135911403325895901525404343608725810109005553257636936953423689038770845404, 478850283226171988155840143826019492185839700314677433769881529913541380358097087291226607167212203234748869806480872044426061095495627389512310166763228, 3830802265809375905246721150608155937486717602517419470159052239308331042864776698329812857337697625877990958451846976355408488763965019116098481334105820, 30646418126475007241973769204865247499893740820139355761272417914466648342918213586638502858701581007023927667614775810843267910111720152928787850672846556, 245171345011800057935790153638921979999149926561114846090179343315733186743345708693108022869612648056191421340918206486746143280893761223430302805382772444, 1961370760094400463486321229111375839993199412488918768721434746525865493946765669544864182956901184449531370727345651893969146247150089787442422443062179548, 15690966080755203707890569832891006719945595299911350149771477972206923951574125356358913463655209475596250965818765215151753169977200718299539379544497436380, 125527728646041629663124558663128053759564762399290801198171823777655391612593002850871307709241675804770007726550121721214025359817605746396315036355979491036, 1004221829168333037304996469305024430076518099194326409585374590221243132900744022806970461673933406438160061812400973769712202878540845971170520290847835928284, 8033774633346664298439971754440195440612144793554611276682996721769945063205952182455763693391467251505280494499207790157697623028326767769364162326782687426268, 64270197066773314387519774035521563524897158348436890213463973774159560505647617459646109547131738012042243955993662321261580984226614142154913298614261499410140, 514161576534186515100158192284172508199177266787495121707711790193276484045180939677168876377053904096337951647949298570092647873812913137239306388914091995281116, 4113292612273492120801265538273380065593418134299960973661694321546211872361447517417351011016431232770703613183594388560741182990503305097914451111312735962248924, 32906340898187936966410124306187040524747345074399687789293554572369694978891580139338808088131449862165628905468755108485929463924026440783315608890501887697991388, 263250727185503495731280994449496324197978760595197502314348436578957559831132641114710464705051598897325031243750040867887435711392211526266524871124015101583931100, 2106005817484027965850247955595970593583830084761580018514787492631660478649061128917683717640412791178600249950000326943099485691137692210132198968992120812671448796, 16848046539872223726801983644767764748670640678092640148118299941053283829192489031341469741123302329428801999600002615544795885529101537681057591751936966501371590364, 134784372318977789814415869158142117989365125424741121184946399528426270633539912250731757928986418635430415996800020924358367084232812301448460734015495732010972722908, 1078274978551822318515326953265136943914921003397928969479571196227410165068319298005854063431891349083443327974400167394866936673862498411587685872123965856087781783260, 8626199828414578548122615626121095551319368027183431755836569569819281320546554384046832507455130792667546623795201339158935493390899987292701486976991726848702254266076, 69009598627316628384980925008968764410554944217467454046692556558554250564372435072374660059641046341340372990361610713271483947127199898341611895815933814789618034128604, 552076789018533027079847400071750115284439553739739632373540452468434004514979480578997280477128370730722983922892885706171871577017599186732895166527470518316944273028828, 4416614312148264216638779200574000922275516429917917058988323619747472036119835844631978243817026965845783871383143085649374972616140793493863161332219764146535554184230620, 35332914497186113733110233604592007378204131439343336471906588957979776288958686757055825950536215726766270971065144685194999780929126347950905290657758113172284433473844956, 282663315977488909864881868836736059025633051514746691775252711663838210311669494056446607604289725814130167768521157481559998247433010783607242325262064905378275467790759644, 2261306527819911278919054950693888472205064412117973534202021693310705682493355952451572860834317806513041342148169259852479985979464086268857938602096519243026203742326077148, 18090452222559290231352439605551107777640515296943788273616173546485645459946847619612582886674542452104330737185354078819839887835712690150863508816772153944209629938608617180, 144723617780474321850819516844408862221124122375550306188929388371885163679574780956900663093396339616834645897482832630558719102685701521206908070534177231553677039508868937436, 1157788942243794574806556134755270897768992979004402449511435106975081309436598247655205304747170716934677167179862661044469752821485612169655264564273417852429416316070951499484, 9262311537950356598452449078042167182151943832035219596091480855800650475492785981241642437977365735477417337438901288355758022571884897357242116514187342819435330528567611995868, 74098492303602852787619592624337337457215550656281756768731846846405203803942287849933139503818925883819338699511210306846064180575079178857936932113498742555482644228540895966940]
len(predicted_full) = 200, len(input_sequence + seq_pred) = 200
is_manual_check: False
