test results being evaluated: data/test_linrec15.tsv
csv file used: ../linear_database_newbl.csv
The sequence ID inspected: A049663
csv results file used: ../linear_database_newbl.csv
Results we are looking at now:
('Could you give me a recursive equation in a form of a Python code for the following number sequence: 1,22,399,7164,128557,2306866,41395035,742803768', 'Certainly, the Python code is the following: lambda a_n: n + n - -7 * n * a_n[-1]')

Experiment type: Evaluation of the results of llms.
Ground truth: 
[1, 22, 399, 7164, 128557, 2306866, 41395035, 742803768, 13329072793, 239180506510, 4291920044391, 77015380292532, 1381984925221189, 24798713273688874, 444994854001178547, 7985108658747524976, 143286961003454271025, 2571180189403429353478, 46137956448258274091583, 827912035879245504295020, 14856278689378160803218781, 266585104372927648953643042, 4783675600023319520362355979, 85839575696046823717568764584, 1540328686928819507395875406537, 27640076789022704309408188553086, 495981053515479858061951518549015, 8900018886489614740805719145329188, 159704358903297585476440993097376373, 2865778441372866923835132156607445530, 51424307585808307043555937825836643171, 922771758103176659860171748708452131552, 16558467338271371570439535538926301724769, 297129640330781511608051467951964978914294, 5331775058615795837374486887596443318732527, 95674821414753543561132712508784014758271196, 1716815010406947988263014338270515822330149005, 30806995365910310245173125376360500787184410898, 552809101575978636424853242436218498346989247163, 9919756833001705145402185238475572469458622038040, 178002813892454713980814481050124085951908207437561, 3194130893231183146509258473663757974664889111838062, 57316353264268841923185838044897519458016095805647559, 1028500227863607971470835826334491592269624835389818004, 18455687748280674644551859035975951141395230941211076517, 331173879241188535630462626821232628952844532106409559306, 5942674138593112966703775423746211370009806346974160990995, 106636960615434844865037495000610572031223669713428488278608, 1913522616939234094603971134587244085192016248494738628023953, 34336770144290778858006442927569782961425068803191866816152550, 616148339980294785349512001561668849220459222208958864062721951, 11056333349501015357433209585182469503006840930958067686312842572, 198397851951037981648448260531722782204902677535036259489568444349, 3560105001769182654314635479985827610185241354699694603125919155714, 63883492179894249796014990379213174201129441707059466596776976358507, 1146342754236327313673955191345851308010144709372370704138859655297416, 20570286084073997396335178453846110369981475326995613207902696818994985, 369118806759095625820359256977884135351656411176548667038109683086612318, 6623568235579647267370131447148068325959833925850880393478071598740026743, 118855109433674555186842006791687345731925354254139298415567179094233869060, 2132768401570562346095785990803224154848696542648656491086731152097469616341, 38270976118836447674537305827666347441544612413421677541145593558660219225082, 686744801737485495795575718907191029792954326898941539249533952903786476435139, 12323135455155902476645825634501772188831633271767526028950465558709496356607424, 221129693391068759083829285702124708369176444564916526981858846103867147942498497, 3968011345584081761032281317003742978456344368896729959644508764310899166608365526, 71203074527122402939497234420365248903845022195576222746619298911492317851008080975, 1277687330142619171149917938249570737290754055151475279479502871642550822151537092028, 22927168868040022677759025654071908022329727970530978807884432390654422480876659575533, 411411352294577789028512543835044773664644349414406143262440280160137053833628335267570, 7382477172434360179835466763376734017941268561488779599916040610491812546524433375240731, 132473177751523905448009889196946167549278189757383626655226290708692488783606172419065592, 2377134722354995937884342538781654281869066147071416500194157192145972985558386670167939929, 42655951824638402976470155808872830906093912457528113376839603167918821251267353890603853134, 765429998121136257638578462020929302027821358088434624282918699830392809537253983360701416487, 13735084014355814234517942160567854605594690533134295123715696993779151750419304346602021643636, 246466082260283519963684380428200453598676608238328877602599627188194338698010224255475688168965, 4422654396670747545111800905547040310170584257756785501723077592393718944813764732251960365397738, 79361313057813172292048731919418525129471840031383810153412797035898746667949754956279810888990323, 1424080980643966353711765373643986412020322536307151797259707269053783721078281824480784635636428080, 25554096338533581194519727993672336891236333813497348540521318045932208232741123085697843630566715121, 458549653112960495147643338512458077630233686106645121932124017557725964468261933718080400714564444102, 8228339659694755331463060365230573060452970016106114846237710997993135152195973683839749369231593278719, 147651564221392635471187443235637857010523226603803422110346673946318706775059264375397408245454114572844, 2649499816325372683149910917876250853128965108852355483140002420035743586798870785073313599048942469032477, 47543345129635315661227209078536877499310848732738595274409696886697065855604614866944247374635510328011746, 853130712517110309218939852495787544134466312080442359456234541540511441814084196819923139144390243435178955, 15308809480178350250279690135845638916921082768715223874937812050842508886797910927891672257224388871505209448, 274705439930693194195815482592725712960445023524793587389424382373624648520548312505230177490894609443658591113, 4929389109272299145274398996533217194371089340677569349134701070674401164483071714166251522578878581114349430590, 88454298526970691420743366455005183785719163108671454697035194889765596312174742542487297228928919850614631159511, 1587247984376200146428106197193560090948573846615408615197498806945106332454662294050605098598141678729949011440612, 28482009420244631944285168183029076453288610075968683618857943330122148387871746550368404477537621297288467574771509, 511088921580027174850704921097329816068246407520820896524245481135253564649236775612580675497079041672462467334446554, 9171118579020244515368403411568907612775146725298807453817560717104442015298390214476083754469885128807035944445266467, 164569045500784374101780556487143007213884394647857713272191847426744702710721787084956926904960853276854184532680349856, 2953071700435098489316681613357005222237143956936140031445635692964300206777693777314748600534825473854568285643801030945, 52990721562330988433598488483938950993054706830202662852749250625930659019287766204580517882721897676105374957055738207158, 950879916421522693315456111097544112652747578986711791318040875573787562140402097905134573288459332696042180941359486697903, 17062847774025077491244611511271855076756401714930609580871986509702245459507949996087841801309546090852653881987415022355100, 306180380016029872149087551091795847268962483289764260664377716299066630709002697831676017850283370302651727694832110915693901, 5494183992514512621192331308141053395764568297500826082377926906873497107302540610974080479503791119356878444624990581460135122, 98589131485245197309312875995447165276493266871725105222138306607423881300736728299701772613217956778121160275554998355366738299, 1769110182741899038946439436609907921581114235393551067916111592026756366305958568783657826558419430886824006515364979815141154264, 31745394157868937503726596982982895423183562970212194117267870349874190712206517509806139105438331799184710957001014638317174038457, 569647984658898976028132306257082209695723019228425943042905554705708676453411356607726846071331552954437973219502898509893991537966, 10221918329702312631002654915644496879099830783141454780655032114352881985449197901429277090178529621380698806994051158539774673644935, 183424881949982728382019656175343861614101231077317760108747672503646167061632150869119260777142201631898140552673417955206050134070868, 3291425956769986798245351156240545012174722328608578227176803072951278125123929517742717416898381099752785831141127472035169127739630693, 59062242339909779640034301156154466357530900683877090329073707640619360085169099168499794243393717593918246819987621078677838249179281610, 1059828936161606046722372069654539849423381489981179047696149934458197203407919855515253578964188535590775656928636051944165919357487438291, 19017858608568999061362662952625562823263335918977345768201625112606930301257388300106064627111999923040043577895461313916308710185594607632, 341261626018080377057805561077605590969316665051611044779933102092466548219225069546393909709051810079130008745189667598549390863983215499089, 6123691409716877787979137436444275074624436635010021460270594212551790937644793863534984310135820581501300113835518555459972726841512284375974, 109885183748885719806566668294919345752270542765128775240090762723839770329387064474083323672735718656944272040294144330680959692283237903268447, 1971809616070226078730220891872103948466245333137307932861363134816564074991322366669964841799107115243495596611459079396797301734256769974456076, 35382687905515183697337409385402951726640145453706414016264445663974313579514415535585283828711192355725976466965969284811670471524338621636940925, 634916572683203080473343148045381027131056372833578144359898658816721080356268157273865144075002355287824080808775988047213271185703838419490480578, 11393115620392140264822839255431455536632374565550700184461911413037005132833312415393987309521331202825107478091001815565027210871144752929191709483, 204441164594375321686337763449720818632251685807079025175954506775849371310643355319817906427308959295564110524829256692123276524494901714305960290120, 3668547847078363650089256902839543279843897969961871752982719210552251678458747083341328328382039936117328881968835618642653950230037086104578093512681, 65829420082816170379920286487662058218557911773506612528512991283164680840946804144824092004449409890816355764914211878875647827616172648168099722938142, 1181261013643612703188475899875077504654198513953157153760251123886412003458583727523492327751707338098577074886486978201119006946861070580921216919373879, 21196868825502212487012645911263733025557015339383322155156007238672251381413560291278037807526282675883570992191851395741266477215883097808413804825791684, 380362377845396212063039150502872116955372077594946641639047879172214112861985501515481188207721380827805700784566838145141677582939034689970527269944876437, 6825325932391629604647692063140434372171140381369656227347705817861181780134325466987383349931458572224619043130011235216808930015686741321661077054181984186, 122475504405203936671595417986024946582125154787058865450619656842329057929555872904257419110558532919215337075555635395757419062699422309099928859705330838915, 2197733753361279230484069831685308604106081645785689921883806117344061860951871386809646160640122133973651448316871425888416734198573914822477058397641773116288, 39436732056097822212041661552349529927327344469355359728457890455350784439204129089669373472411639878606510732628130030595743796511631044495487122297846585254273, 707663443256399520586265838110606230087786118802610785190358222078970058044722452227239076342769395680943541738989469124834971603010784886096291142963596761460630, 12698505246559093548340743424438562611652822793977638773697990106966110260365800011000634000697437482378377240569182314216433745057682496905237753451046895121037071, 227865430994807284349547115801783520779663024172794887141373463703311014628539677745784172936211105287129846788506292186770972439435274159408183270975880515417206652, 4088879252659972024743507341007664811422281612316330329771024356552632153053348399413114478851102457685958864952544077047661070164777252372442061124114802382388682669, 73371961116884689161033585022336183084821405997521151048737064954244067740331731511690276446383633133060129722357287094671128290526555268544548916963090562367579081394, 1316606420851264432873861023061043630715363026343064388547496144819840587172917818811011861556054293937396376137478623627032648159313217581429438444211515320234034782427, 23625543614205875102568464830076449169791713068177637842806193541802886501372189007086523231562593657740074640752257938191916538577111361197185343078844185201845047002296, 423943178634854487413358505918315041425535472200854416781963987607632116437526484308746406306570631545383947157403164263827465046228691283967906736974983818312976811258905, 7607351671813174898337884641699594296489846786547201864232545583395575209374104528550348790286708774159170974192504698810702454293539331750225135922470864544431737555657998, 136508386914002293682668565044674382295391706685648779139403856513512721652296355029597531818854187303319693588307681414328816712237479280220084539867500577981458299190585063, 2449543612780228111389696286162439287020560873555130822645036871659833414531960286004205223949088662685595313615345760759107998365981087712211296581692539539121817647874873140, 43955276643130103711331864585879232784074704017306706028471259833363488739922988793046096499264741741037395951487916012249615153875422099539583253930598211126211259362557131461, 788745435963561638692583866259663750826324111437965577689837640128882963904081837988825531762816262675987531813167142459733964771391616704000287274169075260732680850878153493162, 14153462570700979392755177728088068282089759301866073692388606262486529861533550095005813475231427986426738176685520648262961750731173678572465587681112756482062044056444205745459, 253973580836654067430900615239325565326789343322151360885305075084628654543699819872115817022402887493005299648526204526273577548389734597600380290985860541416384112165117549925104, 4557370992489072234363455896579772107600118420496858422243102745260829251925063207603078892928020546887668655496786160824661434120284049078234379650064376989012851974915671692906417, 81778704283966646151111305523196572371475342225621300239490544339610297880107437916983304255681966956485030499293624690317632236616723148810618453410172925260814951436316972922390406, 1467459306118910558485640043520958530578956041640686545888586695367724532590008819298096397709347384669842880331788458264892718824980732629512897781733048277705656273878789840910120895, 26332488805856423406590409477854056978049733407306736525755069972279431288740051309448751854512570957100686815472898624077751306613036464182421541617784696073440997978381900163459785708, 472517339199296710760141730557852067074316245289880570917702672805662038664730914750779436983516929843142519798180386775134630800209675622654074851338391481044232307336995413101366021853, 8478979616781484370275960740563483150359642681810543539992893040529637264676416414204581113848792166219464669551774063328345603097161124743590925782473261962722740534087535535661128607650, 152149115762867421954207151599584844639399252027299903148954372056727808725510764540931680612294742062107221532133752753135086224948690569761982589233180323847965097306238644228798948915851, 2730205104114832110805452768051963720358826893809587713141185803980570919794517345322565669907456564951710522908855775493103206445979269130972095680414772567300649010978208060582719951877672, 48991542758304110572543942673335762121819484836545278933392390099593548747575801451265250377721923427068682190827270206122722629802678153787735739658232725887563717100301506446260160184882249, 879117564545359158194985515351991754472391900164005433087921835988703306536569908777451941129087165122284568911982007934715904130002227499048271218167774293408846258794448907972100163376002814, 15775124619058160736937195333662515818381234718115552516649200657697065968910682556542869689945847048774053558224848872618763551710237416829081146187361704555471668941199778837051542780583168407, 283073125578501534106674530490573292976389833025915939866597690002558484133855716108994202477896159712810679479135297699203028026654271275424412360154342907705081194682801570158955669887121028516, 5079541135793969453183204353496656757756635759748371365082109219388355648440492207405352774912185027781818177066210509713035740928066645540810341336590810634135989835349228484024150515187595344885, 91148667318712948623191003832449248346643053842444768631611368258987843187795004017187355745941434340359916507712653877135440308678545348459161731698480248506742735841603311142275753603489595179418, 1635596470601039105764254864630589813481818333404257464003922519442392821731869580101967050652033633098696678961761559278724889815285749626724100829236053662487233255313510372076939414347625117884643, 29349587803499990955133396559518167394326086947434189583438993981704082947985857437818219555990663961436180304803995413139912576366464947932574653194550485676263455859801583386242633704653762526744160, 526656983992398798086636883206696423284387746720411155037897969151231100242013564300625984957179917672752548807510155877239701484781083313159619656672672688510254972221114990580290467269420100363510241, 9450476124059678374604330501161017451724653354019966601098724450740455721408258299973449509673247854148109698230378810377174714149693034688940579166913557907508326044120268247058985777144908044016440182, 169581913249081811944791312137691617707759372625638987664739142144176971885106635835221465189161281456993222019339308430911905153209693541087770805347771369646639613821943713456481453521338924691932413039, 3043023962359412936631639287977288101287944053907481811364205834144445038210511186734012923895229818371729886649877172946037118043624790704890933917092971095732004722750866573969607177606955736410766994524, 54604849409220351047424715871453494205475233597709033616890965872455833715904094725377011164924975449234144737678449804597756219632036539146949039702325708353529445395693654617996447743403864330701873488397, 979844265403606905917013246398185607597266260704855123292673179870060561848063193870052188044754328267842875391562219309813574835333032913940191780724769779267798012399734916549966452203662602216222955796626, 17582591927855703955458813719295887442545317459089683185651226271788634279549233394935562373640652933371937612310441497772046590816362555911776503013343530318466834777799534843281399691922522975561311330850875, 315506810435999064292341633700927788358218448002909442218429399712325356470038137914970070537486998472427034146196384740587025059859192973498036862459458775953135227987991892262515228002401750957887380999519128, 5661539995920127453306690592897404303005386746593280276746077968550067782181137249074525707301125319570314677019224483832794404486649110967052887021256914436837967269006054525881992704351308994266411546660493433, 101592213116126295095228089038452349665738742990676135539210974034188894722790432345426492660882768753793237152199844324249712255699824804433453929520165001087130275614120989573613353450321160145837520458889362670, 1822998296094353184260798912099244889680291987085577159429051454646850037228046644968602342188588712248707954062577973352662026198110197368835117844341713105131506993785171757799158369401429573630808956713348034631, 32712377116582231021599152328747955664579517024549712734183715209609111775382049177089415666733714051722949935974203676023666759310283727834598667268630670891279995612518970650811237295775411165208723700381375260692, 586999789802385805204523943005363957072751014454809252055877822318317161919648838542640879659018264218764390893473088195073339641386996903653940892991010362937908414031556299956803112954555971400126217650151406657829, 10533283839326362262659831821767803271644938743162016824271617086520099802778297044590446418195595041886036086146541383835296446785655660537936337406569555861991071456955494428571644795886232074037063194002343944580234, 189012109318072134922672448848815094932536146362461493584833229735043479288089697964085394647861692489729885159744271820840262702500414892779200132425260995152901377811167343414332803212997621361267011274392039595786387, 3391684683885972066345444247456903905514005695781144867702726518144262527382836266308946657243314869773251896789250351391289432198221812409487666046248128356890233729144056687029418813038070952428769139745054368779574736, 60861312200629425059295324005375455204319566377698146125064244096861682013602963095596954435731805963428804257046762053222369516865492208477998788700041049428871305746781853023115205831472279522356577504136586598436558865, 1092111934927443679000970387849301289772238189102785485383453667225366013717470499454436233185929192471945224730052466606611361871380637940194490530554490761362793269712929297729044286153462960449989625934713504403078484838, 19597153516493356796958171657282047760695967837472440590777101765959726564900866027084255242910993658531585240883897636865782144167985990715022830761280792655101407549085945506099681944930861008577456689320706492656976168223, 351656651361952978666246119443227558402755182885401145148604378120049712154498117988062158139211956661096589111180104996977467233152367194930216463172499777030462542613834089812065230722602035193944230781838003363422492543180, 6310222570998660259195471978320814003488897324099748172084101704394935092216065257758034591262904226241207018760357992308728628052574623518028873506343715193893224359499927671111074471061905772482418697383763354048947889609021, 113232349626613931686852249490331424504397396650910065952365226300988781947734676521656560484593064115680629748575263756560137837713190856129589506651014373713047575928384863990187275248391701869489592322125902369517639520419202, 2031872070708052110104145018847644827075664242392281438970489971713403139967008112132060054131412249856010128455594389625773752450784860786814582246211915011640963142351427624152259879999988727878330243100882479297268563477936619, 36460464923118324050187758089767275462857558966410155835516454264540267737458411341855424413880827433292501682452123749507367406276414303306532890925163455835824288986397312370750490564751405399940454783493758724981316503082439944, 654256496545421780793275500596963313504360397152990523600325686790011416134284396041265579395723481549409020155682633101506839560524672598730777454406730290033196238612800195049356570285525308471049855859786774570366428492005982377, 11740156472894473730228771252655572367615629589787419268970345907955665222679660717400925004709141840456069861119835272077615744683167692473847461288395981764761708006044006198517667774574704147078956950692668183541614396353025242846, 210668560015555105363324607047203339303576972219020556317865900656411962592099608517175384505368829646659848480001352264295576564736493791930523525736720941475677547870179311378268663372059149338950175256608240529178692705862448388855, 3780293923807097422809614155597004535096769870352582594452615865907459661435113292591755996091929791799421202778904505485242762420573720562275576001972580964797434153657183598610318272922489983954024197668255661341674854309171045756548, 67834622068512198505209730193698878292438280694127466143829219685677861943239939658134432545149367422742921801540279746470074147005590476329029844509769736424878137217959125463607460249232760561833485382771993663620968684859216375229013, 1217242903309412475670965529330982804728792282623941807994473338476294055316883800553828029816596683817573171224946130930976091883680054853360261625173882674683009035769607074746323966213267200129048712692227630283835761473156723708365690, 21842537637500912363572169797763991606825822806536825077756690872887615133760668470310770104153590941293574160247490077011099579759235396884155679408620118407869284506634968219970223931589576841761043343077325351445422737831961810375353411, 391948434571707010068628090830420866118136018235038909591625962373500778352375148665040033844948040259466761713229875255268816343782557089061441967729988248666964112083659820884717706802399115951569731462699628695733773519502155863047995712, 7033229284653225268871733465149811598519622505424163547571510631850126395208992007500409839104911133729108136677890264517827594608326792206221799739731168357597484732999241807704948498511594510286494122985515991171762500613206843724488569409, 126206178689186347829622574281866187907235069079399904946695565410928774335409480986342337070043452366864479698488794886065627886606099702622930953347431042188087761081902692717804355266406302069205324482276588212395991237518221031177746253654, 2264677987120701035664334603608441570731711620923774125492948666764867811642161665746661657421677231469831526436120417684663474364301467855006535360514027591027982214741249227112773446296801842735409346557993071831956079774714771717474943996367, 40637997589483432294128400290670082085263574107548534353926380436356691835223500502453567496520146714090102996151678723437876910670820321687494705535905065596315592104260583395312117678076026867168162913561598704762813444707347669883371245680956, 729219278623581080258646870628453035964012622314949844245181899187655585222380847378417553279940963622152022404294096604197120917710464322519898164285777153142652675661949251888505344759071681766291523097550783613898685924957543286183207478260845, 13085309017634976012361515271021484565266963627561548662059347804941443842167631752309062391542417198484646300281142060152110299608117537483670672251608083690971432569810825950597784087985214244926079252842352506345413533204528431481414363363014258, 234806343038805987142248628007758269138841332673792926072823078589758333573794990694184705494483568609101481382656262986133788272028405210383552202364659729284343133580932917858871608238974784726903135028064794330603544911756554223379275333055995803, 4213428865680872792548113788868627359933877024500711120648756066810708560486142200743015636509161817765342018587531591690256078596903176249420268970312267043427204971886981695509091164213560910839330351252323945444518394878413447589345541631644910200]
Predicted:    
[1, 22, 399, 7164, 128557, 2306866, 41395035, 742803768, 41597011024, 2620611694530, 183442818617120, 14125097033518262, 1186508150815534032, 107972241724213596938, 10581279688972932499952, 1111034367342157912494990, 124435849142321686199438912, 14807866047936280657733230562, 1865791122039971362874387050848, 248150219231316191262293477762822, 34741030692384266776721086886795120, 5106931511780487216177999772358882682, 786467452814195031291411964943267933072, 126621259903085400037917326355866137224638, 21272371663718347206370110827785511053739232, 3722665041150710761114769394862464434404365650, 677525037489429358522888029864968527061594548352, 128052232085502148760825837644479051614641369638582, 25098237488758421157121864178317894116469708449162128, 5094942210217959494895738428198532505643350815179912042, 1069937864145771493928105069921691826185103671187781528880, 232176516519632414182398800173007126282167496647748591767022, 52007539700397660776857331238753596287205519249095684555812992, 12013741670791859639454043516152080742344474946541103132392801218, 2859270517648462594190062356844195216677985037276782545509486689952, 700521276823873335576565277426827828086106334132811723649824239038310, 176531361759616080565294449911560612677698796201468554359755708237654192, 45721622695740564866411262527094198683523988216180355579176728433552435802, 12161951637066990254465395832207056849817380865503974584061009763324947923408, 3320212796919288339469053062192526520000144976282585061448655665387710783090462, 929659583137400735051334857413907425600040593359123817205623586308559019265329440, 266812300360434010959733104077791431147211650294068535538013969270556438529149549362, 78442816305967599222161532598870680757280225186456149448176106965543592927569967512512, 23611287708096247365870621312260074907941347781123300983901008196628621471198560221266198, 7272276614093644188688151364176103071645935116585976703041510524561615413129156548149989072, 2290767133439497919436767679715472467568469561724582661458075815236908855135684312667246557770, 737627016967518330058639192868382134557047198875315616989500412506284651353690348678853391602032, 242679288582313530589292294453697722269268528429978837989545635714567650295364124715342765837068622, 81540240963657346278002210936442434682474225552472889564487333600094730499242345904355169321255057088, 27968302650534469773354758351199755096088659364498201120619155424832492561240124645193823077190484581282, 9788905927687064420674165422919914283631030777574370392216704398691372396434043625817838077016669603448800, 3494639416184281998180677055982409399256277987594050230021363470332819945526953574416968193494951048431221702, 1272048747491078647337766448377597021329285187484234283727776303201146460171811101087776422432162181628964699632, 471930085319190178162311352348088494913164804556650919263005008487625336723741918503565052722332169384345903563578, 178389572250653887345353691187577451077176296122414047481415893208322377281574445194347589929041560027282751547032592, 68679985316501746627961171107217318664712874007129408280345118885204115253406161399823822122681000610503859345607548030, 26922554244068684678160779074029188916567446610794728045895286603000013179335215268730938272090952239317512863478158827872, 10742099143383405186586150850537646377710411197707096490312219354597005258554750892223644370564289943487687632527785372321042, 4361292252213662505753977245318284429350426946269081175066761057966384134973228862242799614449101717056001178806280861162343168, 1801213700164242614876392602316451469321726328809130525302572316940116647743943520106276240767479009144128486846993995660047728502, 756509754068981898248084892972909617115125058099834820627080373114848992052456278444636021122341183840533964475737478177220045970960, 323029664987455270551932249299432406508158399808629468407763319320040519606398830895859581019239685499908002831139903181672959629600042, 140194874604555587419538596195953664424540745516945189288969280584897585509177092608803058162350023506960073228714717980846064479246418352, 61825939700609014052016520922415566011222468772972828476435452737939835209547097840482148649596360366569392293863190629553114435347670493358, 27698020985872838295303401373242173573027666010291827157443082826597046173877099832536002595019169444223087747650709402039795267035756381024512, 12602599548572141424363047624825188975727588034682781356636602686101656009114080423803881180733722097121504925181072777928106846501269153366153090, 5822400991440329338055728002669237306786145672023444986766110440978965076210705155797393105498979608870135275433655623402785363083586348855162727712, 2730706064985514459548136433251872296882702320178995698793305796819134620742820718068977366479021436560093444178384487375906335286201997613071319297062, 1299816086933104882744912942227891213316166304405201952625613559285908079473582661800833226444014203802604479428911015990931415596232150863821947985401648, 627811169988689658365792951096071456031708325027712543118171349135093602385740425649802448372458860436657963564164020723619873732980128867226000876948996122, 307627473294457932599238546037075013455537079263579146127903961076195865169012808568403199702504841613962402146440370154573738129160263144940740429705008099920, 152890854227345592501821557380426281687401928393998835625568268654869344988999365858496390252144906282139313866780863966823147850192650783035547993563389025660382, 77056990530582178620918064919734845970450571910575413155286407402054149874455680392682180687081032766198214188857555439278866516497095994649916188755948068932832672, 39376122161127493275289131173984506290900242246304036122351354182449670585846852680660594331098407743527287450506210829471500789930016053266107172454289463224677495538, 20396831279464041516599769948123974258686325483585490711378001466508929363468669688582187863508975211147134899362217209666237409183748315591843515331321941950382942688832, 10708336421718621796214879222765086485810320878882382623473450769917187915821051586505648628342211985852245822165164035074774639821467865685717845548944019523951044911636950, 5696834976354306795586315746511026010451090707565427555687875809595943971216799444021005070278056776473394777391867266659780108385020904544801893832038218386741955892990857552, 3070594052254971362821024187369443019633137891377765452515765061372213800485854900327321732879872602519159785014216456729621478419526267549648220775468599710453914226322072220682, 1676544352531214364100279206303715888719693288692259937073607723509228735065276775578717666152410440975461242617762185374373327217061342082107928543405855441907837167571851432492528, 927129026949761543347454401085954886461990388646819745201705071100603490491098056895030869382282973859430067167622488512028449951034922171405684484503438059375033953667233842168368142, 519192255091866464274574464608134736418714617642219057312954839816337954675014911861217286854078465361280837613868593566735931972579556415987183311321925313250019014053650951614286159680, 294382008637088285243683721432812395549411188203138205496445394175863620300733455025310201646262489859846234927063492552339273428452608487864732937519531652612760780968420089565300252538722, 168975272957688675729874456102434315045362022028601329954959656256945718052621003184528055744954669179551738848134444725042742947931797272034356706136211168599724688275873131410482344957226592, 98174633588417120599057058995514337041355334798617372703831560285285462188572802850210800387818662793319560270766112385249833652748374215051961246265138688956440043888282289349490242420148650118, 57726684549989266912245550689362430180316936861587015149852957447747851766880808075923950628037373722471901439210474082526902187816044038450553212803901549106386745806309986137500262543047406269552, 34347377307243613812786102660170645957288577432644274014162509681409971801294080805174750623682237364870781356330232079103506801750546202878079161618321421718300113754754441751812656213113206730383610, 20677121138960655515297233801422728866287723614451852956525830828208803024379036644715199875456706893652210376510799711620311094653828814132603655294229495874416668480362173934591219040294150451690933392, 12592366773627039208816015385066441879569223681201178450524230974379161041846833316631556724153134498234196119295077024376769456644181747806755626074185762987519751104540563926166052395539137625079778435902, 7756897932554256152630665477200928197814641787619925925522926280217563201777649323045038942078330850912264809485767447016089985292815956648961465661698430000312166680396987378518288275652108777049143516515808, 4832547411981301583088904592296178267238521833687213851600783072575541874707475528257059260914800120118340976309633119491024060837424340992302993107238121890194479841887323136816893595731263768101616410789348562, 3044504869548219997346009893146592308360268755222944726508493335722591381065709582801947334376324075674554815075068865279345158327577334825150885657560016790822522300389013576194642965310696173904018338797289594240, 1939349601902216138309408301934379300425491197077015790785910254855290709738857004244840451997718436204691417202818867182942865854666762283621114163865730695753946705347801648035987568902913462776859681813873471531062, 1248941143625027193071258946445740269474016330917598169266126204126807217071823910733677251086530672915821272678615350465815205610405394910651997521529530568065541678243984261335175994373476270028297635088134515666004112, 813060684499892702689389574136176915427584631427356408192248158886551498313757365887623890457331468068199648513778593153245698852373912086834450386515724399810667632536833754129199572337133051788421760442375569698568677098, 534993930400929398369618339781604410351350687479200516590499288547350885890452346754056519920924105988875368722066314294835669844862034153137068354327346655075419302209236610217013318597833548076781518371083124861658189530672, 355770963716618049915796195954766932883648207173668343532682026883988339117150810591447585747414530482602120200174099006065720446833252711836150455627685525625153835969142345794313856867559309471059709716770278033002696037897070, 239078087617567329543415043681603378897811595220705126853962322066040163886725344717452777622262564484308624774516994532076164140271945822353893106181804673220103377771263656373778911814999855964552124929669626838177811737466831232, 162334021492328216759978814659808694271614073154858781133840416682841271279086509063150436005516281284845556221897039287279715451244651213378293419097445373116450193506688022677795881122384902199930892827245676623122734169739978406722, 111361138743737156697345466856628764270327254184233123857814525844429112097453345217321199099784168961404051568221368951073884799553830732377509285500847525957884832745587983556967974449956042909152592479490534163462195640441625187011488, 77173269149409849591260408531643733639336787149673554833465466410189374683535168235603590976150429090253007736777408683094202166090804697537613934852087335488814189092692472604978806293819537736042746588286940175279301578826046254598961382, 54021288404586894713882285972150613547535751004771488383425826487132562278474617764922513683305300363177105415744186078165941516263563288276329754396461134842169932364884730823485164405673676415229922611800858122695511105178232378219272967600, 38193050902042934562714776182310483778107775960373442287082059326402721530881554759800217174096847356766213528931139557263320651998339244811365136358298022333414142181973504692204011234811289225567555286543206692745726351361010291401025988093402, 27269838344058655277778350194169685417568952035706637792976590359051543173049430098497355062305149012731076459656833643886010945526814220795314707359824787946057697517929082350233664021655260507055234474591849578620448614871761348060332555498689232, 19661553446066290455278190489996343186067214417744485848736121648876162627768639101016592999922012438179106127412577057241813891724833053193421904006433672109107599910426868374518471759613442825586824056180723546185343451322539931951499772514554936478, 14313610908736259451442522676717337839456932096117985697879896560381846393015569265540079703943225054994389260756356097672040513175678462724811146116683713295430332734790760176649447440998586377027207912899566741622930032562809070460691834390595993756192, 10520504017921150696810254167387243312000845090646719487941723971880657098866443410171958582398270415420876106655921731788949777184123670102736192395762529272141294560071208729837343869133960987114997815981181555092853573933664666788608498277088055410801330, 7806213981297493817033208592201334537504627057259865860052759187135447567358901010347593268139516648242290071138693924987400734670619763216230254757655796719928840563572836877539309150897399052439328379458036713878897351858779182757147505721599337114814587072, 5846854271991822868957873235558799568590965665887639529179516631164450227951816856750347357836497969533475263282881749815563150268294202648956460813484191743226701582116054821276942554022151890277056956214069498695294116542225607885103481785477903498996125717142, 4420221829625818088932152166082452473854770043411055484059714573160324372331573543703262602524392464967307299041858602860565741602830417202611084374994048957879386396079737444885368570840746829049455058897836541013642352105922559561138232229821295045241071042159568, 3372629256004499201855232102720911237551189543122635334337562219321327496088990613845589365726111450770055469168938113982611660842959608325592257378120459354861971820208839670447536219551489830564734209939049280793409114656818912945148471191353648119518937205167750602, 2596924527123464385428528719095101652914415948204429207439922908877422171988522772661103811609105817092942711260082347766610978849078898410706038181152753703243718301560806546244602889054647169534845341653067946210925018285750562967764322817342309052029581647979167963760, 2017810357574931827477966814736893984314501191754841494180820100197757027635082194357677661620275219881216486649083984214656730565734304065118591666755689627420369120312746686432056444795460850728574830464433794205888739208028187425952878829074974133426984940479813507841742, 1581963320338746552742725982753724883702568934335795731437762958555041509665904440376419286710295772386873725532881843624290876763535694387052975866736460667897569390325193402162732252719641306971202667084116094657416771539094098941947057001994779720606756193336173790147925952, 1251332986387948523219496252358196383008732027059614423567270500217037834145730412337747655787843955958017116896509538306814083519956734260158903910588540388306977387747227981110721211901236273814221309663535830874016666287423432263080122088577870758999944148928913468007009428258, 998563723137582921529158009381840713640968157593572310006681859173196191648292869045522629318699476854497659283414611568837638648925473939606805320649655229868967955422287928926355527097186546503748605111501593037465299697363898945937937426685140865681955430845272947469593523750112, 803843797125754251830972197552381774480979366862825709555378896634422934276875759581645716601553078867870615723148762312914299112385006521383478283122972460044519204114941782785716199313235169935517627114758782395159566256377938651480039628481538396873974121830444722713022786618840390, 652721163266112452486749424412534000878555245892614476158967664067151422632823116780296321880461100040710939967196794998086410879256625295363384365895853637556149593741332727622001553842346957987640313217184131304869567800178886185001792178327009178261666986926321114842974502734498396912, 534578632714946098586647778593865346719536746386051255974194516870997015136282132643062687620097640933342259833134175103432770510111176116902611795668704129158486517274151503922419272596882158591877416524873803538688176028346507785516467794049820516996305262292656993056396117739554187071162, 441561950622545477432571065118532776390337352514878337434684670935443534502569041563169779974200651410940706622168828635435468441351831472561557343222349610684909863268449142239918319165024662996890746049545761722956433399414215430836602397885151747038948146653734676264583193252871758520780048, 367821104868580382701331697243737802733151014644893655083092330889224464240640011622120426718509142625313608616266634253317745211646075616643777266904217225700529916102618135485851959864465544276409991459271619515222709021712041453886889797438331405283443806162560985328397799979642174847809780222, 308969728089607521469118625684739754295846852301710670269797557946948549962137609762581158443547679805263431237663972772786905977782703517980772904199542469588445129526199233808115646286151057192184392825788160392787075578238114821264987429848198380438092797176551227675854151982899426872160215386720, 261697359691897570684343475954974571888582283899548937718518531581065421817930555468906241201684884795058126258301384938550509363181949879729714649857012471741413024708690751035473952404369945441780180723442571852690653014767683253611444353081424028231064599208538889841448466729515814560719702432552082, 223489545176880525364429328465548284392849270450214792811614825970229870232512694370445929986238891614979639824589382737522134996157385197289176310977888650867166723101221901384294755353331933407280274337819956362197817674611601498584173477531536120109329167724092211924596990587006505634854625877399478272, 192424498397294132338773651808837072862243221857634936610800365160367918270193429852953945718151685680497469888971458537006558231691508654865980803751962128396630548590152057091877784359218794663668316204862982427852321017840588890280973364154652599414132413410443394467078008895412601351609832880440950792438, 167024464608851306870055529770070579244427116572427124978174716959199353058527897112364024883355663170671803863627226010121692545108229512423671337656703127448275316176251985555749916823801913768064098465821068747375814643485631156763884880086238456291466934840264866397423711721218137973197334940222745287836432, 146146406532744893511298588548811756838873727000873734355902877339299433926211909973318521772936205274337828380673822758856480976969700823370712420449615236517240901654220487361281177220826674547056086157593435153953837813049927262168399270075458649255033567985231758097745747756065870726547668072694902126856878250, 128901130561880996076965355100051969531886627214770633701906337813262100722918904596466936203729733051965964631754311673311416221687276126212968354836560638608206475259022469852649998308769126950503467990997409805787284951110035845232528156206554528642939606962974410642211749520850097980815043240116903675887766616752, 114593105069512205512422200683946200913847211593931093360994734315990007542674906186259106285115732683197742557629583077573849021079988476203328867449702407722695556505270975699005848496495753858997583043996697317344896321536821866411717530867626975963573310590084251060926245324035737104944573440463927367864224522292782, 102675422142282936139130291812815796018807101588162259651451281947127046758236715942888159231463696484145177331636106437506168722887669674678182665234933357319535218628722794226309240252860195457661834407421040796341027104096992392304898907657393770463361686288715488950589915810336020446030337802655678921606345171974332928, 92715906194481491333634653506972663804982812734110520465260507598255723222687754496428007786011717925183095130467404113068070356767565716234398946707144821659540302421736683186357243948332756498268636469901199839095947474999584130251323713614626574728415602718710086522382693976733426462765395035798078066210529690292822634242, 84371474636978157113607534691345124062534359588040573623387061914412708132645856591749487085270663311916616568725337742891944024658484801773303041503501787710181675203780381699585091992982808413424459187610091853577312202249621558528704579389310183002858198474026178735368251518827418081116509482576251040251582018166468597160480, 77368642242108970073178109311963478765344007742233206012645935775516453357636250494634279657193198257027537393521134710231912670611830563226118889058711139330236596161866610018519529357565235315110229075038454229730395289462902969170822099299997437813620968000682005900332686642764742380383839195522422203910700710658651703596160422, 71488625431708688347616573004254254379177863153823482355684844656577202902455895457042074403246515189493444551613528472254287307645331440420933853490249092741138614853564747657112045126390277431161851665335531708270885247463722343513839619753197632539785774432630173451907402457914621959474667416662718116413487456648594174122852230192, 66555910276920788851631029466960710827014590596209662073142590375273375902186438670506171269422505641418396877552195007668741483417803571031889417599421905342000050428668780068771314012669348288411683900427380020400194165388725501811384685990226995894540555996778691483725791688318513044270915364912990566380956822139841176108375426309018, 62429443839751699942829905640009146755739685979244663024607749772006426596250879472934788650718310291650456271143958917193279511445899749627912273708257747210796047302091315704507492543883848694530159498600882459135382127134624520699078835458832922149079041524978412611734792603642765235526118612288385151265337499167171023189656149877859152, 58995824428565356445974260829808643684174003250386206558254323534546073133457081101923375274928803225609681176231041176747649138316375263398377098654303571114202264700476293340759580453970237016331000726177833923882936110142220172060629499508597111430879694241104599918089379010442413147572182088612523967945743936712976616914225061634576898910, 56164024855994219336567496309977828787333651094367668643458116004887861623051141209031053261732220670780416479771951200263761979677189250755254997918896999700720555994853431260403120592179665639547112691321297895536555176855393603801719283532184450082197468917531579122021088817941177316488717348359122817484348227750753739302342258676117207762592, 53861299836898456343768228961268737807052971399498594229076333248687459296506044419460780078001199623278419404101301201052947738510424491474289543004222222712991013199064440578726592647900299348325681070977124681819556414604322466045848792907364887628827372691912784378018224176405589046512679937076398781967489950412972835990946226070396402244326002, 52030015642443908828080109176585600721613170371915642025287737918232085680424838909199113555349158836086953144361856960217147515401070058764163698542078667140749318750296249599049888497871689170482607914563902442637691496507775502200289933948514481449447242020387749709165604554407799018931248819215801223380595292098931759567254054384002924568018918208, 50625205220097923289721946228817789502129614771873919690604968994439819367053368258650737489354731547512605409464086822291284532485241167177531278681442543127949087144038250859875541508429153562879577500870677076686473826102065563640882105731904590450312166485837280467018133231438788445420105101096974590349319219212260602058938194915634845604682407416662, 49612701115695964823927507304241433712087022476436441296792869614551022979712300893477722739567636916562353301274805085845458841835536343833980653107813692265390105401157485842678030678260570491621985950853263535152744349580024252368064463617266498641305923156120534857677770566810012676511702999075035098542332834828015390017759431017322148692588759268329040, 48967736001191917281216449709286295073829891184242767559934562309561859680976040981862512343953257636647042708358232619729467876891674371364138904617412114265940034030942438526723216279443183075230900133492171109195758673035483937087279625590242034158968946155090967904527959549441482511717050860087059642261282507975251189947528558414096960759585105397840762762, 48673929585184765777529151011030577303386911837137310954574954935704488522890184735971337269889538090827160452108083224011091069630324325135954071189707641580344393826756783895562876981766523976779514732691218082540584120997271033464755947836700581954015132478160422097100791792144833616646748554926537284407714812927399682807843387063612378995027594765453718185712, 48722603514769950543306680162041607880690298748974448265529529890640193011413074920707308607159427628917987612560191307235102160699954649461090025260897349221924738220583540679458439858748290500756294247423909300623124705118268304498220703784537282535969147610638582519197892583936978450263395303481463821692122527740327082490651230450675991374022622360219171903897998, 49112384342888110147653133603337940743735821138966243851653766129765314555504379520072967076016703049949331513460672837692982977985554286656778745462984528015700136126348209004894107377618276824762344601403300575028109702759214450934206469414813580796256900791523691179351475724608474277865502465909315532265659507962249699150576440294281399305014803339100925279129182272, 49849070108031431799867930607388009854891858456050737509428572621711794273836945212874061582156953595698571486162582930258377722655337600956630426644929295935935638168243432139967518988282550977133779770424350083653531348300602667698219566456035784508200754303396546547041747860477601392033485002897955265249644400581683444637835086898695620294590025389187439158316120006370, 50945749650408123299465025080750546071699479342083853734636001219389453747861358007557290936964406574803940058858159754724062032553755028177676296031117740446526222207944787647046804406024767098630722925373685785493909037963215926387580396918068571767381170898071270571076666313408108622658221672961710281085136577394480480419867458810466923941071005947749562819799074646510432, 52423176390269958875149510808092311907778764243004285492940445254751747906549337389776452374136374365473254320565046387611059831497813923994828908616020154919475482651975186488811161733799485344491013890209522673273232400064149188252820228428692560348635224854115337417637889636496943772715310101477599879236605538138920414352043615115970464735362065120234300141573247811259234822, 54310410740319677394654893197183635136458799755752439770686301283922810831185113535808404659605283842630291476105388057565057985431735225258642749326196880496576600027446293202408363556216266816892690390257065489511068766466458559029921756652125492521186092948863489564672853663410833748533061265130793474889123337511921549268717185260145401465835099464562734946669884732464567275888, 56645758402153423522625053604662531447326528145249794680825812239131491696926073417848166059968311047863394009577919744040355478805299839944764387547223346357929393828626483810111923189133566290019076077038119305560044723424516277068208392188166888699597094945664619615953786370937499599719982899531417594309355641024934175887272024226331653728866008741538932549376689775960543668751482, 59478046322261094698756306284895658019692854552512284414867102851088066281772377088740574362966726600256563710056815731242373252745564831942002606924584513675825863520057808000617519348590244604520029880890025270838046959595742090921618811797575233134576949692947850596751475689484374579705982044507988474024823423076180884681635625437648236415309309178615879176845524264758570852189056400, 62868294962629977096585415743134710526815347262005484626514527713600086059833402582798787101655830016471187841530054227923188528152062027362696755519285830955347937740701103056652717951459888546977671584100756711275815636292699390104151084070037021423247835825445878080766309803784983930749223021044943817044238358191523195108488856087594185890981939801796984289925719147849809390763832615102, 66891865840238295630766882350695332000531529486773835642611457487270491567662740348097909476161803137525343863387977698510272593953793997113909347872520124136490205756105973652278491900353321413984242565483205140797467837015432151070816753450519390794335697318274414277935353631227222902317173294391820221335069613115780679595432142877200213788004783949111991284480965173312197191772717902468832, 71641188314895214620551330997594700572569268080334777973236870968866696468966794912812861048969291160289643277688524115104501948124513370908996911571469052950181010364789497781590264825278407234377123787632512705794088053443527833796844742945506267540733531827871897691668763739044355728381692598293639457049859555647001107846707825021481428966953123609498942665679113700617363192388580873544119378, 77229201003457041360954334815407087217229670990600890655149346904438298793546204916012264210788895870792235453348228996082653100078225413839898670674043639080295129173243078608554305481650122998658539443067848696846026921612123004832998632895255756408910747310445905711618927310689815475195464620960543334699748600987467194258751035373156980426375467251039860193602084569265517521394890181680560689792, 83793683088750889876635453274716689630694193024801966360837041391315554190997632333873306668705952019809575466882828460749678613584874574016290057681337348402120215152968740290281421447590383453544515295728615836077939209949153460243803516691352495703668160831833807697106536132098449790587079113742189518149227232071401905770744873379875323762617381967378248310058261757653086510713455847123408348424630, 91502701932915971745285914975990625076718058783083747266034049199316585176569414508589650882226899605632056409836048679138649046034683034825788742988020384455115274947041864396987312220768698731270610702935648492997109617264475578586233440226956925308405631628362518005240337456251507171321090392206470953818956137421970881101653401730823853548778181108377047154583621839357170469699093785058761916479696272, 100561469424274652948069220558613696959313146602609038245371420070048927109049786544940026319567362666589629994409817498373375301592116655273541828543834402516171687166799008972289056130624799905666401162526277693803823469373658660866270550809425660913937789159570407287759130864420406381281878341034911578247032795026745998330717088502175415050107221038106374822887400401453530346199304069779579346211186203242, 111220985183247766160564557937826748837000340142485596299380790597474113382609063918703669109441503109248130773817258153200953083560881020732537262369480849182885886006479703923351696080471028695667039685754063129347028757127266478918095229195224780970815194810484870460261598736048969457697757445184612205541218271299581074153773099883406009045418586468145650554113464844007604562896430301176214756909571940785968, 123788956508954763736708352984801171455581378578586468681210819934988688194843888141517183718808392960593169551258608324512660782003260576075313973017232185140551991125211910466690437737564254938277415170244272262963243006682647591035839990094285181220517311824069660822271159393222503006417604036490473384767375935956433735533149460170230888067550886739046109066728286371380463878503726925209127024440353570094782702, 138643631290029335385113355342977312030251144008016844922956118327187330778225154718499245765065400115864349897409641323454180075843651845204351649779300047357418230060237339722693290266071965530870704990673584934518832167484565301960140788905599402966979389242958020120943698520409203367187716520869330190939461048271205783797127395390658594635656993147731642154735680735946119543924174156234222267373195998506156626560, 156251372463863060979022751471535430658093039297034984228171545354740121787059749367748649977228705930579122334380665771532860945475795629545304309301271153371810345277887481867475338129863105153291284524489130221202723852755105095309078669096610527143785771676813688676303548232501172194820556519019735125188772601401648918339362574605272236154385431277493560708387112189411276726002544274075968495329591890316438518133442, 177189056374020711150211800168721178366277506562837672114746532432275298106525755783026969074177352525276724727187674984918264312169552243904375086747641487923632931545124404437717033439264761243832316650770673670843888849024289178080495210755556337781053065081506722958928223695656329268926511092568379631964068129989469873396837159602378715799073079068677697843310985222792387807286885206802148273703757203618841279563323552, 202172713322757631422391663992510864515922634988197783882925793505226115139545887348433771713636359231340742913721137157791739580185459110294891973979058937720865174892986945463435135154201092579212673298529338658432877176736713952189845035472089781408181547257999170896137103236743871695845149156620521160071001736317985125545791199106314114726742383217361253239217834139206114488114336020961251180295986969329097899981752173158, 232094274894525760872905630263402472464279184966451055897598810943999580180198678676001969927254540397579172864951865457144917038052907058618535986127959660503553220777149013392023535157022854280936148946711680779880942998893747617113942100721959069056592416252183048188765394515781964706830231231800358291761509993293046924126568296574048603706300255933530718718622073591808619432355257752063516354979793040789804389179051494785712, 268068887503177253808206002954229855696242458636250969561726626640319515108129473870782275265978994159203944659019404603002379178951107652704409063977793407881603969997607110467787183106361396694481252033451991300762489163722278497766603126333862724760364240771271420658024030665728169236388917072729413826984544042253469197366186382543026137280776795603227980120008494998538955444370322703633361390001660962112224069501804476477497690, 311496047278691968925135375432815092319033736935323626630726340156051276555646448637849003859067591212994983693780548148688764605941187092442523332342195939958423813137219462363568706769591942958987214862871213891486012408245287614404792832799948486171543247776217390804623923633576132652683921638511578866956040177098531207339508576514996371520262636490950912899449871188302266226358314981621965935181930037974404368761096801666852316112, 364138879268790911673483253880960842920950438477393319531319091642423942293550698457645485511250014127991135938029460785817165824345247711065309775508027053811397437557409551503011818213652981319056054174696449039147148505238741221239202821543139780334534056650398129850605366727650499070987504395420035695471610967028182981379885525946030758307187022057921617179456899419125349218612870213516078178227676214392078707081722161148550357535262, 428227322020098112128016306564009951275037715649414543768831251771490556137215621386191090961230016614517575863122645884120987009430011308212804295997439815282203386567513632567541898219255906031209919709443024070037046642160759676177302518134732381673412050620868200704311911271716986907481305169013961977874614497225143186102745378512532171769251937940115821803041313716891410681088735371094907937595747228125084559528105261510695220461468448, 506592921949776066647443290665223772358369617613257405278527370845673327910326080099864060607135109654974292246074090080915127632155703377615747482164971301478846606309368627327402065593379736834921335016271097474853826177676178696917748878953388407519646455884487081433200991034441195511550384014943517019825668950217344389159547782780325559203025042583157017192997874127082538835727973944005276090175768970871975033921748524367152445805917174322, 602845577120233519310457515891616289106459844959776312281447571306351260213288035318838232122490780489419407772828167196289001882265287019362739503776315848759827461508148666519608458056121886833556388669362605995076053151434652649332121165954532204948379282502539626905509179330985022658744956977782785253592546050758639823099861861508587415451599800673956850459667470211228221214516288993366278547309165075337650290366880743996911410509041437443520, 721606155812919522614617646522264698060432434416852245800892742853702458475305778276649363850621464245835031104075316133957935253071548562177199186020250070965513471425253953823971324293177898539766997237227039376106035622267279221250549035647575049323210001155539933405894487659189072122517713502405993948550277622758091868250534648225779136295564961406726350000221961842840180793775997925059435421129070595179167397569156250564302958379322600619893782, 868813811598755105227999646412806696464760651037890103944274862395857760004268157045085834076148242951985377449306680625285354044698144468861347819968381085442478219596005760404061474448986189841879464673621355408831666889209804182385661038919680359385144841391270079820696963141663642835511327056896816714054534257800742609373643716463838080099860213533698525400267242058779577675706301501771560247039400996595717546673264125679420761888704411146352113872, 1052133525846092432431107571805908909418825148406884915876516858361383747365168738181598945066215522214854292091110390237220563748129452951791092209981709494470841123930762975849318445557722275898516031719755461400095148602833072864869035518131732915215410402924828066662864022364554671473804217065902045040720040986196699299951482540637707915000930718589308914259723630133182068565280331118645359459164714606877413949021322856197778542647221041898232409899338, 1281498634480540582701089022459597051672129030759585827537597533484165404290775523105187515090650506057692527766972455308934646645221673695281550311757722164265484488947669304584469866689305732044392526634662151985315890998250682749410485261084450690732369870762440585195368379240027589855093536386268690859597009921187579747340905734496728240471133615241778257568343381502215759512511443302510047821262622391176690189907971238848894264944315229032047075257394032, 1569835827238662213808834052513006388298358062680492638733556978518102620256200015803854705986046869920673346514541257753444942140396550276719899131903209651225218498960894898115975586694399521754380845127461136182011966472857086368027844444828452096147153091683989716864326264569033797572489582073179146303006337153454785190492609524758492094577138678671178365521220642340214305402826518045574808581046712429191445482637264767589895474556786155564257667190307689550, 1934037739158031847412483552696023870383577133222366930919742197534302428155638419470348997774809743742269562905914829552244168716968549940918915730504754290309469190719822514478881922807500210801397201197032119776238742694559930405410304356028652982453292608954675331176849957949049638609307165114156708245303807373056295354686894934502462260519034852122891746322143831363144024256282270232148164171849549712763860834609110193670751224653960543655165445978459073525952, 2396272758816801458944067121790373575405252068062512627409560582745000708484836001723762408242989272496671988440428473815230525040324033376798536590095390565693432327301860095439334702358492761182931132283122796402759802198559753772303367097119501045259629542494842735328117097898872502236931577576440161515931417335216749944457062823848550740783084181780262873693136207058935446053533732817631575408921592094114423574080687529958060767346257113588749987567310792098654882, 2985755857485734617844307633750805474954944076805890733752312486100270882772105658147807960670764633530853297596773878373777234200243745587490976591258856644854016679818117678917411039138681980433932190824771004317838713539405453200289995403010898302393498409948574048218833903981995137787216745660244441248850545999680070430793500278515294223015722890498207540621647713995433565782703031090768942959516303749266571773304536662327743716113436363531582484508869246954923983328, 3741152089429625476158917465089759260118544928237781089391647545083639416113448389659203374720468085814159181888757669602342874452905413221126193668847347376002082899812101451683516032040768521483717035103438068410251908064875032859963364239972655572899053507665563282418198881689439907647382582312286284884809734137599128249784255848979663661438700781794254048398924585636278257925726897956733485528273928597831014431950584437896662876290135763505072853089613166434519751110342, 4713851632681328099960236006013096667749366609579604172633475906805385664302944970970596252147789788125840569179834663698952021810660820658619004022747657693762624453763247829121230200371368337069483464230331966196917404161742541403553838942365546021852807419658609735846930590928694283635702053713480718954860265013374901594728162369714376213412762985060760100982644977901710604986415891425484191765625150033267078184257736391749795224125571062016391794892912589707494886399031280, 5972450018607242702649619019618593478038447494337358486726613973922423636671831278219745451471249661555440001150850518906572211634107259774470278096821282297997245182918034999496598663870523683067035549179830601171494351072927799958302713939977146809687507000707458535318061058706655657366434502054980070915807955771946000320520581722428114662393970702071983047945011187001467336517788934436088470967047065092149388059454552008346990548967098535574768404129320251159396021067572632122, 7608901323705627203175614630994088091020982107785794712089706202777167713119913048451955705174372068821630561466183561086972997621852648952675134295350313647648490363037576589358666697771047172227403289655104185892483803266910017146877657559530885035541883918901302173995209788792279307484837555618044610346739335653459204408343221114373418079889918674439706403081944252239869386723663102471576712012017960927398320387745099258634065959384083534322254946860753999977070530840087533323792, 9747002595666908447267962342303426844597878080073603026186913645757551840506608615066955258328370620160508749238181141752412409953593243308376847032343751782637716155051135610968452039844711427623303614048188462128271751984911731965150279333759063730529153300112568084887863739442909792888076908746715145854173088972081240847087666247512348560338985821957263902347970587119272684393012434266089768087395007947997248416701472150310238493971011007466808586928625873970627350006152130187777918, 12554139343218978080081135496886813775842066967134800697728744775735726770572511896206238372726941358766735269018777310577107184020228097381189378977658752296037378407705862666927366227319988318778815054894066739221214016556566310771113559781881674084921549450544987693335568496402467813239843058465769107860174938596040638211048914126795904945716613738680955906224186116209623217498200015334723621296564770237020455960711496129599587180234662177617249459964070125674168026807923943681857958752, 16257610449468576613705070468468423839715476722439566903558724484577766167891402905587078692681389059602922173379316617197353803306195386108640245776068084223368405037979092153670939264379384872818565496087816427291472151440753372448592059917536767939973406538455759062869561202841195818145596760713170994678926545481872626483308343794200696904703014791591837898560321020491462066660169019858467089579051377456941490469121387487831465398403887520014338050653470812748047594716261507068006056584210, 21167408805208086751044001749945887839309550692616316108433459278920251550594606583074376457871168555603004669739870235590954651904666392713449600000440645658825663359448777984079562922221959104409772275906336988333496741175860890928066862012632871857845375313069398299856168686099236955225566982448548635071962362217398159681267463620049307369923325258652572943925537968679883610791540063855724150631924893448937820590796046509156567948721861551058668141950818998197957968320572482202543885672641792, 27708138126017385557116598290679167181656201856634757785939398196106609279728340017244358783353359639284333112689490138388559639343208308061905526400576805167402793337518450381160147865188544467672391909161395117728547234199201906224839522374536429261919596284807842374511724810103901174390267180025150163309198732142574191022779109878644543347229632763576217983598529201001967646526125943587142913177189685524659607153352024880485947444876916770335796597813622068641126980531629379203129946345488106102, 36463909773838879393165443350533784011059561643331341246296248026076297812122495462693576158893021285298182376299369022119344485375662133409467672743159075600302076032174280701606754590588124519456867752456395974930768160206149708591888811444889940908686188710807120564857429850096733945497591608913097614914905531499627635385977308600296219044954196716866302866415664428518589422828381741760680073741181626150452043013811264742719506837458022469761908322722726642331723106379624263031319009390662347630608, 48241752630788837437157881552756196246631800054127364468849936138498942005438061497143601258215467160449495283844065216263892754152001002500725731039199457019199646590566573368225736323348088739241436036499811874833406275952736064467068897541589391822191827664397820507306379691677979009893313698592028144532420018174007361615647979278191897796474402256414118692267924038930093806401949044349379737559583291397048052907272303254617907545956963727495004710962167347804869669740242899990435049423846285915294762, 64161530998949153791419982465165741008020294071989394743570415064203592867232621791200989673426571323397828727512606737630977363022161333325965222282135277835535529965453542579740229310052958023191109928544749793528430347017138965741201633730313891123515130793649101274717484989931712083158107219127397432228118624171429790948811812439995224069310955001030777860716338971777024762514592228984675050954245777558073910366672163328641817036122761757568356265579682572580476660754523056987278615733715560267342033840, 85783966945595018619128516555926595727723133174249820772153644940840203663490015334835723193371325859382897008684355208212616734360629702656815502191214866466111003563811386429112686587540804877006513974464330473947511373961914797195986584297429672432139729871108848404297277431538699055182389351973330366888994600517201630498561393232273614580668746836378149999777745205265882107482009810152510543125826604595144818160240682370394109377296132469868892327080035599540097295428797327191991509235977704077436299244462, 115293651574879705024108726251165344658059890986191759117774498800489233723730580610019211971891061955010613579671773399837756890980686320370760034944992780530453188789762503360727450773654841754696754781680060156985455286604813487431405969295745479748795796946770292255375540867988011530165131289052156013098808743095118991390066512504175737996418795748092233599701289555877345552455821184844974169961110956575874635607363477105809683003086002039503791287595567845781890765056303607746036588413154034280074386184557312, 155761723277662481487570889165324380633038912722345066568113347879460954760760014404135955374024824701219338946136565863180809559714907218820896807210685246496642258054969142040342785995207691210595315710049761272087350092203103021519829464518552143140623121675086664837012355712651803577253092371509462773696490611921505757367979858393141422033161793055672607593196442189990293841367814420725560103617460902334006632705548057569948881737169188755369622029541612159651334423591066174064895430946171100312380495735336928898, 211524420211065649860121267486510508899666843476944600399497926420307976565112099560816627397925711944255862288853456442199539382092844003158777864192110564742440186438648094890785503381492044663988438734247575807494621425211813903223928412816193810384966199234767690848662779057781149257909699440509850446679834250989404818505716647697886051121033714969603401111560768494006819036577491983345310620712511905369581007214134262179990581399075758329791946716117509312806512147236667864380127995224900354224212713208587549443872, 288730833588104612059065530119086844648045241346029379545314669563720388011378015900514696398168596803909252024284968043602371256556732064311731784622230920873430854488754649525922212115736640966344218872247940977230158245414125977900662283494104551175478861955457898008424693413871268737046739736295945859717973752600537577260303224107614459780211020933508642517280448994319307984928276557266348997272578750829478074847293267875687143609738410120166007267500400211980889080978051634878874713481988983516050353529722004990885670, 396138703682879527745037907323387150857118071126752308736171726641424372351610637815506163458287314814963493777318976155822453363995836392235696008501700823438347132358571379149565275022790671405824268292724175020759777112708180841679708652953911444212756998602888236067558679363831380707228126918198037719533059988567937556001136023475647038818449520720773857533708776020206090555321595436569430824257978046138043918690486363525442761032561098684867761971010549090837779819101886843053816106897288885384021085042778590847495139632, 546275272378690868760407274198950881031965820083791433747180811038524209472871069547582999408978207129834657918922868118879163188950258384893024795723845435521480695522469931847250514256428335868631665975666637353627732638424581380676318232423443881569391901073382877537163418842723473995267587020195094015236089724235185889725566576372917266530641889073947149538984402131864198875788480107029245106651751725624362563874180695301585567463901755086432643758023547196265298370541501956571212411411361372944565076273991676778695797552922, 757137527516865544101924482039745921110304626636134927173592604099394554329399302392950037180843795081950835875627095212766520179885058121461732366873249773632772243994143325540289212759409673513923489042273959372128037436856469793617377070138893219855177174887708668266508498516014734957440875609990400305117220357789967643159635274852863331411469658256490749261032381354763779641842833428342533717819327891715366513529614443687997596504967832549795644248620636414023703541570521711807700402216146862901167195715752464015272375408350288, 1054692575830993702933980803481366068106654344904135953552814497510456614180853228233379401792915406549157514374748543631383762610579885963196193187054436934670451735883841652477622873373857675204895420235887625405374356149541062422509006258703478255258261804618578174895246338432808525795715139724716627625028287958401424926921371937870038620656177233951291613720618107227185945041087066965681149468922323753159505553346752920057380651931420190741865332438328546524735019033407736744548126660287092580021325903632043182373274418943831951582]
len(predicted_full) = 200, len(input_sequence + seq_pred) = 200
is_manual_check: False
