test results being evaluated: data/test_linrec15.tsv
csv file used: ../linear_database_newbl.csv
The sequence ID inspected: A051873
csv results file used: ../linear_database_newbl.csv
Results we are looking at now:
('Could you give me a recursive equation in a form of a Python code for the following number sequence: 0,1,21,60,118,195,291,406,540,693,865,1056,1266,1495,1743', 'Certainly, the Python code is the following: lambda a_n: 1 - -3 * n * 9 + n + a_n[-1]')

Experiment type: Evaluation of the results of llms.
Ground truth: 
[0, 1, 21, 60, 118, 195, 291, 406, 540, 693, 865, 1056, 1266, 1495, 1743, 2010, 2296, 2601, 2925, 3268, 3630, 4011, 4411, 4830, 5268, 5725, 6201, 6696, 7210, 7743, 8295, 8866, 9456, 10065, 10693, 11340, 12006, 12691, 13395, 14118, 14860, 15621, 16401, 17200, 18018, 18855, 19711, 20586, 21480, 22393, 23325, 24276, 25246, 26235, 27243, 28270, 29316, 30381, 31465, 32568, 33690, 34831, 35991, 37170, 38368, 39585, 40821, 42076, 43350, 44643, 45955, 47286, 48636, 50005, 51393, 52800, 54226, 55671, 57135, 58618, 60120, 61641, 63181, 64740, 66318, 67915, 69531, 71166, 72820, 74493, 76185, 77896, 79626, 81375, 83143, 84930, 86736, 88561, 90405, 92268, 94150, 96051, 97971, 99910, 101868, 103845, 105841, 107856, 109890, 111943, 114015, 116106, 118216, 120345, 122493, 124660, 126846, 129051, 131275, 133518, 135780, 138061, 140361, 142680, 145018, 147375, 149751, 152146, 154560, 156993, 159445, 161916, 164406, 166915, 169443, 171990, 174556, 177141, 179745, 182368, 185010, 187671, 190351, 193050, 195768, 198505, 201261, 204036, 206830, 209643, 212475, 215326, 218196, 221085, 223993, 226920, 229866, 232831, 235815, 238818, 241840, 244881, 247941, 251020, 254118, 257235, 260371, 263526, 266700, 269893, 273105, 276336, 279586, 282855, 286143, 289450, 292776, 296121, 299485, 302868, 306270, 309691, 313131, 316590, 320068, 323565, 327081, 330616, 334170, 337743, 341335, 344946, 348576, 352225, 355893, 359580, 363286, 367011, 370755, 374518]
Predicted:    
[0, 1, 21, 60, 118, 195, 291, 406, 540, 693, 865, 1056, 1266, 1495, 1743, 2164, 2613, 3090, 3595, 4128, 4689, 5278, 5895, 6540, 7213, 7914, 8643, 9400, 10185, 10998, 11839, 12708, 13605, 14530, 15483, 16464, 17473, 18510, 19575, 20668, 21789, 22938, 24115, 25320, 26553, 27814, 29103, 30420, 31765, 33138, 34539, 35968, 37425, 38910, 40423, 41964, 43533, 45130, 46755, 48408, 50089, 51798, 53535, 55300, 57093, 58914, 60763, 62640, 64545, 66478, 68439, 70428, 72445, 74490, 76563, 78664, 80793, 82950, 85135, 87348, 89589, 91858, 94155, 96480, 98833, 101214, 103623, 106060, 108525, 111018, 113539, 116088, 118665, 121270, 123903, 126564, 129253, 131970, 134715, 137488, 140289, 143118, 145975, 148860, 151773, 154714, 157683, 160680, 163705, 166758, 169839, 172948, 176085, 179250, 182443, 185664, 188913, 192190, 195495, 198828, 202189, 205578, 208995, 212440, 215913, 219414, 222943, 226500, 230085, 233698, 237339, 241008, 244705, 248430, 252183, 255964, 259773, 263610, 267475, 271368, 275289, 279238, 283215, 287220, 291253, 295314, 299403, 303520, 307665, 311838, 316039, 320268, 324525, 328810, 333123, 337464, 341833, 346230, 350655, 355108, 359589, 364098, 368635, 373200, 377793, 382414, 387063, 391740, 396445, 401178, 405939, 410728, 415545, 420390, 425263, 430164, 435093, 440050, 445035, 450048, 455089, 460158, 465255, 470380, 475533, 480714, 485923, 491160, 496425, 501718, 507039, 512388, 517765, 523170, 528603, 534064, 539553, 545070, 550615, 556188]
len(predicted_full) = 200, len(input_sequence + seq_pred) = 200
is_manual_check: False
