test results being evaluated: data/test_linrec15.tsv
csv file used: ../linear_database_newbl.csv
The sequence ID inspected: A051938
csv results file used: ../linear_database_newbl.csv
Results we are looking at now:
('Could you give me a recursive equation in a form of a Python code for the following number sequence: 3,10,18,27,37,48,60,73,87,102,118,135,153,172,192', 'Certainly, the Python code is the following: lambda a_n: a_n[-1] + 1 + ( 6 + n ) - 2')

Experiment type: Evaluation of the results of llms.
Ground truth: 
[3, 10, 18, 27, 37, 48, 60, 73, 87, 102, 118, 135, 153, 172, 192, 213, 235, 258, 282, 307, 333, 360, 388, 417, 447, 478, 510, 543, 577, 612, 648, 685, 723, 762, 802, 843, 885, 928, 972, 1017, 1063, 1110, 1158, 1207, 1257, 1308, 1360, 1413, 1467, 1522, 1578, 1635, 1693, 1752, 1812, 1873, 1935, 1998, 2062, 2127, 2193, 2260, 2328, 2397, 2467, 2538, 2610, 2683, 2757, 2832, 2908, 2985, 3063, 3142, 3222, 3303, 3385, 3468, 3552, 3637, 3723, 3810, 3898, 3987, 4077, 4168, 4260, 4353, 4447, 4542, 4638, 4735, 4833, 4932, 5032, 5133, 5235, 5338, 5442, 5547, 5653, 5760, 5868, 5977, 6087, 6198, 6310, 6423, 6537, 6652, 6768, 6885, 7003, 7122, 7242, 7363, 7485, 7608, 7732, 7857, 7983, 8110, 8238, 8367, 8497, 8628, 8760, 8893, 9027, 9162, 9298, 9435, 9573, 9712, 9852, 9993, 10135, 10278, 10422, 10567, 10713, 10860, 11008, 11157, 11307, 11458, 11610, 11763, 11917, 12072, 12228, 12385, 12543, 12702, 12862, 13023, 13185, 13348, 13512, 13677, 13843, 14010, 14178, 14347, 14517, 14688, 14860, 15033, 15207, 15382, 15558, 15735, 15913, 16092, 16272, 16453, 16635, 16818, 17002, 17187, 17373, 17560, 17748, 17937, 18127, 18318, 18510, 18703, 18897, 19092, 19288, 19485, 19683, 19882, 20082, 20283, 20485, 20688, 20892, 21097]
Predicted:    
[3, 10, 18, 27, 37, 48, 60, 73, 87, 102, 118, 135, 153, 172, 192, 212, 233, 255, 278, 302, 327, 353, 380, 408, 437, 467, 498, 530, 563, 597, 632, 668, 705, 743, 782, 822, 863, 905, 948, 992, 1037, 1083, 1130, 1178, 1227, 1277, 1328, 1380, 1433, 1487, 1542, 1598, 1655, 1713, 1772, 1832, 1893, 1955, 2018, 2082, 2147, 2213, 2280, 2348, 2417, 2487, 2558, 2630, 2703, 2777, 2852, 2928, 3005, 3083, 3162, 3242, 3323, 3405, 3488, 3572, 3657, 3743, 3830, 3918, 4007, 4097, 4188, 4280, 4373, 4467, 4562, 4658, 4755, 4853, 4952, 5052, 5153, 5255, 5358, 5462, 5567, 5673, 5780, 5888, 5997, 6107, 6218, 6330, 6443, 6557, 6672, 6788, 6905, 7023, 7142, 7262, 7383, 7505, 7628, 7752, 7877, 8003, 8130, 8258, 8387, 8517, 8648, 8780, 8913, 9047, 9182, 9318, 9455, 9593, 9732, 9872, 10013, 10155, 10298, 10442, 10587, 10733, 10880, 11028, 11177, 11327, 11478, 11630, 11783, 11937, 12092, 12248, 12405, 12563, 12722, 12882, 13043, 13205, 13368, 13532, 13697, 13863, 14030, 14198, 14367, 14537, 14708, 14880, 15053, 15227, 15402, 15578, 15755, 15933, 16112, 16292, 16473, 16655, 16838, 17022, 17207, 17393, 17580, 17768, 17957, 18147, 18338, 18530, 18723, 18917, 19112, 19308, 19505, 19703, 19902, 20102, 20303, 20505, 20708, 20912]
len(predicted_full) = 200, len(input_sequence + seq_pred) = 200
is_manual_check: False
