test results being evaluated: data/test_linrec15.tsv
csv file used: ../linear_database_newbl.csv
The sequence ID inspected: A052537
csv results file used: ../linear_database_newbl.csv
Results we are looking at now:
('Could you give me a recursive equation in a form of a Python code for the following number sequence: 1,0,0,2,2,2,6,10,14,26,46,74,126,218,366', 'Certainly, the Python code is the following: lambda a_n: a_n[-3] + a_n[-1] - -4')

Experiment type: Evaluation of the results of llms.
Ground truth: 
[1, 0, 0, 2, 2, 2, 6, 10, 14, 26, 46, 74, 126, 218, 366, 618, 1054, 1786, 3022, 5130, 8702, 14746, 25006, 42410, 71902, 121914, 206734, 350538, 594366, 1007834, 1708910, 2897642, 4913310, 8331130, 14126414, 23953034, 40615294, 68868122, 116774190, 198004778, 335741022, 569289402, 965298958, 1636781002, 2775359806, 4705957722, 7979519726, 13530239338, 22942154782, 38901194234, 65961672910, 111845982474, 189648370942, 321571716762, 545263681710, 924560423594, 1567703857118, 2658231220538, 4507352067726, 7642759781962, 12959222223038, 21973926358490, 37259445922414, 63177890368490, 107125743085470, 181644634930298, 308000415667278, 522251901838218, 885541171698814, 1501542003033370, 2546045806709806, 4317128150107434, 7320212156174174, 12412303769593786, 21046560069808654, 35686984382157002, 60511591921344574, 102604712060961882, 173978680825275886, 295001864667965034, 500211288789888798, 848168650440440570, 1438172379776370638, 2438594957356148234, 4134932258237029374, 7011277017789770650, 11888466932502067118, 20158331448976125866, 34180885484555667166, 57957819349559801402, 98274482247512053134, 166636253216623387466, 282551891915742990270, 479100856410767096538, 812373362844013871470, 1377477146675499852010, 2335678859497034045086, 3960425585185061788026, 6715379878536061492046, 11386737597530129582218, 19307588767900253158270, 32738348524972376142362, 55511823720032635306798, 94127001255833141623338, 159603698305777893908062, 270627345745843164521658, 458881348257509447768334, 778088744869065235584458, 1319343436360751564627774, 2237106132875770460164442, 3793283622613900931333358, 6431970495335404060588906, 10906182761086944980917790, 18492750006314746843584506, 31356690996985554964762318, 53169056519159444926597898, 90154556531788938613766910, 152867938525760048543291546, 259206051564078938396487342, 439515164627656815624021162, 745251041679176912710604254, 1263663144807334789503578938, 2142693474062648420751621262, 3633195557421002246172829770, 6160521847035671825179987646, 10445908795160968666683230170, 17712299910002973159028889710, 30033343604074316809388865002, 50925161194396254142755325342, 86349761014402200460813104762, 146416448222550834079590834766, 248266770611343342365101485450, 420966292640147743286727694974, 713799189085249411445909364506, 1210332730307936096176112335406, 2052265315588231582749567725354, 3479863693758730405641386454366, 5900529154374602597993611125178, 10005059785551065763492746575886, 16964787173068526574775519484618, 28765845481817731770762741734974, 48775965052919863297748234886746, 82705539399056916447299273855982, 140237230362692379988824757325930, 237789160468532106584321227099422, 403200239266645939478919774811386, 683674699992030699456569289463246, 1159253020929094912625211743662090, 1965653499462386791583051293284862, 3333002899446448190496189872211354, 5651508941304638015746613359535534, 9582815940229411598912715946105258, 16248821739122307979905095690527966, 27551839621731584011398322409599034, 46717471502190407209223754301809550, 79215114980435023169033945682865482, 134318794223898191191830590502063550, 227753737228279005610278099105682650, 386183967189149051948345990471413614, 654821555636945434332007171475540714, 1110329030093503445552563369686906014, 1882696964471801549449255350629733242, 3192340075745692418113269693580814670, 5412998135932699309218396432954626698, 9178392064876302408116907134214093182, 15563072216367687244343446521375722522, 26389068488233085862780239387284975918, 44745852617985690679014053655713162282, 75871997050721065167700946698464607326, 128650134027187236893261425473034559162, 218141839263158618251289532784460883726, 369885833364600748586691426181390098378, 627186101418975222373214277127459216702, 1063469779945292458875793342696380984154, 1803241446674493956049176195059161180910, 3057613649512444400795604749314079614314, 5184553209403029318547191434706841582622, 8791036102752017230645543824825163944442, 14906263401776906032236753323453323173070, 25275369820582964669331136192867006338314, 42857442026086999130622223842517334227198, 72669968829640811195095730489423980573338, 123220708470806740533758002875157993249966, 208935592522980738795002450560192661704362, 354275530182262361185193911539040622851038, 600716947123875842252709917289356609350970, 1018588132169837319842714818409741932759694, 1727139192534362042213102641487823178461770, 2928573086782113726718522476066536397163710, 4965749351121788366403952112886020262683098, 8420027736190512450830157395861666619606638, 14277173909754739904267202347994739413934058, 24208672611998316637075106573766779939300254, 41048728084379341538735421365490113178513530, 69603075903888821347269826061479592006381646, 118020421127885454621420039209013151884982154, 200117877296644137698890881939993378242009214, 339324029104421780393430534062952562254772506, 575364871360192689636270612480978866024736814, 975600625953480965034052376360965622508755242]
Predicted:    
[1, 0, 0, 2, 2, 2, 6, 10, 14, 26, 46, 74, 126, 218, 366, 496, 718, 1088, 1588, 2310, 3402, 4994, 7308, 10714, 15712, 23024, 33742, 49458, 72486, 106232, 155694, 228184, 334420, 490118, 718306, 1052730, 1542852, 2261162, 3313896, 4856752, 7117918, 10431818, 15288574, 22406496, 32838318, 48126896, 70533396, 103371718, 151498618, 222032018, 325403740, 476902362, 698934384, 1024338128, 1501240494, 2200174882, 3224513014, 4725753512, 6925928398, 10150441416, 14876194932, 21802123334, 31952564754, 46828759690, 68630883028, 100583447786, 147412207480, 216043090512, 316626538302, 464038745786, 680081836302, 996708374608, 1460747120398, 2140828956704, 3137537331316, 4598284451718, 6739113408426, 9876650739746, 14474935191468, 21214048599898, 31090699339648, 45565634531120, 66779683131022, 97870382470674, 143436017001798, 210215700132824, 308086082603502, 451522099605304, 661737799738132, 969823882341638, 1421345981946946, 2083083781685082, 3052907664026724, 4474253645973674, 6557337427658760, 9610245091685488, 14084498737659166, 20641836165317930, 30252081257003422, 44336579994662592, 64978416159980526, 95230497416983952, 139567077411646548, 204545493571627078, 299775990988611034, 439343068400257586, 643888561971884668, 943664552960495706, 1383007621360753296, 2026896183332637968, 2970560736293133678, 4353568357653886978, 6380464540986524950, 9351025277279658632, 13704593634933545614, 20085058175920070568, 29436083453199729204, 43140677088133274822, 63225735264053345394, 92661818717253074602, 135802495805386349428, 199028231069439694826, 291690049786692769432, 427492545592079118864, 626520776661518813694, 918210826448211583130, 1345703372040290701998, 1972224148701809515696, 2890434975150021098830, 4236138347190311800832, 6208362495892121316532, 9098797471042142415366, 13334935818232454216202, 19543298314124575532738, 28642095785166717948108, 41977031603399172164314, 61520329917523747697056, 90162425702690465645168, 132139457306089637809486, 193659787223613385506546, 283822212926303851151718, 415961670232393488961208, 609621457456006874467758, 893443670382310725619480, 1309405340614704214580692, 1919026798070711089048454, 2812470468453021814667938, 4121875809067726029248634, 6040902607138437118297092, 8853373075591458932965034, 12975248884659184962213672, 19016151491797622080510768, 27869524567389081013475806, 40844773452048265975689482, 59860924943845888056200254, 87730449511234969069676064, 128575222963283235045365550, 188436147907129123101565808, 276166597418364092171241876, 404741820381647327216607430, 593177968288776450318173242, 869344565707140542489415122, 1274086386088787869706022556, 1867264354377564320024195802, 2736608920084704862513610928, 4010695306173492732219633488, 5877959660551057052243829294, 8614568580635761914757440226, 12625263886809254646977073718, 18503223547360311699220903016, 27117792127996073613978343246, 39743056014805328260955416968, 58246279562165639960176319988, 85364071690161713574154663238, 125107127704967041835110080210, 183353407267132681795286400202, 268717478957294395369441063444, 393824606662261437204551143658, 577178013929394118999837543864, 845895492886688514369278607312, 1239720099548949951573829750974, 1816898113478344070573667294842, 2662793606365032584942945902158, 3902513705913982536516775653136, 5719411819392326607090442947982, 8382205425757359192033388850144, 12284719131671341728550164503284, 18004130951063668335640607451270, 26386336376821027527673996301418, 38671055508492369256224160804706, 56675186459556037591864768255980, 83061522836377065119538764557402, 121732578344869434375762925362112, 178407764804425471967627693618096, 261469287640802537087166458175502, 383201865985671971462929383537618, 561609630790097443430557077155718, 823078918430899980517723535331224, 1206280784416571951980652918868846, 1767890415206669395411209996024568]
len(predicted_full) = 200, len(input_sequence + seq_pred) = 200
is_manual_check: False
