test results being evaluated: data/test_linrec15.tsv
csv file used: ../linear_database_newbl.csv
The sequence ID inspected: A052939
csv results file used: ../linear_database_newbl.csv
Results we are looking at now:
('Could you give me a recursive equation in a form of a Python code for the following number sequence: 1,3,9,28,87,271,844,2629,8189,25508,79455,247495,770924,2401357,7480005', 'Certainly, the Python code is the following: lambda a_n: 9 + -4 // 2 * ( -9 ) * a_n[-1] // 5')

Experiment type: Evaluation of the results of llms.
Ground truth: 
[1, 3, 9, 28, 87, 271, 844, 2629, 8189, 25508, 79455, 247495, 770924, 2401357, 7480005, 23299524, 72575863, 226067103, 704178124, 2193449749, 6832393165, 21282272996, 66292312655, 206494424631, 643211040556, 2003542920989, 6240850954261, 19439673702660, 60552786220263, 188616330454927, 587522430179724, 1830078048553573, 5700523914930589, 17756604932985892, 55310182616781119, 172286104953468071, 536655287611213548, 1671631602553546477, 5206977885364916837, 16219254683425869892, 50521478730535433559, 157369735104302336895, 490192174676590704460, 1526903301673003583157, 4756162609486996780141, 14815006780780812514660, 46147376348483427157807, 143744810607257100427799, 447751794608693103411884, 1394705441736369556347837, 4344378498603287571599797, 13532337348328846064323460, 42151979660117086651874503, 131299519331473530876747375, 408985862957879987153469708, 1273953148884879319033407493, 3968246270949570882500197437, 12360720235817831992227060388, 38502500680633308221114563615, 119931729735818614890570356359, 373576249416453488908371511916, 1163655476623912465173455764877, 3624679219816553654647598093829, 11290540637240666451299507022532, 35168990178290728078199207631671, 109548152732479743376601933729887, 341232367101248625305405994776268, 1062907273679644163136421502795349, 3310857882675221627961466635702541, 10313016187502811796410009420350436, 32124091897824368690918651891163151, 100063576115625474613243031822434807, 311688787869695168937827728517766700, 970881755929062244044888913593408605, 3024206903425630951846008405653122901, 9420124890466564761707258673517243908, 29342818062967200748878006599018037415, 91400165272516905104649261659265110351, 284703064099584786539411274229778880652, 886823721445336863225127071150565677477, 2762373897890561566005493964362945692381, 8604539286917851988162786415779844993316, 26802344315753443804043599069401349317375, 83486824438397060268282595695258001560679, 260053739057108920632565813323615664012780, 810043352978216934557892837527302294964269, 2523210149114965603769679134515006545784229, 7859566322208895904601798614425090604291396, 24481822409785219448459289302735673768729879, 76258613253334623042440308253602098818912575, 237538529525371296766576616834691789016884812, 739910557009878074445251580152206118332107253, 2304752974048336274017450740784105946375381421, 7179092420104144302964450568835140379424481892, 22362209120341013034020299286985114847984612591, 69656213833030510856990446948222273030627556823, 216972665779224256999062738993981653181018319276, 675849792930021255786138065356197002877713289469, 2105209616903227002643496041166128115752903074037, 6557533312081253749718500710866618043774385873028, 20426109967286945740226722043053588241320634114183, 63625443980135636965111674757695126536230482067503, 198187375283531349136124744894405731762463308570636, 617335349896155792893032465354805145340979139551045, 1922942537011727453884998791443430914712939763088765, 5989788210364275456275779349896286425954871811676068, 18657636468312242236926271910422679901895596919014879, 58116812541277547259284597498277464302215783042543175, 181028497671416333102228505705462499956633202423292268, 563887032618902062092117570793819604368324196474390221, 1756455970445567424860012023090366384457174225761376581, 5471197948612771670467696628653993757826580468911935428, 17042275751046078312078866767464708449200267239548402423, 53085113260859871756984272884867386336513033736034389535, 165355219636400150242096292164758879943086207509827700172, 515066220667968165859115415844214609267371121786420685205, 1604383655118584904305473993927667935072173505397020976717, 4997506746750922578291344813297700654597719222957828215012, 15566771454035416307461277602132340680330588930697664251343, 48489053798620001692064229631839386825445139004256779015607, 151038919356393576227071276871055099847470567497552344868140, 470472268959729897758355505040740005007195663635518485117341, 1465477618638343266118009332729596341218167280395594242188949, 4564827286161972543658240949487418828966756369827196521947908, 14219014939204801101576021171110372818104045062606146837797991, 44290916866499689316150285797359344600842556996854448550963983, 137962110966379923962710396664213568962698203313515099446794124, 429739219887229859001129433447779305852729076812187453215750373, 1338597936895070122333798125412832797319200319756368561992117277, 4169608808639680378077103016357850559884933629454262940298513956, 12987945923039651538562848307590825865268543054494782476456158399, 40456250703968494749098051688304662561052162153425873245682754599, 126017480417665775029702797339789112428655162255863876332907394284, 392532800110886516761080747092490348116480562812027937291492620653, 1222703379342388335814748935240650831655992526385095941716019747045, 3808607977302719974145921958134864618227147817455588009773737073220, 11863461711028775224730353315460263990104474853127804096454245725399, 36953586351704268976707484034034354925228587324068808415704434755327, 115107004811536142206560961501293599529335941190423053324020075844940, 358547677364255145146929661906994625533027461189082360194856170839349, 1116842864200893039693934979154208766277961150109532517077179718852333, 3478862260343861979815612676367033725308239029136833804778355175706468, 10836334290503968688846913684441320691136623315141869211022532904293039, 33754179403453981966968483771382578266162186674343376403691594450880919, 105141147980178190630121139645854988039006705279898330812540605905522860, 327504954762980616479638075340064901000909055883754630419268346358863421, 1020147653462212076135098398123284534509409499582475469262962456080351285, 3177665619189260463624690990418208528451124144071384376583074502788871556, 9898134601504032234049895218697780317860963820029119338173649271729239111, 30831774116776933013504179850264980413015196604993791452578097405815886319, 96038125713456310347313052788656304500004305346867724942741792483599154956, 299149882054137799587343547778838333277306185005538727604456176313154872965, 931824223642315843082335336424641343505892467153496324850954126611432001213, 2902546301554172708139723451475449754794974975772292252271834971180252566692, 9041163364196558368326818595293313941336205024459295626457546687525879955359, 28162387946859216126955508564506108891791805114843186481942566780535028430343, 87723234601665861332913897385860741107121670417444270567741577086770460113004, 273249765023463683389043563531501704330484406318257406932252204665794648858637, 851147753778338479246133570851353636314991279142530118400613057523084349828229, 2651246557155147398461616481313841131061214902910959220998608223061506778117316, 8258387895196853307852895887729873620837667175238892967531933317376015386462903, 25724114735189030363528037002800754720944233870342577886793182060143384237849567, 80128238986453649601513773933504455521547938980444708185914263051683154543776972, 249592055904156272552363567027854374043912716461198916509472104580440817096254677, 777456177228544406531548401011466068211397620623356301940744212672718837356841869, 2421704109616882192943981222195243667635009700370378405959876216495231020079226340, 7543384394270878440258764933541488323028601288812093686801428652997530263402011535, 23496944937972428700657179220796776500298018325559946862482673750142384135571577207, 73190810988954400156342340151541330488652636864751177462329697470434220629958290476, 227982609116293872289166669808337791320198726342189291875868908855449985498642425565, 710144748461891159622527991134961151448652779240199159364971076536499408854742412757, 2212035232524058550844065962910138584688851790333284415046122743524079770802953082884, 6890285227801479067576392540248701322874810697555673820751601489397838750266316810279, 21462601419004713434328187601386320250415978324519907558570985058644597203892418688207, 66854019019767502268872823418587384904745042090448827666372311178283470820337666709132, 208244088022704262105793872776651072318901483200755042916184715614699332164372785195045, 648661080249870861717598066545767961360617535043674141297784487905092272905671184917853, 2020519290732781842720842425576780186591264004150879811476793556973409209240711006530340, 6293730776402807865668537597722806376496606581094803489895795727595921236299058634118783, 19604389459441463716291259085653663393359848677347941998568611763950988372326544539050983, 61065860573261635329100630003530236183393624604836869862648043905502067934797270238211052, 190214509626420753972256073900798759190547509329668944606721152025265349704120237985446573, 592500610533640969813286333534619186968316455239147819685674276453396140302504895116448805, 1845584620080820392753913814497595847728709625837438663938447893574449634742040382858370884, 5748825451523260640130515629225809211773350314092125922287575653126214345120385567720668311, 17907059753583320373518888035105785109112127657635520791429826300046300389498187295787478207, 55778835472111580975179352105547972843652314035323810968700158766116216244130866689366361164, 173745915266871542018795913093298085216522369135422701852955151292142520431650016228445225077, 541202461765559566284529315315230658274995166126320874944705960042451176760084540783127079981, 1685795629619327078922025154827894114354203239443737704749672713887263618223641905199093742692, 5251097520089797719013012953612316830904560146186688585487813799119956990567710223923517857903, 16356683266357601103392005385034383290517893345751161711323702191162232236406603495403393156439, 50949556059923946871344978799059678473749833704552698309959574944832126463340236899735509841836, 158703156405949846279400915874988785049958274167035879470226799427418697645291893746762886966141, 494345658745058283502763715653957267042588869514158013297992568844763754926402711149217384427381, 1539841020521276803045002105238741229230225215300404522744285356072045709497819553394944020564612, 4796462407496989000078968199620203384633347967081299822590395038206063488129277583840523672188935, 14940536925522127236276379272791436849045091377515987963919485333000708664032846882618080268276655, 46538391143020817102818101807517031473308171669028454668860280325064098061232179124904876435889676, 144962785539590600544572748296102124499702910450438752325319536231780875871470829089651662231567813]
Predicted:    
[1, 3, 9, 28, 87, 271, 844, 2629, 8189, 25508, 79455, 247495, 770924, 2401357, 7480005, 26928027, 96940906, 348987270, 1256354181, 4522875060, 16282350225, 58616460819, 211019258957, 759669332254, 2734809596123, 9845314546051, 35443132365792, 127595276516860, 459342995460705, 1653634783658547, 5953085221170778, 21431106796214809, 77151984466373321, 277747144078943964, 999889718684198279, 3599602987263113813, 12958570754147209735, 46650854714929955055, 167943076973747838207, 604595077105492217554, 2176542277579771983203, 7835552199287179139539, 28207987917433844902349, 101548756502761841648465, 365575523409942629934483, 1316071884275793467764147, 4737858783392856483950938, 17056291620214283342223385, 61402649832771420032004195, 221049539397977112115215111, 795778341832717603614774408, 2864802030597783373013187877, 10313287310152020142847476366, 37127834316547272514250914926, 133660203539570181051303293742, 481176732742452651784691857480, 1732236237872829546424890686937, 6236050456342186367129606472982, 22449781642831870921666583302744, 80819213914194735317999699889887, 290949170091101047144798919603602, 1047417012327963769721276110572976, 3770701244380669570996593998062722, 13574524479770410455587738393025808, 48868288127173477640115858214892917, 175925837257824519504417089573614510, 633333014128168270215901522465012245, 2279998850861405772777245480874044091, 8207995863101060781998083731146558736, 29548785107163818815193101432127611458, 106375626385789747734695165155659401257, 382952254988843091844902594560373844534, 1378628117959835130641649340417345840331, 4963061224655406470309937625502445025200, 17867020408759463293115775451808802090729, 64321273471534067855216791626511687526633, 231556584497522644278780449855442075095887, 833603704191081519403609619479591470345202, 3000973335087893469852994630126529293242736, 10803504006316416491470780668455505455673858, 38892614422739099369294810406439819640425897, 140013411921860757729461317463183350705533238, 504048282918698727826060742867460062539919665, 1814573818507315420173818674322856225143710803, 6532465746626335512625747227562282410517358899, 23516876687854807845452690019224216677862492045, 84660756076277308243629684069207180040304971371, 304778721874598309677066862649145848145097896944, 1097203398748553914837440705536925053322352429007, 3949932235494794093414786539932930191960468744434, 14219756047781258736293231543758548691057687479971, 51191121772012531450655633557530775287807674927904, 184288038379245113222360280807110791036107629740463, 663436938165282407600497010905598847729987467065675, 2388372977395016667361789239260155851827954881436439, 8598142718622060002502441261336561066580637573171189, 30953313787039416009008788540811619839690295263416289, 111431929633341897632431638746921831422885062948298649, 401154946680030831476753899488918593122386226613875145, 1444157808048110993316314038160106935240590415809950531, 5198968108973199575938730537376384966866125496915821920, 18716285192303518473379429934554985880718051788896958921, 67378626692292666504165947764397949170584986440029052124, 242563056092253599414997411951832617014105951184104587655, 873227001932112957893990683026597421250781424262776515567, 3143617206955606648418366458895750716502813127345995456050, 11317021945040183934306119252024702579410127258445583641789, 40741279002144662163502029307288929285876458130404101110449, 146668604407720783788607305506240145429155249269454763997625, 528006975867794821638986299822464523544958897370037150391459, 1900825113124061357900350679360872284761852030532133741409261, 6842970407246620888441262445699140225142667309915681469073348, 24634693466087835198388544804516904810513602315696453288664061, 88684896477916206714198761296260857317848968336507231839190628, 319265627320498344171115540666539086344256286011426034621086269, 1149356258353794039016015946399540710839322629641133724635910577, 4137682530073658540457657407038346559021561466708081408689278086, 14895657108265170745647566665338047612477621280149093071281401118, 53624365589754614684331239995216971404919436608536735056613044033, 193047716123116612863592463982781097057709971790732246203806958527, 694971778043219806308932870338011949407755898446636086333705050706, 2501898400955591302712158333216843017867921234407889910801338182550, 9006834243440128689763769999580634864324516443868403678884817457189, 32424603276384463283149571998490285511568259197926253243985342845889, 116728571794984067819338459194565027841645733112534511678347234245209, 420222858461942644149618453100434100229924639205124242042050043282761, 1512802290462993518938626431161562760827728701138447271351380155817948, 5446088245666776668179055152181625938979823324098410176864968560944621, 19605917684400396005444598547853853380327363966754276636713886819400644, 70581303663841425619600554772273872169178510280315395892169992549842327, 254092693189829132230561997180185939809042637009135425211811973179432386, 914733695483384876030023189848669383312553493232887530762523103445956598, 3293041303740185553708083483455209779925192575638395110745083172405443761, 11854948693464667993349100540438755207730693272298222398682299420659597548, 42677815296472804776056761945579518747830495780273600635256277914374551181, 153640135067302097193804343004086267492189784808984962286922600491748384260, 553104486242287549897695634814710562971883225312345864232921361770294183345, 1991176150472235179631704285332958026698779611124445111238516902373059060051, 7168234141700046646674135427198648896115606600048002400458660848543012616192, 25805642910120167928026887537915136026016183760172808641651179054754845418300, 92900314476432604540896795136494489693658261536622111109944244597117443505889, 334441132115157376347228462491380162897169741531839599995799280549622796621209, 1203988075614566554850022464968968586429811069514622559984877409978642067836361, 4334357072212439597460080873888286911147319850252641215945558675923111444210908, 15603685459964782550856291145997832880130351460909508377404011233323201199159277, 56173267655873217183082648125592198368469265259274230158654440439963524316973406, 202223763561143581859097533252131914126489354933387228571155985583868687541104270, 728005548820116894692751119707674890855361677760194022856161548101927275147975381, 2620819975752420820893904030947629607079302039936698482282181573166938190532711380, 9434951912708714955218054511411466585485487343772114536215853663400977485917760977, 33965826885751373838784996241081279707747754437579612330377073188243518949303939526, 122276976788704945819625986467892606947891915975286604389357463477676668217494182302, 440197116439337804950653551284413385012410897511031775801686868519636005582979056296, 1584709619181616097822352784623888186044679231039714392886072726670689620098724602674, 5704954629053817952160470024645997469760845231742971814389861816014482632355408569635, 20537836664593744627777692088725590891139042834274698531803502537652137476479470850695, 73936211992537480659999691519412127208100554203388914714492609135547694915326095062511, 266170363173134930375998889469883657949161995132200092972173392887971701695173942225048, 958213307423285749353596002091581168616983182475920334699824214396698126102626192010181, 3449567906723828697672945607529692207021139456913313204919367171828113253969454291236660, 12418444464205783311622604187106891945276102044887927537709721818581207714290035448451985, 44706400071140819921841375073584811002993967361596539135754998546892347771444127614427155, 160943040256106951718628950264905319610778282501747540888717994768812451977198859411937767, 579394944921985026187064220953659150598801817006291147199384781167724827117915893882975970, 2085821801719146094273431195433172942155686541222648129917785212203809377624497217978713501, 7508958486188925939384352303559422591760471548401533267704026763933713759448189984723368612, 27032250550280133381783668292813921330337697574245519763734496350161369534013483945004127012, 97316101981008480174421205854130116789215711267283871149444186860580930322448542202014857252, 350337967131630528627916341074868420441176560562221936137999072698091349160814751927253486116, 1261216681673869903060498827869526313588235618023998970096796661713128856978933106938112550026, 4540380054025931651017795780330294728917648224886396292348467982167263885124159184977205180102, 16345368194493353943664064809189061024103533609591026652454484735802149986446973065917938648376, 58843325500176074197190633313080619686772720994527695948836145048887739951209103037304579134162, 211835971800633867109886279927090230872381795580299705415810122175995863824352770934296484882992, 762609498482281921595590607737524831140574464089078939496916439833585109767669975363467345578780, 2745394194536214917744126187855089392106068070720684182188899183400906395163611911308482444083617, 9883419100330373703878854276278321811581845054594463055880037060243263022589002880710536798701030, 35580308761189345333963875394601958521694642196540067001168133416875746881320410370557932475323717, 128089111540281643202269951420567050678100711907544241204205280300752688772753477334008556911165390, 461120801545013915528171825114041382441162562867159268335139009082709679581912518402430804880195413, 1660034885562050095901418570410548976788185226321773366006500432697754846494885066248750897568703495, 5976125588023380345245106853477976316437466814758384117623401557711917447381586238495503231247332591, 21514052116884169242882384672520714739174880533130182823444245607762902810573710458583811632490397336, 77450587620783009274376584821074573061029569919268658164399284187946450118065357650901721876965430418, 278822115434818833387755705355868463019706451709367169391837423076607220425035287543246198757075549513, 1003759615565347800195920539281126466870943226153721809810614723075785993530127035155686315525471978255, 3613534616035252080705313941412055280735395614153398515318213003072829576708457326560470735891699121727, 13008724617726907490539130189083399010647424210952234655145566811062186476150446375617694649210116838226, 46831408623816866965940868680700236438330727159428044758524040519823871314141606952223700737156420617622, 168593071045740721077387127250520851177990617773940961130686545871365936730909785028005322653763114223448, 606935055764666595878593658101875064240766223986187460070471565136917372231275226100819161553547211204421, 2184966200752799745162937169166750231266758406350274856253697634492902540032590813962948981592769960335924, 7865878322710079082586573809000300832560330262860989482513311484174449144117326930266616333733971857209335, 28317161961756284697311665712401082997217188946299562137047921343028016918822376948959818801442298685953615, 101941783062322624910321996564643898789981880206678423693372516834900860907760557016255347685192275269433023, 366990419024361449677159187632718035643934768744042325296141060605643099267938005258519251666692190969958891, 1321165508487701218837773075477784928318165167478552371066107818180315157364576818930669306000091887491852016, 4756195830555724387815983071720025741945394602922788535837988145449134566512476548150409501600330794970667266, 17122304990000607796137539058192092671003420570522038729016757323616884439444915573341474205761190861894402166, 61640297964002188066095140609491533615612314053879339424460326365020783982001696064029307140740287102819847806]
len(predicted_full) = 200, len(input_sequence + seq_pred) = 200
is_manual_check: False
