test results being evaluated: data/test_linrec15.tsv
csv file used: ../linear_database_newbl.csv
The sequence ID inspected: A056489
csv results file used: ../linear_database_newbl.csv
Results we are looking at now:
('Could you give me a recursive equation in a form of a Python code for the following number sequence: 0,0,0,3,6,21,36,93,150,345,540,1173,1806,3801,5796', 'Certainly, the Python code is the following: lambda a_n: a_n[-2] * 3 + n * 6')

Experiment type: Evaluation of the results of llms.
Ground truth: 
[0, 0, 0, 3, 6, 21, 36, 93, 150, 345, 540, 1173, 1806, 3801, 5796, 11973, 18150, 37065, 55980, 113493, 171006, 345081, 519156, 1044453, 1569750, 3151785, 4733820, 9492213, 14250606, 28550361, 42850116, 85798533, 128746950, 257690505, 386634060, 773661333, 1160688606, 2322163641, 3483638676, 6968850213, 10454061750, 20911269225, 31368476700, 62743244853, 94118013006, 188248608921, 282379204836, 564783575493, 847187946150, 1694426223945, 2541664501740, 5083429666773, 7625194831806, 15250590990201, 22875987148596, 45752376950373, 68628766752150, 137258338810665, 205887910869180, 411777432351093, 617666953833006, 1235337128891481, 1853007303949956, 3706021050350853, 5559034796751750, 11118082478405385, 16677130160059020, 33354286089921813, 50031442019784606, 100062935579176761, 150094429138568916, 300188961356352933, 450283493574136950, 900567193306704105, 1350850893039271260, 2701702198395402933, 4052553503751534606, 8105107832136790041, 12157662160522045476, 24315325970311532613, 36472989780101019750, 72945982858736922825, 109418975937372825900, 218837958471815418453, 328256941006258011006, 656513895206655555321, 984770849407053099636, 1969541725202385265893, 2954312600997717432150, 5908625254771992997545, 8862937908546268562940, 17725875922645653392373, 26588813936745038221806, 53177628084596308976601, 79766442232447579731396, 159532884887107624528773, 239299327541767669326150, 478598655927960268784265, 717897984314152868242380, 1435795970317155596748693, 2153693956320158325255006, 4307387916018016371037881, 6461081875715874416820756, 12922163758187148274697253, 19383245640658422132573750, 38766491294827643147258985, 58149736948996864161944220, 116299473925015326088111413, 174449210901033788014278606, 348898421856110771557003161, 523347632811187755099727716, 1046695265730461901256347333, 1570042898649736047412966950, 3140085797515644876939717705, 4710128696381553706466468460, 9420257393195452977160504533, 14130386090009352247854540606, 28260772180883395624164216441, 42391158271757439000473892276, 84782316545244260257858055013, 127173474818731081515242217750, 254346949640920927544304976425, 381520424463110773573367735100, 763040848933139076174376552053, 1144561273403167378775385369006, 2289122546820169815606052901721, 3433683820237172252436720434436, 6867367640502014620984005196293, 10301051460766856989531289958150, 20602102921589054211283708571145, 30903154382411251433036127184140, 61806308764933183330514511677973, 92709463147455115227992896171806, 185418926295131591384870306963001, 278128389442808067541747717754196, 556256778886058856941264464747173, 834385168329309646340781211740150, 1668770336659504736397100481957865, 2503155504989699826453419752175580, 5006311009981170540337915621306293, 7509466514972641254222411490437006, 15018933029948824283306975214784281, 22528399544925007312391538939131556, 45056799089857098174507382346083653, 67585198634789189036623225753035750, 135170397269592545172695060441712585, 202755595904395901308766895130389420, 405511191808820136816431008132061013, 608266787713244372324095121133732606, 1216533575426545413045984678010029561, 1824800363139846453767874234886326516, 3649600726279806244331337341257781733, 5474401089419766034894800447629236950, 10948802178839758743380778638228731305, 16423203268259751451866756828828225660, 32846406536519956250915869143596966133, 49269609804780161049964981458365706606, 98539219609561228794294673888612442841, 147808829414342296538624366318859179076, 295617658828686406465978154581480417413, 443426488243030516393331942844101655750, 886852976486064659564122729575727430025, 1330279464729098802734913516307353204300, 2660558929458204859024744720389754645653, 3990838394187310915314575924472156087006, 7981676788374636337738987224494408648121, 11972515182561961760163398524516661209236, 23945030365123952534546467800133515366693, 35917545547685943308929537075750369524150, 71835091095371944646298415653701124944745, 107752636643057945983667294231651880365340, 215505273286116008024213271467704532523573, 323257909929174070064759248703757184681806, 646515819858348372243275863416315912949401, 969773729787522674421792478128874641216996, 1939547459575045813071099688275352369605573, 2909321189362568951720406898421830097994150, 5818642378725138831895843260878866370331465, 8727963568087708712071279623335902642668780, 17455927136175419281052618174742217634023893, 26183890704263129850033956726148532625379006, 52367781408526263413888031308437889948130681, 78551672112789396977742105890727247270882356, 157103344225578801383124447493736143936510053, 235655016338368205788506789096745040602137750, 471310032676736426432294049618053379993766185, 706965049015104647076081310139361719385394620, 1413930098030209323862723563127850036349770613, 2120895147045314000649365816116338353314146606, 4241790294090628060719853517930929901786255961, 6362685441135942120790341219745521450258365316, 12725370882271884360422926210887549290832656133, 19088056323407826600055511202029577131406946950, 38176112646815653437795509946852167043445744905, 57264168970223480275535508691674756955484542860, 114528337940446961026439992468935539472232787733, 171792506910670441777344476246196321988981032606, 343585013821340884505426902663564695100489469241, 515377520732011327233509329080933068211997905876, 1030755041464022656368494558504210238669050619813]
Predicted:    
[0, 0, 0, 3, 6, 21, 36, 93, 150, 345, 540, 1173, 1806, 3801, 5796, 11493, 17484, 34581, 52560, 103857, 157800, 311697, 473532, 935229, 1420740, 2805837, 4262376, 8417673, 12787296, 25253193, 38362068, 75759765, 115086396, 227279493, 345259392, 681838689, 1035778392, 2045516289, 3107335404, 6136549101, 9322006452, 18409647549, 27966019608, 55228942905, 83898059088, 165686828985, 251694177540, 497060487237, 755082532908, 1491181462005, 2265247599024, 4473544386321, 6795742797384, 13420633159281, 20387228392476, 40261899478173, 61161685177764, 120785698434861, 183485055533640, 362357095304937, 550455166601280, 1087071285915177, 1651365499804212, 3261213857745909, 4954096499413020, 9783641573238117, 14862289498239456, 29350924719714753, 44586868494718776, 88052774159144673, 133760605484156748, 264158322477434445, 401281816452470676, 792474967432303773, 1203845449357412472, 2377424902296911769, 3611536348072237872, 7132274706890735769, 10834609044216714084, 21396824120672207781, 32503827132650142732, 64190472362016623829, 97511481397950428688, 192571417086049871985, 292534444193851286568, 577714251258149616465, 877603332581553860220, 1733142753774448849917, 2632809997744661581188, 5199428261323346550285, 7898429993233984744104, 15598284783970039651401, 23695289979701954232864, 46794854351910118954761, 71085869939105862699156, 140384563055730356864853, 213257609817317588098044, 421153689167191070595141, 639772829451952764294720, 1263461067501573211786017, 1919318488355858292884760, 3790383202504719635358657, 5757955465067574878654892, 11371149607514158906076589, 17273866395202724635965300, 34113448822542476718230397, 51821599185608173907896536, 102340346467627430154691833, 155464797556824521723690256, 307021039402882290464076153, 466394392670473565171071428, 921063118208646871392229125, 1399183178011420695513214956, 2763189354625940614176688053, 4197549534034262086539645552, 8289568063877821842530064849, 12592648602102786259618937352, 24868704191633465527590195249, 37777945806308358778856812764, 74606112574900396582770586461, 113333837418925076336570439012, 223818337724701189748311760109, 340001512256775229009711317768, 671455013174103569244935281065, 1020004536770325687029133954048, 2014365039522310707734805843945, 3060013610310977061087401862900, 6043095118566932123204417532597, 9180040830932931183262205589468, 18129285355700796369613252598565, 27540122492798793549786616769184, 54387856067102389108839757796481, 82620367478396380649359850308344, 163163568201307167326519273390241, 247861102435189141948079550925836, 489490704603921501979557820171533, 743583307305567425844238652778324, 1468472113811764505938673460515421, 2230749921916702277532715958335800, 4405416341435293517816020381547097, 6692249765750106832598147875008240, 13216249024305880553448061144642137, 20076749297250320497794443625025572, 39648747072917641660344183433927269, 60230247891750961493383330875077580, 118946241218752924981032550301782677, 180690743675252884480149992625233616, 356838723656258774943097650905348913, 542072231025758653440449977875701736, 1070516170968776324829292952716047633, 1626216693077275960321349933627106108, 3211548512906328974487878858148143805, 4878650079231827880964049800881319236, 9634645538718986923463636574444432333, 14635950237695483642892149402643958632, 28903936616156960770390909723333297929, 43907850713086450928676448207931876832, 86711809848470882311172729169999894729, 131723552139259352786029344623795631444, 260135429545412646933518187509999685141, 395170656417778058358088033871386895292, 780406288636237940800554562529999056389, 1185511969253334175074264101614160686848, 2341218865908713822401663687589997170145, 3556535907760002525222792304842482061528, 7023656597726141467204991062769991511425, 10669607723280007575668376914527446185580, 21070969793178424401614973188309974535277, 32008823169840022727005130743582338557748, 63212909379535273204844919564929923606845, 96026469509520068181015392230747015674264, 189638728138605819614534758694789770821561, 288079408528560204543046176692241047023824, 568916184415817458843604276084369312465721, 864238225585680613629138530076723141072516, 1706748553247452376530812828253107937398213, 2592714676757041840887415590230169423218604, 5120245659742357129592438484759323812195701, 7778144030271125522662246770690508269656880, 15360736979227071388777315454277971436588177, 23334432090813376567986740312071524808971720, 46082210937681214166331946362833914309765617, 70003296272440129703960220936214574426916252, 138246632813043642498995839088501742929297949, 210009888817320389111880662808643723280749860, 414739898439130927496987517265505228787894957, 630029666451961167335641988425931169842250696, 1244219695317392782490962551796515686363685993, 1890088999355883502006925965277793509526753216, 3732659085952178347472887655389547059091059113, 5670266998067650506020777895833380528580260788, 11197977257856535042418662966168641177273178485, 17010800994202951518062333687500141585740783516, 33593931773569605127255988898505923531819536613, 51032402982608854554187001062500424757222351712, 100781795320708815381767966695517770595458611009, 153097208947826563662561003187501274271667056312, 302345385962126446145303900086553311786375834209, 459291626843479690987683009562503822815001170124, 907036157886379338435911700259659935359127503821]
len(predicted_full) = 200, len(input_sequence + seq_pred) = 200
is_manual_check: False
