test results being evaluated: data/test_linrec15.tsv
csv file used: ../linear_database_newbl.csv
The sequence ID inspected: A061532
csv results file used: ../linear_database_newbl.csv
Results we are looking at now:
('Could you give me a recursive equation in a form of a Python code for the following number sequence: 0,3,45,334,1594,5713,16807,42799,97612,204082,397697,731261,1280582,2151296,3486926', 'Certainly, the Python code is the following: lambda a_n: abs( n - a_n[-1] * -7 - -5 * -7 * n )')

Experiment type: Evaluation of the results of llms.
Ground truth: 
[0, 3, 45, 334, 1594, 5713, 16807, 42799, 97612, 204082, 397697, 731261, 1280582, 2151296, 3486926, 5478275, 8374259, 12494286, 18242280, 26122449, 36756909, 50905263, 69486234, 93601458, 124561543, 163914493, 213476596, 275365888, 352038292, 446326531, 561481921, 701219150, 869764142, 1071905105, 1313046875, 1599268655, 1937385248, 2335011890, 2800632789, 3343673469, 3974577018, 4704884352, 5547318594, 6515873667, 7625907207, 8894237902, 10339247356, 11980986577, 13841287201, 15943877551, 18314503630, 20981055154, 23973696731, 27325004285, 31070106824, 35246833664, 39895867208, 45060901379, 50788805813, 57129795918, 64137608898, 71869685841, 80387359983, 89756051247, 100045467156, 111329810226, 123687991945, 137203853437, 151966392910, 168070000000, 185614697110, 204706387843, 225457112635, 247985311694, 272416095344, 298881521873, 327520882997, 358480997039, 391916509922, 427990204082, 466873315407, 508745858301, 553796958972, 602225197056, 654238955676, 710056780035, 769907744649, 834031829326, 902680303990, 976116122449, 1054614325219, 1138462451503, 1227960960424, 1323423661618, 1425178155293, 1533566281853, 1648944581186, 1771684761728, 1902174179402, 2040816326531, 2188031330831, 2344256464590, 2509946664132, 2685575059665, 2871633515625, 3068633181615, 3277105054038, 3497600548530, 3730692083299, 3976973673469, 4237061536528, 4511594708992, 4801235674384, 5106671002627, 5428612000957, 5767795376462, 6124983910346, 6500967144017, 6896562077111, 7312613877551, 7749996603740, 8209613938994, 8692399938321, 9199319787645, 9731370575574, 10289582077824, 10875017554398, 11488774559619, 12131985765123, 12805819795918, 13511482079608, 14250215708881, 15023302317373, 15832062969007, 16677859060906, 17562093239986, 18486210333335, 19451698292477, 20460089151620, 21512960000000, 22611933968420, 23758681230083, 24954920015825, 26202417643854, 27502991564094, 28858510417233, 30270895108587, 31742119896879, 33274213498032, 34869260204082, 36529401017317, 38256834799741, 40053819437962, 41922673023616, 43865775049426, 45885567620995, 47984556684439, 50165313269966, 52430474751500, 54782746122449, 57224901287729, 59759784372143, 62390311045214, 65119469862578, 67950323624043, 70886010748413, 73929746665176, 77084825223168, 80354620116312, 83742586326531, 87252261583941, 90887267844430, 94651312784722, 98548191315025, 102581787109375, 106756074153775, 111075118312228, 115543078910770, 120164210339609, 124942863673469, 129883488310238, 134990633628032, 140268950660774, 145723193792387, 151358222469707, 157179002934222, 163190609972736, 169398228687057, 175807156282821, 182422803877551, 189250698328050, 196296484077234, 203565925020511, 211064906391805, 218799436669324, 226775649501184, 234999805650988, 243478294963459, 252217638350233, 261224489795918]
Predicted:    
[0, 3, 45, 334, 1594, 5713, 16807, 42799, 97612, 204082, 397697, 731261, 1280582, 2151296, 3486926, 24407972, 170855260, 1195986242, 8371903082, 58603320928, 410223245816, 2871562719998, 20100939039238, 140706573273884, 984946012916372, 6894622090413754, 48262354632895394, 337836482430266840, 2364855377011866928, 16553987639083067510, 115877913473581471550, 811145394315070299796, 5678017760205492097484, 39746124321438444681266, 278222870250069112767706, 1947560091750483789372752, 13632920642253386525608040, 95430444495773705679255022, 668013111470415939754783862, 4676091780292911578283485708, 32732642462050381047984398596, 229128497234352667335890788778, 1603899480640468671351235520018, 11227296364483280699458648638664, 78591074551382964896210540469152, 550137521859680754273473783282534, 3850962653017765279914316482976174, 26956738571124356959400215380831620, 188697169997870498715801507665819708, 1320880189985093491010610553660736290, 9246161329895654437074273875625152330, 64723129309269581059519917129376064576, 453061905164887067416639419905632450264, 3171433336154209471916475939339427150046, 22200033353079466303415331575375990048486, 155400233471556264123907321027631930337532, 1087801634300893848867351247193423512360820, 7614611440106256942071458730353964586523802, 53302280080743798594500211112477752105664642, 373115960565206590161501477787344264739650488, 2611811723956446131130510344511409853177551376, 18282682067695122917913572411579868972242857558, 127978774473865860425395006881059082805700000798, 895851421317061022977765048167413579639900003444, 6270959949219427160844355337171895057479300021932, 43896719644535990125910487360203265402355100151314, 307277037511751930881373411521422857816485701056954, 2150939262582263516169613880649960004715399907396400, 15056574838075844613187297164549720033007799351772488, 105396023866530912292311080151848040231054595462405070, 737772167065716386046177561062936281617382168236833110, 5164405169460014702323242927440553971321675177657829356, 36150836186220102916262700492083877799251726243604803044, 253055853303540720413838903444587144594762083705233618826, 1771390973124785042896872324112110012163334585936635329266, 12399736811873495300278106268784770085143342101556447302312, 86798157683114467101946743881493390596003394710895131113600, 607587103781801269713627207170453734172023762976265917792582, 4253109726472608887995390450193176139204166340833861424545422, 29771768085308262215967733151352232974429164385837029971815268, 208402376597157835511774132059465630821004150700859209802704156, 1458816636180104848582418924416259415747029054906014468618926338, 10211716453260733940076932470913815910229203384342101280332481578, 71482015172825137580538527296396711371604423690394708962327368224, 500374106209775963063769691074776979601230965832762962736291574712, 3502618743468431741446387837523438857208616760829340739154041020094, 24518331204279022190124714862664072000460317325805385174078287137734, 171628318429953155330873004038648504003222221280637696218548009961180, 1201398229009672087316111028270539528022555548964463873529836069725268, 8409787603067704611212777197893776696157888842751247114708852488073850, 58868513221473932278489440385256436873105221899258729802961967416513890, 412079592550317525949426082696795058111736553294811108620733771915594136, 2884557147852222681645982578877565406782155873063677760345136403409155824, 20191900034965558771521878052142957847475091111445744322415954823864087606, 141343300244758911400653146365000704932325637780120210256911683767048610046, 989403101713312379804572024555004934526279464460841471798381786369340267092, 6925821711993186658632004171885034541683956251225890302588672504585381866380, 48480751983952306610424029203195241791787693758581232118120707532097673061362, 339365263887666146272968204422366692542513856310068624826844952724683711426202, 2375556847213663023910777430956566847797596994170480373787914669072785979980048, 16628897930495641167375442016695967934583178959193362616515402683509501859856936, 116402285513469488171628094116871775542082252714353538315607818784566513018995118, 814815998594286417201396658818102428794575769000474768209254731491965591132962358, 5703711990160004920409776611726717001562030383003323377464783120443759137930733004, 39925983931120034442868436282087019010934212681023263642253481843106313965515127492, 279481887517840241100079053974609133076539488767162845495774372901744197758605888874, 1956373212624881687700553377822263931535776421370139918470420610312209384310241218514, 13694612488374171813903873644755847520750434949590979429292944272185465690171688525960, 95862287418619202697327115513290932645253044647136856005050609905298259831201819678048, 671036011930334418881289808593036528516771312529957992035354269337087818818412737742630, 4697252083512340932169028660151255699617399187709705944247479885359614731728889164194670, 32880764584586386525183200621058789897321794313967941609732359197517303122102224149358916, 230165352092104705676282404347411529281252560197775591268126514382621121854715569045508604, 1611157464644732939733976830431880704968767921384429138876885600678347852983008983318556386, 11278102252513130578137837813023164934781375449691003972138199204748434970881062883229890826, 78946715767591914046964864691162154543469628147837027804967394433239044796167440182609231872, 552627010373143398328754052838135081804287397034859194634771761032673313573172081278264619160, 3868389072612003788301278369866945572630011779244014362443402327228713195012204568947852330142, 27078723508284026518108948589068619008410082454708100537103816290600992365085431982634966306982, 189551064557988185626762640123480333058870577182956703759726714034206946555598023878444764144828, 1326857451905917299387338480864362331412094040280696926318086998239448625889186167149113349009716, 9288002163341421095711369366050536319884658281964878484226608987676140381224303170043793443063898, 65016015143389947669979585562353754239192607973754149389586262913732982668570122190306554101443138, 455112106003729633689857098936476279674348255816279045727103840396130878679990855332145878710097784, 3185784742026107435828999692555333957720437790713953320089726882772916150759935987325021150970680272, 22300493194182752050802997847887337704043064534997673240628088179410413055319551911275148056794757654, 156103452359279264355620984935211363928301451744983712684396617255872891387236863378926036397563299294, 1092724166514954850489346894546479547498110162214885988790776320791110239710658043652482254782943090740, 7649069165604683953425428261825356832486771135504201921535434245537771677974606305567375783480601630828, 53543484159232787673977997832777497827407397948529413450748039718764401745822244138971630484364211411410, 374804389114629513717845984829442484791851785639705894155236278031350812220755708972801413390549479875450, 2623630723802406596024921893806097393542962499477941259086653946219455685545289962809609893733846359123696, 18365415066616846172174453256642681754800737496345588813606577623536189798817029739667269256136924513861384, 128557905466317923205221172796498772283605162474419121695246043364753328591719208177670884792958471597025166, 899905338264225462436548209575491405985236137320933851866722303553273300142034457243696193550709301179171606, 6299337367849578237055837467028439841896652961246536963067056124872913100994241200705873354854965108254196652, 44095361574947047659390862269199078893276570728725758741469392874110391706959688404941113483984755757779371940, 308667531024629333615736035884393552252935995101080311190285750118772741948717818834587794387893290304455598922, 2160672717172405335310152251190754865770551965707562178332000250831409193641024731842114560715253032131189187762, 15124709020206837347171065758335284060393863759952935248324001755819864355487173122894801925006771224918324309608, 105872963141447861430197460308346988422757046319670546738268012290739050488410211860263613475047398574428270162496, 741110741990135030011382222158428918959299324237693827167876086035173353418871483021845294325331790020997891132678, 5187775193930945210079675555109002432715095269663856790175132602246213473932100381152917060277322530146985237923918, 36314426357516616470557728885763017029005666887646997531225928215723494317524702668070419421941257711028896665462564, 254200984502616315293904102200341119203039668213528982718581497510064460222672918676492935953588803977202276658233052, 1779406891518314207057328715402387834421277677494702879030070482570451221558710430735450551675121627840415936607626434, 12455848240628199449401301007816714840948943742462920153210493377993158550910973015148153861725851394882911556253380074, 87190937684397396145809107054717003886642606197240441072473453645952109856376811106037077032080959764180380893773655520, 610336563790781773020663749383019027206498243380683087507314175521664768994637677742259539224566718349262666256415583608, 4272355946535472411144646245681133190445487703664781612551199228651653382962463744195816774571967028444838663794909080190, 29906491625748306878012523719767932333118413925653471287858394600561573680737246209370717422003769199113870646564363556230, 209345441380238148146087666038375526331828897479574299015008762203931015765160723465595021954026384393797094525950544888476, 1465418089661667037022613662268628684322802282357020093105061335427517110356125064259165153678184690756579661681653814214164, 10257926627631669259158295635880400790259615976499140651735429347992619772492875449814156075747292835296057631771576699493946, 71805486393421684814108069451162805531817311835493984562148005435948338407450128148699092530231049847072403422401036896452386, 502638404753951793698756486158139638722721182848457891935036038051638368852150897040893647711617348929506823956807258275161432, 3518468833277662555891295403106977471059048279939205243545252266361468581965056279286255533981321442506547767697650807926124720, 24629281832943637891239067821748842297413337959574436704816765864530280073755393955003788737869250097545834373883555655482867702, 172404972830605465238673474752241896081893365717021056933717361051711960516287757685026521165084750682820840617184889588380068542, 1206834809814238256670714323265693272573253560019147398536021527361983723614014303795185648155593254779745884320294227118660474388, 8447843668699667796695000262859852908012774920134031789752150691533886065298100126566299537089152783458221190242059589830623315276, 59134905680897674576865001840018970356089424440938222528265054840737202457086700885964096759624069484207548331694417128814363201458, 413944339766283722038055012880132792492625971086567557697855383885160417199606906201748677317368486389452838321860919901700542404698, 2897610378363986054266385090160929547448381797605972903884987687196122920397248343412240741221579404726169868253026439311903796827344, 20283272648547902379864695631126506832138672583241810327194913810372860442780738403885685188551055833083189077771185075183326577785832, 141982908539835316659052869417885547824970708082692672290364396672610023099465168827199796319857390831582323544398295526283286044495214, 993880359778847216613370085925198834774794956578848706032550776708270161696256181790398574239001735821076264810788068683983002311460854, 6957162518451930516293590601476391843423564696051940942227855436957891131873793272532790019673012150747533853675516480787881016180220300, 48700137629163513614055134210334742903964952872363586595594988058705237923116552907729530137711085055232736975728615365515167113261536388, 340900963404144595298385939472343200327754670106545106169164916410936665461815870354106710963977595386629158830100307558606169792830748970, 2386306743829012167088701576306402402294282690745815743184154414876556658232711092478746976747843167706404111810702152910243188549815237010, 16704147206803085169620911034144816816059978835220710202289080904135896607628977647351228837234902173944828782674915070371702319848706653256, 116929030447621596187346377239013717712419851846544971416023566328951276253402843531458601860644315217613801478724405492601916238940946566944, 818503213133351173311424640673096023986938962925814799912164964302658933773819904720210213024510206523296610351070838448213413672586625962726, 5729522491933458213179972484711672167908572740480703599385154750118612536416739333041471491171571445663076272457495869137493895708106381733166, 40106657443534207492259807392981705175360009183364925195696083250830287754917175331290300438201000119641533907202471083962457269956744672126212, 280746602104739452445818651750871936227520064283554476369872582755812014284420227319032103067407000837490737350417297587737200889697212704877500, 1965226214733176167120730562256103553592640449984881334589108079290684099990941591233224721471849005862435161452921083114160406227880488934136482, 13756583503132233169845113935792724875148483149894169342123756555034788699936591138632573050302943041037046130170447581799122843595163422538949322, 96296084521925632188915797550549074126039382049259185394866295885243520899556137970428011352120601287259322911193133072593859905166143957772639168, 674072591653479425322410582853843518882275674344814297764064071196704646296892965792996079464844209010815260378351931508157019336163007704408468056, 4718508141574355977256874079976904632175929720413700084348448498376932524078250760550972556253909463075706822648463520557099135353141053930859270238, 33029556991020491840798118559838332425231508042895900590439139488638527668547755323856807893777366241529947758539244643899693947471987377516014885478, 231206898937143442885586829918868326976620556300271304133073976420469693679834287266997655256441563690709634309774712507297857632303911642612104192124, 1618448292560004100199107809432078288836343894101899128931517834943287855758840010868983586795090945834967440168422987551085003426127381498284729338612, 11329138047920028701393754666024548021854407258713293902520624844603014990311880076082885107565636620844772081178960912857595023982891670487993105363994, 79303966335440200909756282662171836152980850810993057317644373912221104932183160532580195752959456345913404568252726390003165167880241693415951737541634, 555127764348081406368293978635202853070865955676951401223510617385547734525282123728061370270716194421393831977769084730022156175161691853911662162785080, 3885894350436569844578057850446419971496061689738659808564574321698834141676974866096429591895013360949756823844383593110155093226131842977381635139489168, 27201260453055988912046404953124939800472431828170618659952020251891838991738824062675007143265093526648297766910685151771085652582922900841671445976417750, 190408823171391922384324834671874578603307022797194330619664141763242872942171768438725050002855654686538084368374796062397599568080460305891700121834917790, 1332861762199743456690273842703122050223149159580360314337648992342700110595202379071075350019989582805766590578623572436783196976563222141241900852844418036, 9330032335398204196831916898921854351562044117062522200363542946398900774166416653497527450139927079640366134050365007057482378835942554988693305969910919724, 65310226347787429377823418292452980460934308819437655402544800624792305419164916574482692150979489557482562938352555049402376651851597884920853141789376431506, 457171584434512005644763928047170863226540161736063587817813604373546137934154416021378845056856426902377940568467885345816636562961185194445971992525635013946, 3200201091041584039513347496330196042585781132152445114724695230614822965539080912149651915397994988316645583979275197420716455940728296361121803947679445090992, 22401407637291088276593432474311372298100467925067115803072866614303760758773566385047563407785964918216519087854926381945015191585098074527852627633756115630280, 156809853461037617936154027320179606086703275475469810621510066300126325311414964695332943854501754427515633614984484673615106341095686521694968393436292809405262, 1097668974227263325553078191241257242606922928328288674350570464100884277179904752867330606981512280992609435304891392715305744387669805651864778754054049665830102, 7683682819590843278871547338688800698248460498298020720453993248706189940259333270071314248870585966948266047134239749007140210713688639563053451278378347660803948]
len(predicted_full) = 200, len(input_sequence + seq_pred) = 200
is_manual_check: False
