test results being evaluated: data/test_linrec15.tsv
csv file used: ../linear_database_newbl.csv
The sequence ID inspected: A064680
csv results file used: ../linear_database_newbl.csv
Results we are looking at now:
('Could you give me a recursive equation in a form of a Python code for the following number sequence: 0,2,1,6,2,10,3,14,4,18,5,22,6,26,7', 'Certainly, the Python code is the following: lambda a_n: abs( a_n[-3] % 8 - -9 - a_n[-2] + 7 ) - 7')

Experiment type: Evaluation of the results of llms.
Ground truth: 
[0, 2, 1, 6, 2, 10, 3, 14, 4, 18, 5, 22, 6, 26, 7, 30, 8, 34, 9, 38, 10, 42, 11, 46, 12, 50, 13, 54, 14, 58, 15, 62, 16, 66, 17, 70, 18, 74, 19, 78, 20, 82, 21, 86, 22, 90, 23, 94, 24, 98, 25, 102, 26, 106, 27, 110, 28, 114, 29, 118, 30, 122, 31, 126, 32, 130, 33, 134, 34, 138, 35, 142, 36, 146, 37, 150, 38, 154, 39, 158, 40, 162, 41, 166, 42, 170, 43, 174, 44, 178, 45, 182, 46, 186, 47, 190, 48, 194, 49, 198, 50, 202, 51, 206, 52, 210, 53, 214, 54, 218, 55, 222, 56, 226, 57, 230, 58, 234, 59, 238, 60, 242, 61, 246, 62, 250, 63, 254, 64, 258, 65, 262, 66, 266, 67, 270, 68, 274, 69, 278, 70, 282, 71, 286, 72, 290, 73, 294, 74, 298, 75, 302, 76, 306, 77, 310, 78, 314, 79, 318, 80, 322, 81, 326, 82, 330, 83, 334, 84, 338, 85, 342, 86, 346, 87, 350, 88, 354, 89, 358, 90, 362, 91, 366, 92, 370, 93, 374, 94, 378, 95, 382, 96, 386, 97, 390, 98, 394, 99, 398]
Predicted:    
[0, 2, 1, 6, 2, 10, 3, 14, 4, 18, 5, 22, 6, 26, 7, -3, 4, 19, 10, -6, 2, 17, 9, -6, 1, 16, 10, -6, -1, 17, 12, -1, -2, 14, 18, 1, -3, 10, 13, 4, -2, 10, 15, 5, -4, 11, 18, 2, -6, 9, 17, 2, -7, 8, 18, 2, -5, 9, 16, 3, -6, 6, 18, 5, -3, 6, 17, 8, -2, 2, 11, 13, 0, -1, 14, 10, 2, 5, 9, 6, 5, 4, 10, 10, 3, 1, 8, 11, 2, -2, 10, 13, 5, -2, 9, 16, 6, -6, 3, 21, 8, -5, 6, 14, 6, 1, 9, 14, 1, -4, 14, 14, -1, 1, 16, 15, -6, -6, 22, 17, -3, -2, 13, 16, 2, -2, 7, 13, 8, 3, 6, 6, 6, 9, 9, 6, 1, 4, 14, 6, -1, 9, 16, 7, -6, 2, 22, 9, -3, 6, 13, 8, 2, 6, 7, 5, 8, 11, 6, -2, 6, 17, 9, -2, 1, 12, 14, -2, -1, 17, 16, -1, -6, 10, 22, 1, -3, 14, 13, 0, 2, 14, 7, -3, 8, 19, 6, -4, 6, 19, 7, -4, 5, 20, 8, -6, 5, 15, 6, -1]
len(predicted_full) = 200, len(input_sequence + seq_pred) = 200
is_manual_check: False
