test results being evaluated: data/test_linrec15.tsv
csv file used: ../linear_database_newbl.csv
The sequence ID inspected: A066532
csv results file used: ../linear_database_newbl.csv
Results we are looking at now:
('Could you give me a recursive equation in a form of a Python code for the following number sequence: 1,2,1,8,1,32,1,128,1,512,1,2048,1,8192,1', 'Certainly, the Python code is the following: lambda a_n: a_n[-2] * ( 4 )')

Experiment type: Evaluation of the results of llms.
Ground truth: 
[1, 2, 1, 8, 1, 32, 1, 128, 1, 512, 1, 2048, 1, 8192, 1, 32768, 1, 131072, 1, 524288, 1, 2097152, 1, 8388608, 1, 33554432, 1, 134217728, 1, 536870912, 1, 2147483648, 1, 8589934592, 1, 34359738368, 1, 137438953472, 1, 549755813888, 1, 2199023255552, 1, 8796093022208, 1, 35184372088832, 1, 140737488355328, 1, 562949953421312, 1, 2251799813685248, 1, 9007199254740992, 1, 36028797018963968, 1, 144115188075855872, 1, 576460752303423488, 1, 2305843009213693952, 1, 9223372036854775808, 1, 36893488147419103232, 1, 147573952589676412928, 1, 590295810358705651712, 1, 2361183241434822606848, 1, 9444732965739290427392, 1, 37778931862957161709568, 1, 151115727451828646838272, 1, 604462909807314587353088, 1, 2417851639229258349412352, 1, 9671406556917033397649408, 1, 38685626227668133590597632, 1, 154742504910672534362390528, 1, 618970019642690137449562112, 1, 2475880078570760549798248448, 1, 9903520314283042199192993792, 1, 39614081257132168796771975168, 1, 158456325028528675187087900672, 1, 633825300114114700748351602688, 1, 2535301200456458802993406410752, 1, 10141204801825835211973625643008, 1, 40564819207303340847894502572032, 1, 162259276829213363391578010288128, 1, 649037107316853453566312041152512, 1, 2596148429267413814265248164610048, 1, 10384593717069655257060992658440192, 1, 41538374868278621028243970633760768, 1, 166153499473114484112975882535043072, 1, 664613997892457936451903530140172288, 1, 2658455991569831745807614120560689152, 1, 10633823966279326983230456482242756608, 1, 42535295865117307932921825928971026432, 1, 170141183460469231731687303715884105728, 1, 680564733841876926926749214863536422912, 1, 2722258935367507707706996859454145691648, 1, 10889035741470030830827987437816582766592, 1, 43556142965880123323311949751266331066368, 1, 174224571863520493293247799005065324265472, 1, 696898287454081973172991196020261297061888, 1, 2787593149816327892691964784081045188247552, 1, 11150372599265311570767859136324180752990208, 1, 44601490397061246283071436545296723011960832, 1, 178405961588244985132285746181186892047843328, 1, 713623846352979940529142984724747568191373312, 1, 2854495385411919762116571938898990272765493248, 1, 11417981541647679048466287755595961091061972992, 1, 45671926166590716193865151022383844364247891968, 1, 182687704666362864775460604089535377456991567872, 1, 730750818665451459101842416358141509827966271488, 1, 2923003274661805836407369665432566039311865085952, 1, 11692013098647223345629478661730264157247460343808, 1, 46768052394588893382517914646921056628989841375232, 1, 187072209578355573530071658587684226515959365500928, 1, 748288838313422294120286634350736906063837462003712, 1, 2993155353253689176481146537402947624255349848014848, 1, 11972621413014756705924586149611790497021399392059392, 1, 47890485652059026823698344598447161988085597568237568, 1, 191561942608236107294793378393788647952342390272950272, 1, 766247770432944429179173513575154591809369561091801088, 1, 3064991081731777716716694054300618367237478244367204352, 1, 12259964326927110866866776217202473468949912977468817408, 1, 49039857307708443467467104868809893875799651909875269632, 1, 196159429230833773869868419475239575503198607639501078528, 1, 784637716923335095479473677900958302012794430558004314112, 1, 3138550867693340381917894711603833208051177722232017256448, 1, 12554203470773361527671578846415332832204710888928069025792, 1, 50216813883093446110686315385661331328818843555712276103168, 1, 200867255532373784442745261542645325315275374222849104412672, 1, 803469022129495137770981046170581301261101496891396417650688]
Predicted:    
[1, 2, 1, 8, 1, 32, 1, 128, 1, 512, 1, 2048, 1, 8192, 1, 32768, 4, 131072, 16, 524288, 64, 2097152, 256, 8388608, 1024, 33554432, 4096, 134217728, 16384, 536870912, 65536, 2147483648, 262144, 8589934592, 1048576, 34359738368, 4194304, 137438953472, 16777216, 549755813888, 67108864, 2199023255552, 268435456, 8796093022208, 1073741824, 35184372088832, 4294967296, 140737488355328, 17179869184, 562949953421312, 68719476736, 2251799813685248, 274877906944, 9007199254740992, 1099511627776, 36028797018963968, 4398046511104, 144115188075855872, 17592186044416, 576460752303423488, 70368744177664, 2305843009213693952, 281474976710656, 9223372036854775808, 1125899906842624, 36893488147419103232, 4503599627370496, 147573952589676412928, 18014398509481984, 590295810358705651712, 72057594037927936, 2361183241434822606848, 288230376151711744, 9444732965739290427392, 1152921504606846976, 37778931862957161709568, 4611686018427387904, 151115727451828646838272, 18446744073709551616, 604462909807314587353088, 73786976294838206464, 2417851639229258349412352, 295147905179352825856, 9671406556917033397649408, 1180591620717411303424, 38685626227668133590597632, 4722366482869645213696, 154742504910672534362390528, 18889465931478580854784, 618970019642690137449562112, 75557863725914323419136, 2475880078570760549798248448, 302231454903657293676544, 9903520314283042199192993792, 1208925819614629174706176, 39614081257132168796771975168, 4835703278458516698824704, 158456325028528675187087900672, 19342813113834066795298816, 633825300114114700748351602688, 77371252455336267181195264, 2535301200456458802993406410752, 309485009821345068724781056, 10141204801825835211973625643008, 1237940039285380274899124224, 40564819207303340847894502572032, 4951760157141521099596496896, 162259276829213363391578010288128, 19807040628566084398385987584, 649037107316853453566312041152512, 79228162514264337593543950336, 2596148429267413814265248164610048, 316912650057057350374175801344, 10384593717069655257060992658440192, 1267650600228229401496703205376, 41538374868278621028243970633760768, 5070602400912917605986812821504, 166153499473114484112975882535043072, 20282409603651670423947251286016, 664613997892457936451903530140172288, 81129638414606681695789005144064, 2658455991569831745807614120560689152, 324518553658426726783156020576256, 10633823966279326983230456482242756608, 1298074214633706907132624082305024, 42535295865117307932921825928971026432, 5192296858534827628530496329220096, 170141183460469231731687303715884105728, 20769187434139310514121985316880384, 680564733841876926926749214863536422912, 83076749736557242056487941267521536, 2722258935367507707706996859454145691648, 332306998946228968225951765070086144, 10889035741470030830827987437816582766592, 1329227995784915872903807060280344576, 43556142965880123323311949751266331066368, 5316911983139663491615228241121378304, 174224571863520493293247799005065324265472, 21267647932558653966460912964485513216, 696898287454081973172991196020261297061888, 85070591730234615865843651857942052864, 2787593149816327892691964784081045188247552, 340282366920938463463374607431768211456, 11150372599265311570767859136324180752990208, 1361129467683753853853498429727072845824, 44601490397061246283071436545296723011960832, 5444517870735015415413993718908291383296, 178405961588244985132285746181186892047843328, 21778071482940061661655974875633165533184, 713623846352979940529142984724747568191373312, 87112285931760246646623899502532662132736, 2854495385411919762116571938898990272765493248, 348449143727040986586495598010130648530944, 11417981541647679048466287755595961091061972992, 1393796574908163946345982392040522594123776, 45671926166590716193865151022383844364247891968, 5575186299632655785383929568162090376495104, 182687704666362864775460604089535377456991567872, 22300745198530623141535718272648361505980416, 730750818665451459101842416358141509827966271488, 89202980794122492566142873090593446023921664, 2923003274661805836407369665432566039311865085952, 356811923176489970264571492362373784095686656, 11692013098647223345629478661730264157247460343808, 1427247692705959881058285969449495136382746624, 46768052394588893382517914646921056628989841375232, 5708990770823839524233143877797980545530986496, 187072209578355573530071658587684226515959365500928, 22835963083295358096932575511191922182123945984, 748288838313422294120286634350736906063837462003712, 91343852333181432387730302044767688728495783936, 2993155353253689176481146537402947624255349848014848, 365375409332725729550921208179070754913983135744, 11972621413014756705924586149611790497021399392059392, 1461501637330902918203684832716283019655932542976, 47890485652059026823698344598447161988085597568237568, 5846006549323611672814739330865132078623730171904, 191561942608236107294793378393788647952342390272950272, 23384026197294446691258957323460528314494920687616, 766247770432944429179173513575154591809369561091801088, 93536104789177786765035829293842113257979682750464, 3064991081731777716716694054300618367237478244367204352, 374144419156711147060143317175368453031918731001856, 12259964326927110866866776217202473468949912977468817408, 1496577676626844588240573268701473812127674924007424, 49039857307708443467467104868809893875799651909875269632, 5986310706507378352962293074805895248510699696029696, 196159429230833773869868419475239575503198607639501078528, 23945242826029513411849172299223580994042798784118784, 784637716923335095479473677900958302012794430558004314112, 95780971304118053647396689196894323976171195136475136, 3138550867693340381917894711603833208051177722232017256448, 383123885216472214589586756787577295904684780545900544, 12554203470773361527671578846415332832204710888928069025792, 1532495540865888858358347027150309183618739122183602176, 50216813883093446110686315385661331328818843555712276103168, 6129982163463555433433388108601236734474956488734408704, 200867255532373784442745261542645325315275374222849104412672, 24519928653854221733733552434404946937899825954937634816, 803469022129495137770981046170581301261101496891396417650688]
len(predicted_full) = 200, len(input_sequence + seq_pred) = 200
is_manual_check: False
