test results being evaluated: data/test_linrec15.tsv
csv file used: ../linear_database_newbl.csv
The sequence ID inspected: A070782
csv results file used: ../linear_database_newbl.csv
Results we are looking at now:
('Could you give me a recursive equation in a form of a Python code for the following number sequence: 1,2,254,6008,215766,6643782,215492564,6863694378', 'Certainly, the Python code is the following: lambda a_n: -1 + n + 9 * n * ( a_n[-1] - 1 - a_n[-2] )')

Experiment type: Evaluation of the results of llms.
Ground truth: 
[1, 2, 254, 6008, 215766, 6643782, 215492564, 6863694378, 219993856006, 7035859329512, 225191238869774, 7205634556190798, 230585685502492596, 7378682274243863442, 236118494435702913134, 7555784484021765207768, 241785184867484394069286, 7737125013254912900576822, 247588010433086465531922644, 7922816222858040529463776538, 253530120362474216238689542326, 8112963837946988081016171982152, 259614842965708690736654179217054, 8307674973223570123148808407903358, 265845599161775836797571384326161716, 8507059172970310148116955505104335682, 272225893537340229256058002405273227614, 8711228593169487469884981059514131100728, 278759314981705287870233334522694863721206, 8920298079411445234808104482908111673418662, 285449538541200892950126241833677179840154324, 9134385233318044350628064494269057961720949898, 292300327466181680327070058403485202106165027046, 9353610478917766514065773953211489034962075943592, 299315535325369052531616885570054936222904778965934, 9578097130411803868858706560585897763555215885507118, 306499108173177788261243493612030477872226134140429236, 9807971461541688509512225041401220187892607071606116722, 313855086769334040232172200504533633906206806946963743694, 10043362776618689199509071858414252063064522005870704084888, 321387608851798055359342904603474827047233401549271591571526, 10284403483257537760685473852277057269968679082784759125169302, 329100911464241208461858705923375560550997586781184950922587604, 10531229166855718669449506121297376793404381569778327249628814458, 336999333339382997437133816574923619703355163368454047625873110166, 10783978666860255917824706330301822003904573202092286600832784013832, 345087317339528189372204685991404783779891469702769390957433550116414, 11042794154864902059890431458285646070925527838868943850676049369802078, 353369412955676865916716924176394797859612827078858462700944430868495156, 11307821214581659709332467162527398865007624168746276275497840602174806562, 361850278866613110698666390840677599135333818611665032915666403162416061374, 11579208923731619542357020174452756747658193911945877745673301977190652160248, 370534685559411825355428020681066207431914666147381308437553650938066971220246, 11857109937901178411373659231377311804821219757816329040358000942746509294228742, 379427518012837709163957510513757430908786429858986243638112912915544235150422484, 12141680576410806693246635732803302997548584332231159065776743787185928575942570218, 388533778445145814183892394504821662081567601684826361856274021759923726805477791686, 12433080910244666053884556057944380624058488738903465189404525400621733634697947392872, 397858589127829313724305800133584334124100072213085077622654907293119532176560393468494, 12731474852090538039177785534635483083712137878053795398356149750878664589498368403188238, 407407195266897217253689137880646194523792349290703824880215382230103255761481221044759476, 13037030248540710952118052403615620914858052803746951375620318931858957146054379755674405202, 417184967953302750467777677010687810420239019766206707617995330704236432084080898109060580654, 13349918974505688014968885663288577523545150699635712173175707635503813642138527514969904926808, 427197407184182016479004341236917225203517080980101020981822361878356060381915894694684807467366, 13670317029893824527328138919451787585151849248921009223105518544195787917868443412633267457396982, 437450144956602384874500445423894085304276918990928511302257560526835113553505189612043316683658964, 13998404638611276315984014253548675457741905537087251760432238501584543125698948197882223148979017178, 447948948435560842111488456113734339522264909506664579163634550805833935510693453899373712359254271606, 14334366349937946947567630595637538955820718892824046321507233516044997645462579079671687345000055680712, 458699723198014302322164179060422982308946868827970777140081068639353624409966583557252123567050598622174, 14678391142336457674309253729933294381027885537450061404900519566964523595521246479301620268897586089665598, 469708516554766645577896119357868093510057577978154604351071296663433384998009577530494531270978167414822196, 15030672529752532658492675819451749344780166432458623302433898042874118598196082204660025043657243786207312642, 480981520952081045071765626222456307829240927770721262722083209996405610711358427278787443606852689852916501534, 15391408670466593442296500039118598204129136391347739595583679137565851821781807684618549331154242242085153584568, 492525077454930990153488001251795182971400946395528461302474750280242097043385211575852382746061054800709116312886, 15760802478557791684911616040057445406606469310763186684185901828725944751457304086090326753369310376195657329874022, 504345679313849333917171713281838257985108257239125339540618847519768192778621347648264959351518134493012397071097044, 16139061738043178685349494825018824200364272238436380119108939951446422798510088316233022214073373433396704684216555338, 516449975617381717931183834400602375023381524794630805385232243296333820587518556629976106690518925645325913500088949926, 16526399219756214973797882700819275993964076656623637084270033108962964898043034981735010603369549680237104540324036877352, 528844775032198879161532246426216831882087631329971088906846191093381815996745462280697331621663376087910548262441243977454, 16923032801030364133169031885638938619392411108924108572018764268639462062682045462634943471630285329349168987013648294834158, 541537049632971652261409020340446035829810716693874118009814114037905669486436725781004450627375338085597384918638004135483316, 17329185588255092872365088650894273146451319367819007729283701103510760949230037434918246194048479593022988598162817815114328882, 554533938824162971915682836828616740687580332561651154498117504972510218476537124879173422955389396667159464030113952831791824014, 17745086042373215101301850778515735701989948777700580001121300042312800221661916861763790646142214615528724603466471282070650933528, 567842753355942883241659224912503542463818339506204829314045701708552567426742497981470437994029412602633771840284912103022524956806, 18170968107390172263733095197200113358840634477516633319046838890656902067216999921817363746428246963243599890820683870243795465259862, 581470979436485512439459046310403627482917519512653185887805867805559990106103918806047261986209018009148399979544008166460395250336724, 18607071341967536398062689481932916079453169693464889910729407889863972539798127507393114850183751615013822880331236460504431378695184698, 595426282942961164738006063421853314542503547647448730477503538178005078977064416996291939695104863369695870483228738669505777021079426646, 19053641054174757271616194029499306065360090041765124576566645499090311045383696441630106763328507762287200008105384574356358861474057382792, 609716513733592232691718208943977794091523141766426141489314963405256677710687824393686717067064799725853400118622221245082933575277996734334, 19510928439474951446134982686207289410928737648313319587428359979467573868417623094818967403793080678702472737496804081257112098316505645893918, 624349710063198446276319445958633261149719636776791655295273608994903768515190608716037563187902056307584987329047157499534226133152581574742836, 19979190722022350280842222270676264356791028021630700939035298782816064500683681725127286345538754588450030301442566237094136665627521810174653922, 639334103104715208986951112661640459417312900631706147812175150894995422436430237165400066104721893652309657729847639845712224216034691128883348094, 20458691299350886687582435605172494701354012776524609202565689883641137719313888529964420266152327270619520789141496809414201856266982830087811373688, 654678121579228374002637939365519830443328409333316881001528186261347162161629655033434975761108460995444844780961487743647641756566804702414271799126, 20949699890535307968084414059696634574186509093292626952807790835584972166794059639190282042819698106836158669919784491864750940975234727655572855554502, 670390396497129854978701249910292306373968291044957237508020955221263447338712476216839607894368072502291537610742351604766132841147467890156457947778004, 21452492687908155359318439997129353803966985312777733161817541322647664459802092904226731407672727483509432065274282541720549147292144546805225578216505258, 686479766013060971498190079908139321726943530016216937176009915661968231457072045184851652122468976407588229069914550388874304955948884136849988466734501766, 21967352512417951087942082557060458295262192960437656855217543645228877984593812944834982014027701527918109000306483540142361736818136872923609380257521997032, 702955280397374434814146641825934665448390174734906485321521755456156498118102836818852000088767753478686632042027213588927168549917481806206075695662312892814, 22494568972715981914052692538429909294348485591507010119654117454043897405635149237276725399947982455162468926660522909425280254886479069779982501208878331644878, 719826207126911421249686161229757097419151538928335196811866684814297765258521433365631270005793762087494849082696780021537620275158751163036821745787000711800756, 23034438628061165479989957159352227117412849245705496697756815146203151846678378490658737472300466242398425389622452096644568286359663526638308485165999872005887762, 737102036097957295359678629099271267757211175862589530803653126051183895199523689506308470017556653668687415902610320644037105002527605889723516824710124456776673774, 23587265155134633451509716131176680568230757627602713754886891659770516872579192400967311997450568910222280061320896026679622606289235868550299570286645384387610905048, 754792484964308270448310916197653778183384244083288517331986060266570268470501194704339362263545830939957789488892341280524546612802688885776266543616915009477806439846, 24153359518857864654345949318324920901868295810665213954461063121463330209254595248268385871593951462130180443604131934048313071528875844811086193188750311905243731157942, 772907504603451668939070378186397468859785465941287052821717024291716582624510887787436944198586240821411776043303498414185991533024486369918222560611354896055380478620884, 24733040147310453406050252101964719003513134910121183402626189238074073550390544727944377181250542456791522344237987484495983550951597700942251259439071571639410737343717018, 791457284713934508993608067262871008112420317123877894254673329554644671657957635627852573760471328155792160398088539892733763562852271381334454253934271272754206993774175286, 25326633110845904287795458152411872259597450147964092334784889776910351137460988288740071211736984618812757579042483207825237276576754903876800850792672398159876564976273920072, 810452259547068937209454660877179912307118404734850957833498332592288572628327302008879233914123038475445213065401786346961129872168253652593728177982867830347181789709037252894, 25934472305506205990702549148069757193827788951515230616066381529141665347225547563771617767579404295924267550642695252371925005513116535088776289531327684306999110396713702487038, 829903113776198591702481572738232230202489246448487380097905807044191707193137284823098660412077339288439770533054071417637296367800384619305830499760468197818420440019037137057076, 26556899640838354934479410327623431366479655886351596158876782681072080484302394797632168805123901904287287379752914066694569994514028829774877471397833052943986405393169027664030402, 849820788506827357903341130483949803727348988363251077131259061980180829518416534770788680264502699821382697411358716362936033902451721466764544224504936899755792957050574851846201054, 27194265232218475452906916175486393719275167627624034467676811602176827696215312200636378716630107593605219018034253978879475526531168715404769389542046407601768663747770129465787127608, 870216487430991214493021317615564599016805364083969102971463435478922907865024916353928127780837747641720498368776867182451179784895551778715245212548486627556729287569444232597989678966, 27846927597791718863776682163698067168537771650687011295022446350642435455384939121144467132599556594624488532793242386452315683263430688803967278556676443081323467967295566190721560870182, 891101683129335003640853829238338149393208692821984361441432308116281272553158627026550074772294249961646228104259228103579752595751176843876841789254475599192061668585292059969337946865364, 28515253860138720116507322535626820780582678170303499566117915202283360906315533879998222767936835919172480186317657492843003802949649089212295239058049220418658663895544245909237672201619978, 912488123524439043728234321140058264978645701449711986115861105729777310309318888768458231573050238728055218800424931113900258426378366517304998218912049869128027359842083803145064321529647206, 29199619952782049399303498276481864479316662446390783555706581452871628915703379047712145897723044676758272421279720353066171217312107787696341123047388278840300936938416149326088230224994751912, 934387838489025580777711944847419663338133198284505073782621407546442530219958430653060876468896693733513693717461963057825410666371438151377034507621249884395116256486337302488964934714403414574, 29900410831648818584886782235117429226820262345104162361043765255955625267932521643116075244332727731660159965776828911051047255435330142507172381152769124407111575249959037382676766840136670420398, 956813146612762194716377031523757735258248395043333195553401816632470451668925772396441280855780677823137428446096529040186244850417063210880430269460936396817929488806787536036381902229854652111796, 30618020691608390230924065008760247528263948641386662257708843399592729043660582690564343511173842429362450027088288932627080409886105981712676821101363285252586261607970515659169271763484331443481842, 979776662131468487389570080280327920904446356524373192246683152174518799347429193465215271468922623000765837691421283811200799527631518364846775612051450926400013032908178139867151861981425279055129934, 31352853188206991596466242568970493468942283408779942151893859057588889084254793127822047839304356478890687053371737864323290214934843951183609031933238959183865050295043515763743777813248544510839241368, 1003291302022623731086919762207055791006153069080958148860603509938184839609596022331385936461563609018235170425011383090298910173769293566231895803376936694752287896441045657910630524661231059627893516486, 32105321664723959394781432390625785312196898210590660763539312095161174876964340708889400664280268102495326601959337029920440133936270871071008703323763376752057608162359258180249045726379182855582251891222, 1027370293271166700633005836500025129990300742738901144433257989516721076347742397389566343989959844728514371815467200247546412817124333914933166499369225918346883717243792146523242734569353450591526845311444, 32875849384677334420256186768000804159689623767644836621864255637125015420003495542704247308313321343991068573162856812501500471313554012307543148094334154304528820530746339753562870390579114616534506076614138, 1052027180309674701448197976576025733110067960564634771899656180691982706174763613772621652081778604833698162836017215964957939537743563462555541605751993561515489339871536266285756994041899041154654971943317526, 33664869769909590446342335250432823459522174738068312700788997778772232198488142059083187870544274420905196165984755039669224911456151420372951243670112006031936849505703918176319846355248088013465506196804492552, 1077275832637106894282954728013850350704709591618186006425247928958098770954502427045115852552431584062296856772452721650683827782320624001720240923163787160947896654337450700829474980504501678142639731034433777854, 34472826644387420617054551296443211222550706931781952205607933726244528709513272679163074329036575220533089897603373132756718123107546761396975071070605004715211041957724058673138736130187769540431809080092909044958, 1103130452620397459745745641486182759121622621817022470579453879244423257616366462463459794848919012023716712013035134369313056595251065416491787098562078382641017420909142804147075891768664313916988919538808469764916, 35300174483852718711863860527557848291891923898144719058542524135770547883731336889811777222695532494656238186711010050525873803468202120551404681448185971510780530957229793176280024381722089186328631444194672877042082, 1129605583483286998779643536881851145340541564740631009873360772345223090578231011209915410879745423225095942384809305553162643871016429127236395953930059710647783546340105896688257862254336367100304531034724547155460414, 36147378671465183960948593180219236650897330071700192315947544715040866760856289430712950274651011449955907935205564840152230956104572326133282430396586915358664469343575248251947557285552363933835058406104693144828046328, 1156716117486885886750354981767015572828714562294406154110321430881377295419818222221598118937095117807703934679179794181846435402953835862855733860259294349302276471082506241440212767592165273342981209777242091655201152406, 37014915759580348376011359416544498330518865993420996931530285788203302031499949443336514651482652662253015059234026168614811466363072058512947544324914600546215634497531810314487931589643316445099171277683929419374549821062, 1184477304306571148032363501329423946576603711789471901808969145222514220208347369492508129257141450127034216131738438812217961100271870973923707445722046735482754655721298311888579348509406311191272242013733625980517055559124, 37903273737810276737035632042541566290451318777263100857887012647120360168041342729729369246567359798673186328766384699163786544798979204359856956023329538018774293900701353390948319361278673951389749144597961483697107816699498, 1212904759609928855585140225361330121294442200872419227452384404707852577597406820372985355336838042781787894716702258745756783742250915439479650483411405528802193665080425707376519602799803994703460659986519275387341799168786246, 38812952307517723378724487211562563881422150427917415278476300950651270813817470095603399545975648380945115468189065602423718134146100183496936606989611737529937944564653436055931233854174954791655134596015545710847880296061541992, 1242014473840567148119183590770002044205508813693357288911241630420840795456674156631983881083502289588261009704445750677776984308649109669032469944833326094579270422226289988569956984506443943188634967518940629372058833873739542734, 39744463162898148739813874904640065414576282038187433245159732173466904019384607214767726011112173142458089751433166449609024954755452638530037142293363626357311103100792179065076773597869488120585086089171672235930142318284853560718, 1271822821212740759674043996948482093266441025221997863845111429550940944537240569758153247470360723468085777510783795331767240530524965916427339907263132689289057609936447216378017261602700363924541987099718661660122624871938014016436, 40698330278807704309569407902351426984526112807103931643043565745630110048670204738722001994605500238850682657671825194657408996671822294136668210243848480144174492549733789474276224950200430742799880799611086094006009477981291935911122, 1302346568921846537906221052875245663504835609827325812577394103860163523515099913206917571011397250859539956400369147513531936038831406660935922213831316286303267724552750096611158360544830450444302095483180002028599721063216134287992494, 41675090205499089212999073692007861232154739514474426002476611323525232730772488751881874791416032309213651317685561310047619480943636010800572569829503735257204968242145813402329736426490905099893116583822302436611591564059032856975942488, 1333602886575970854815970358144251559428951664463181632079251562352807447625495086599922169122932532039261060435681598177047745433630344464710031125174229938101744256090591384289486527030227742320824491780243337129930932077259584058206986726, 42675292370431067354111051460616049901726453262821812226536049995289838321345602150790045990679077865949395905687504891444379308926098140558362821267631045124768278600194203198010056958648637514585366814418921079787526204661266947437638659702, 1365609355853794155331553646739713596855246504410297991249153599849274826312672691096303271511330505960901631511067268914908295802129376195422641911572210996241819014020308359783525388607644071882347168970540927004432098391109350017314248008404, 43699499387321412970609716695670835099367888141129535719972915195176794441677108229480057427035721270833814662506160062751274580041753372698106835054484614492102145824100130360054319698298527264423658650134270821469913026632251276119223031476058, 1398383980394285215059510934261466723179772420516145143039133286245657422137309673507250979339548084799998003167054107088213174461142855483146568520648603192563514589340065374062388854020090673526898650561359229008879503452789716812297608770853366, 44748287372617126881904349896366935141752717456516644577252265159861037508353516822543649133185756813213545790164456598398399524973070765670256127166683425207666125643600069004896267975485839658106188055878884099501207043761253254327781458362700232, 1431945195923748060220939196683741924536086958608532626472072485115553200267760500558132865666096223931217074642223491246497599822656577956699777939567565348672162019886273321975323154723949087702763615744812077263372775420968856334788651384720709214, 45822246269559937927070054293879741585154782675473044047106319523697702408563368040526466291663727318906340295313400763984261807008525545996835059428097366118259512302943682028240172401220789339516659557548336214326470226177579110870275010400500767678, 1466311880625918013666241737404151730724953045615137409507402224758326477074082873009755296932808296526729940085001045842534401899777670220147109664588061386958077635361076603042176013467975057219866009048645599483642425847930807510317680150549320066356, 46921980180029376437319735596932855383198497459684397104236871192266447266370040915492843584844954891469467919642101280659778934575015581865357686040401497274707729000885367673551266799507248467660078578132286286341307003833761380451165124988601429688962, 1501503365760940045994231539101851372262351918709900707335579878152526312523848085620496488177692142120589492273039467251822505118872571989412542396546317996649279409907358564193561050027008347760609818229108361872034776357590881509068759917571723982326174, 48048107704350081471815409251259243912395261398716822634738556100880842000763063589263087867679954195732246155284770530894213470540511626729089945990467588503224037461035510185531029598362258810225778208602415999207735118235592493149375081625164930066929848, 1537539446539202607098093096040295805196648364758938324311633795228186944024418868289264334553289325722418237059934565847690714262406361574953824885827376763472109771051014955290925031687557149823271485701025754563027791713054343164663711681031646851416619446, 49201262289254483427138979073289465766292747672286026377972281447301982208781394542344565155288413522716407007321412617255104034447530275005737872180320488598659613474699813682547685160059713239170061393174862225964009009867862448331377148797985509025940807142, 1574440393256143469668447330345262904521367925513152844095113006313663430681004727860489759546602057422794752958937454049603392026970285039023864622212099295245403462950951230225260931599814059628258898806458920794018352158149755592304430345549861750332681859284, 50382092584196591029390314571048412944683773616420891011043616202037229781792150154732659991589747920974464102136227282825596853869957169326128103549760741619049208765865377586100502824083172196826123859183930878293663686469682572718099932008442968743898092143818, 1612226962694290912940490066273549214229880755725468512353395718465191353017348817558783718858366003377983368915131409015095367987687290205823930774276076369586503698873668319539786142235359068358470550356960951893224567439374426152816958415394868005200466525518886, 51591262806217309214095682120753574855356184183214992395308662990886123296555162022063551400751375821204107143177161821624851108612664925973177003144952358375393095459883082558861778134032706171099398995026300904329970610281600105199691660951215000499795177743167272, 1650920409798953894851061827864114395371397893862879756649877215708355945489765186256633787053051219504243196382493426363400119081195738258674128530049862140615481235679441958450886632933397919213329047208065649221132257884045744798810932002785633241331658677166077294, 52829453113566524635233978491651660651884732603612152212796070902667390255672485943015862093575843562366061477768615871576491890269775229014101815456438453015612100528243051884521553816363370091690526779002240102411673854836305496273630585704984557468226115035009065838, 1690542499634128788327487311732853140860311443315588870809474268885356488181519550367218797149995751268406607927579443631094576495851770136976963831592170373497106408233230842266232034668831190810331035255653374696766278925101552132360111163637565361006830483087034314676, 54097359988292121226479593975451300507529966186098843865903176604331407621808625609635981777996485915127622685847249929275858939867519565094216609206596756169450610659825902860156552852967855915968881163845853524008336495932058971130591981366159281103704645674516606375602, 1731115519625347879247347007214441616240958917955163003708901651338605043897876019531807345144880277421431895033939196408678975499764952918002965767795961990906441798745770669722962828428298756748459263029080493588856389311779324520584794670710845969774225484013451556861454, 55395696628011132135915104230862131719710685374565216118684852842835361404732032624757704814166445489849531592363119807420441664820431161111937481331032907284899435931516264386864963128982524431948728981320095751350630437685779382073144133949945589503314256511928059646608408, 1772662292096356228349283335387588215030741931986086915797915290970731564951425043995131442516742205667321538460658940290356125826570322137322719092489054539575439689977984169644845094452527502813818424259744357702461277850589642692226280388306068909904582433945653120746850566, 56725193347083399307177066732402822880983741823554781305533289311063410078445601407812212257207705408053151139136932983831816822823596486262914936947555290818944728235803044229673944157524203123352137543443694736183615974907485680023913054009295493131633388446080890141117063382, 1815206187106668777829666135436890332191479738353753001777065257954029122510259245050345610055718485914005491987532578749126411562800596128840551516144704306634852721564283820247403466829623033301850432848605104664781546380309398210631710498980849422096512700342132546678405111764, 58086597987413400890549316333980490630127351627320096056866088254528931920328295841607124531803872462655523394622780410934994585249091828048066227570566158353152982150009139344841740048005646521792121453080019620386750152237620938905555987571453352734376406190765076800196931502778, 1858771135597228828497578122687375700164075252074243073819714824144925821450505466931471624725319300670352229122225007072593891433569183734929692186198648176352109404558838417373660398585934733213240484908847815743231763358042217743608904327412462797641761244796564813297096819982806, 59480676339111322511922499925996022405250408066375778362230874372637626286416174941806608019436689301845548394124965591064552763527872654658368016594064835064244984907598775871328085696312074682605009842171895693255116824774596863306708039752417365084204769119656984948214841076543112, 1903381642851562320381519997631872716968013058124024907591387979924404041165317598137816823951190464556585876408141775935831331883407276667758371570921226225534138407440043962171756984641852348470281749971934527887865889780783833122889834270775077527048341825927879580548780538253246974, 60908212571249994252208639924219926942976417859968797042924415357580929317290163140410078841844940861618330716365178948071922090551017643237811962697092280772252118727677408258829753795522311769372661528180221135260456508114435837360158972780402759133214925483890896804218723105098455198, 1949062802279999816070676477575037662175245371519001505373581291442589738153285220493123183076892018024800701867130805915944758367981247246763688604643120679108789511590517931254172546542260439776991989516928031522702082024627058577317635268699982953162883547102421301303969840296014361396, 62370009672959994114261647282401205189607851888608048171954601326162871620905127055779934537419558407806274734041594556074281821071846387391616815639309630134672485225232920264915030343698306014754332283304004817831273161408578998051873983337517013509579876246534641752695014925091952371042, 1995840309534719811656372713036838566067451260435457541502547242437211891868964065784957986389014570819114630591046974439550116439508521848747925223058216879568812819522058478231655994025625647574499225079957929225642236736013848690086953812809978377875412415688897687469161667912060918798334, 63866889905111033973003926817178834114158440333934641328081511757990780539806850105118654664019949560580228601068921155735463695800265333661050727569550274046752975230099552322579648064374288288199899279020888517424199930808731142929663381858554652249764144770986302493912008259821266022178168, 2043740476963553087136125658149722691653070090685908522498608376255704977273819203363796959234543658402282464429597595221811551696677781135093551144599648405305293885596169788141469894271907561853523972679598079728389307373631168061185965747484769520202761066889004127512680001751601148325680086, 65399695262833698788356021060791126132898242901949072719955468040182559272762214507641502584760010555066540781019965164450595666521662793920155547261506000309768769843520001649538070554625362543936183896563374667211697478846184179580993671971240032860332712311525206732118205779127345071266628422, 2092790248410678361227392673945316036252743772862370327038574977285841896728390864244528083940505494686464499029833014089778451907616566922334136423253076284808416813122004784179915805587056005531731427406800321723009498160875790700225763792038690581826569162521176236706653177715675171342854565844, 66969287949141707559276565566250113160087800731595850465234399273146940695308507655824898672475393717285370336464793875889309790687801182626508779434999031341355359425985583616844643786494228052196520123903930875157620213575138422718873854934740721193408911504772650815197037612005080171610643952938]
Predicted:    
[1, 2, 254, 6008, 215766, 6643782, 215492564, 6863694378, 478670530543, 38216353729292, 3396391487887329, 332459338281645574, 35538798253725890363, 4119141653106976640208, 514533959711509594480357, 68906000437884353408419994, 9848371172856889509207307599, 1496258171380107788837229803428, 240798387633574645691139644324153, 40920664138035265981293712883043822, 7322375835072304440408463182969540259, 1376195027306576873966735029846347826424, 271036784991357904766212660199348900660493, 55819742122558624873694906510087028436652098, 11998520352914529665288597871575738779774186487, 2687107637428193484093353167139771644050945237324, 625975533395615275336167109208757841833454025895649, 151459087459239460890053922718113191056024948599972758, 38009944205312649094908874413443917169976256632667431243, 9881064615759739914478912148079434838498180469541606664352, 2657624761319695361653680883889817548758615137485413592939189, 738720491380398038465237350115944933783712631007428284170679274, 211986105586294562813832096738831873475666756570543546726389144223, 62740473373189506938283957238448630776939264050042227177338884089588, 19133717103886582986893858293363198464459860771802335190967423453281417, 6007357638611718946186005915879296197610120274941972283593876639295425854, 1940184550568537685676512306657842291723193974191135063282542585932854797299, 644081005245665346921198658147073677510019423354092299302649920194755270690888, 219612160677723108758548573877422215644657310447926198169863643142217266235607133, 76857795965039582637481208701965574830468699149624809160566908620929901348685601682, 27589746169570269430340157646111734941336655062103677866462936192003566269681998037319, 10152255809860329813802287605404204896240782767930045578144574265568192819914992288749724, 3827123772075107107772596135252559214971190630664082038305126082504199537877927289889288753, 1477167976794650503070053219039448988899005591135810821185341843688350330537450759171408603878, 583442977796939856801063126670061786154877622600038108702226540171915067875830841425081648789147, 235696152977158808550687194747664046552221339888605430641821685322931820605843823219693647275033584, 97336661939735813639268858491091509693151515378126232508711455936062600892718748844603186169265196549, 41073708527798910993393786458353446708511501378174516254023455288062880017503758824045217336801838933818, 17701792646051163677653951603140537445889527140728040489294369335478785123975969312486665313073271854499823, 7788377051447803862097305997156843143638827896953290894110792533164108509585683309165215462219783276864607812, 3496803866460788714288843420499166172786822266415653284129674173722883376007768302933727958608019502254548594649, 1601458109638887477885876466556422282306221198280083296895123591966081143781665822407674299103922071010756949957774, 747845891101495690532303007627612018350447287974396457209945153526823665869847969321018587296006976105979123837942083, 355958594537115695056956971563823519324503288852207510356524864278927067914333626768837405499522756774679911005568514968, 172632423841962900892082388918311210950790281000217293355067050694944518704753396496564964039342200402106930894521058421677, 85276850297475763672527588813639956778575559967125717493131710286179467860235336120549082683752125434439464236840167503820514, 42892525808311435588904295238059709366082883921807252100687428190684199764131413692922468930735242749954828082196605808481013399, 21960118715461161390343896804063233606973110189623984834578674094444184411987114497039384882050414690378959361013359773821299949548, 11440792070998787676382106089606740774550868253576536698053509039784327110780397169506853379648472671662340366190067173702691484669313, 6063399766662446379460625724378221774241208321138450650719252024181327833901625739210211231220970218452111507026227575196230068086194742, 3268057846279381699563491553875852118071995024557832021571447198176433493667056484701980364034313742721442549996420254332164783364823731179, 1790834951135482869998032979555159169067466845113944770435479642437586439042402017570560813888897932104141750730677320689575735759908907503424, 997462326455375546470545974304716090857762326349877911634960772943590783096194108285909229106873899045672531964819942442865912604911598744912213, 564545735682904116061510682731366248267489985339201169212185841301753862504605017454148024922122495631393277251388613324273983004809008137810782858, 324603805453314474536663118772067442533740160455402343789117307184594716511589082247216578639176998117832220318388104987934723445109559606501941491007, 189562966934814468696051940732261604627001512224986938432644495985826383149714419179411021909339102238987483819064979079147112935331279100043016464266644, 112407587698840525607580074902412785087573856606331732436780094935113222329322481077715300366435755593076573049655475038650551857860384707019289626528727849, 67667468913339143816747065845893355660216953621746367535503512614793819755542178295097141274749429143975064096199355265921557061189807217035305705868870106078, 41343697531291865614177365291846457039579180416265701911476840302153528398326267758179888696322391953689776364167616272020338783711151461384911286740312923475603, 25632414668737064938093943918346350047713676310301896392787570146303554173292420585108455555684586007742942607344349905304493097749626187238250984222389757142474472, 16122374711859637035662252928424337262124681191827947335251938782780882406283279419930673670202606077947229283517514842090457838148526472539425625949459149857969286909, 10285818327904985081292737591099328192817182242415775435430997624873495886498281692581816172159382833349331771841598944506312987487446404819047732602786289704428333146674, 6654762977669145287878584819134745698399677299673117972286043204586783322651614971728901803020988787271857183577636766422416199212745025168537382920990266199361595781127143, 4365421493687194878937820897574175665225907097151971343330852219973974756184681665353862231359680918716099658636407425032986795249994229247762946218770574300644759013323167548, 2902938642652544138610861580294857252405319941621630618088805073728412389926112013554500797484735513332599315767584638985531876447820468492247876284675822966940634680082998909137, 1956536924282228437019048537593166076799563473304023086553195099518195930239700949025174181296028686879371170873540056303336750515485070127525076503458510365031993196722031125571974, 1336285646177469910730219370392803914170256176899882595859612705400015782209245988515947861461004062734370382945516370618416233549101478766778454780986902826772495952436692518637379899, 924690072712459063829187823045661048428765433104618950931730240638244827291351357283877422284837667594911271159827481579544237481420093631779094285207026911270372523753299547845682891408, 648194358520529678930757237780038307649245814203258785971781180808857057679417762129343755045210417799588184345371139576665926516005436491414645712959080085927407219516205724439585949078693, 460208734266398043325385843519421771733180921675579612751823959354003575937861878058934572989900087473847217155764242899606417800030575658823618165877123744960473298211633674098027329259159002, 330883588733671809825447662122782048066382806620190974855413568284700197593731371413699765049095511480354292859421587667221421348930490560079186534518198558709673041514324577228983175183257821839, 240878644019566545189167139407582454568799577134217723131900411613177375438971468451482165417080990705409844873211785276330603084794105328642444566020842326089275462229546335851511272785565025207524, 177524247197954660553954168508149238320301097413766978731899208557130794328136769965090527651199538653119964048300044402233575667622539030504785650060907206117557552420767624320420329732461744330634873, 132430676309789515224547456022450016931702026483964672473549179184701659863665255476989366977879495873823671989959843964867062063209695459106578974504680113752226802888027944254472907389378105941154229038, 99983382959319219786379087401580051976196584392232484554081863661965263976418861742510352996372592029388937331589127203871410336581807127577512086774092120148858589473719025532395280217092107012798637188067, 76385978496502214157433223058351565498837635009797617709430360579327130172164725312580523176486955088139061949593363030328505605006727035570580213466684391626856367443185713154927717591922587613745974463656504, 59045360217882200681738657233515288735870753341263768164054239725924837638937749192948621925381710851988886911490613001018466866674692406814884090868050571818191611852773083456151979469260053522211478089686569549, 46172706829439001900116098400187781804401209997996858937787985733065534728363452638159020417926690311273285566190618376544712336717563887267202478842539183855000203545013309932766691521556146521790024246219540913538, 36522019883623126801952012916419779080406948681767231374342153742724971033453815792061128862433036411533666969989069188726605544921904242329426975043323537560280153451063145184653947317332814082868107712358844640438583, 29217153588611743927841569351233692630180640524887156846838896971350516304479087323877798843454102886699137341222725734850398726900734529432169977824149279699516547751262023631651665681274817607013400468178212704719560332, 23636311570669777848842090044036991009391189196726365588526289402262310980090963141549447548819252578732958976144716699185954418298208226403770846187775824491184576754226877994038279504505562682273731211977341626664088615969, 19334210327589475039924769500767635242427266007529010835545469963833296619841130440410741625230178951718086807980061564256454192028900835845083375815950421998206264309103529479763028199997091761162041887626004836032723256565974, 15989155285263570756998867896079139352174000349579131541124349362428896407736940687178891123120165830887384986975243149777418100741578975668266712914963471031836086018385222554264723654167861372341248033510814765368216991062603403, 13366740239721416332999635396946097127071726670949431317851728857993257824005012328990108079311261140670153195439999204834416298161973412634736903924266474750434305354161711623745012043935102402845531974988608992565438232153653327328, 11294735417432985236857270503576315217610741559327474949618771414301681272747294978504278093207167264714018875643258271585204492531802131275572067080803378542374489000849254135407372232957670622086319355004013058418859232827551752439797, 9645570219000240566548251592293360598013537706921329318147286331054353252759412921079871227284316883055213157692884622885216415179762334972811417301231640817818566764648304022335001273881243869329370118689815904259481194379065374741160234, 8324014017815545750253044694026373620335680898072769592522784771529004557764479100951581044101118794442991255938096539026177366033767180375086970282306323547534630126159400919724449131024119275683093202625277473997717857566349479062254456799, 7258443654751784229956311394244952066750983605599385533777648524577810528538731287650627523918857498909824165347292390294074046617026815949019660689149445234563776491351619033507945635271957801773415825778251025515589162572730171149199107900468, 6394605523127360379469743464303916461341231469586557858011280902509140304151212725140814181615535127261766195548574487091952220679375869013944514020040816519516325321600855395942811086176303507963000270131701909772683654238774490713060704737315273, 5691126247810094258358650353242517314763562113009033998977455399300245181817802528523168726695630096358705026902455430479177408649788128398413985474182335363185049536692567865226189098222059111193653127186577979943726745982895768642843151515808590462, 5116258478058270208181262548800392058471998793385502697007499706557962437362286184218225121262613105108298934636216170392876910786197877276460036864146065091998979890233870308847221658422294526917121114224801650230558656095791294736917081729964147669299, 4645505722795708243555919643688458932911926825226696739674746726303223932692045758955939074855148984785853668714866166900819539640191213035588015196712741425781937510193734566552633881615581873235588062137732100675808970778975834662161282867809540222662024, 4259877528243602675533223833886206540503471530665779715545564610015739360693799428004439740055707689202924249458251094770531676385593803915330007636741010541113363570818613639151796153840672493254559923859579700505480982328803879811295567791621050836843320733, 3944600084876788058677522156502814261615908752760192648433059903269307298777546543341563483509250304782214292896900083915565804296198998975026926989171564060310388174076905251550520743002045756850487659284228704711254395702889085986339167833614254681967350622418, 3688158434078237610817861640978116659550579343230837149119593420985096899614174168303091264967966142879058641054005555520264375172145347240160454774716594374584041222633697093085041334249919958958370181001305501010060984178444424051710088440809985078738154834376327, 3481582073123725977507428992286425083798070445581782723865246541222327074738049807562963467902811763482691223289247679387349624852617445087920229316102414555944925638564341077502648818764037427975436110208210102328555494644690750542608943062962670428733097172147443164, 3317910794613923943861367018635756406650147952391578499927185108202480246857867594258505999312502982662180805074376764835565209895482815952608785693706623855338105883863988840910723843668017282647719763985957192173478343712128740037103600257693854863246258502516665761649, 3191795331676790609822156784826661592248394936313994838666797026779791376751153751306258143518349964575446283638597279021399279440616881162742593442208072147473221002771083793339392010639830875146613787744346269734517246053437139462958234635989549181683276965346771140700198, 3099200053097475738673703146109401112438175934287478368882197486104784407402175598968063647668504412668186147954184260993379930232261199193079865086131963288956582175774377649972523810765870297843775018076910223791158142213852710422679339366731363377669069847052615349640268763, 3037184100868248768050667250527407536279854916103492250936703605985522528320941380757638999124011327512242098338805296103785718864716991247990697165328649867689735884630946041421779914798881088096224464607671725848516576093411087090835269890585561725746126225255610475508076761392, 3003744051806999779388873611907485153815742572767512724842143194414423566474403813107084226121579394868578173068942600724364415545139882748309641127240092725356771509430619947134089317078234065620396882693698867468478163771685262036608464645706642058744772583854472281556852127701829, 2997706160838425399090202121712300788533183255133557823358615284317629605902136788854600260535332928157524865039633191632832369196448890591304588779644689311413592691772443012091574869626271749347768357570862104546887017548396259098568111746440240440522007431171587454410262706889495674, 3018660036120911346505299754085196449806402452661276633118843326252200903794347684121825121719685039552757537161496763024364868819150980714224729371625588812437741807625116491281596306551667063404405144373673752924853887699701570427223755308048890068850968759856434845985735501599888194863, 3066928589569394160765015114346863379551173046986047507575507951054337289849649121637631020323955251637218212505496901039888481069603758864635193004154325173219475794587210897090086312120635485113193351408376639964252219693749778128983315378639591475493424347216492733926357767954179677074308, 3143571587701138353903391069772190415862002177291254272946891224529015301258446998076300434277493691329204756797512124788062583222005007688902913449927049773601621042151855010894373638425249997319083458866867043332821877317007378549078550005538162692645612286296508842856461705296346863390309657, 3250422322180473873333617966570868076819336789392817613329691766658189597707498256168076001371170676840282402435481859863068489056868143067589617995915196789123395621179772172997188476437088889498159224808499720027107641975719605777932801524315106409711073022117517582376824084691886427643198585294, 3390159015618854735318822016823144105405227677853009518855241649952741648032114360773479687778116483207507138376546459038764765238486568134536346546093741607881184936143675611977691043321804839638877107569016698515060912182732312728956606785179189249887238215863794800769462198398000044334119839764099, 3566414748741397997302099283995971618906813983139988386407733291969945881731430426230729127200912814094792199340738858969383486677149474091016601045287011210879940802170188119314342629152172241539096032606451233331170596181416692558707143704788582473081836081412286179196000899151913490275519903161280728, 3783932114288777449405920850621855680239096098300787770255988489439832714768569007205892897658949048863502943118908775885986094670449468749300752710062854352366927313502555199211911564271599163774823499139812914063880178455926465781228834698079614287429529671474600572227735786044633450625519301887450659053, 4048771664207378611058630682682847747932222723504200774382320989834361025477803044731018182497502253708916129634857367655934897677820153943749627372757814622378126736162112346880171624379060727932147595727818121691517987417786947573965706610735438330008355631706104654357986109890810726271846090505173924185122, 4368586750660537020297962742778803963632142317598371985541030201452514888184077233781717272767830769032856836827077535590452824509801680833000352749651571909467820593556498575015436489839972259069842594006972573479650435818477502796839235998120347412978600190197400458088619044033147380246918216899549391408153559, 4752981859127002979797038578072675895197904793318731017610879541823859094075714780072578031243427927522492085639515076584625812787602884279492640800161628549286686846367346407846057830536780992994340476141845538584817261518024030559849879347453967440392316507842041150889910292078426404207983897811049152840041626924, 5213977373069224002168861195632227006175231370799243644896621685761402423947908711716998352739784786235298233225351422955840825239476204693328285211258350721160186490299621320379604548663541240767327155635526745480448696968261697256644238042378520108091313022601724437974140196991763795996855203594376264586599553753793, 5766611401069577378102294021858948843619997046868558879664064962485073471293193127609176832602355283646707745441661082022336612765344282202617013375497215325520266082422752149186736649352135936970186426381439084235643314835365246261275417696475390217700569221645927813283338067376551704139060472204097693485171779924442998, 6429719524845303099975739679300261344141025146095499753797391868332032268858077664289565175022570896728287251084614275348908941485156963493682832560759127983875802179860617021098854462000675193634031714735996770159021758610451034773444951179611241054513205346023631915151426142732388893422858996572561702018173061293689151787, 7226947027624762712922342058438202694709580792679710094282443778790740594810132530057200497963714609125220611256569191050247430481440571612915242490806584614619067153000468552568376191020238439909194219348317247459134379707567628218081635232154111372332442873902234235755410655248138884433559928112902304865273875702985297386624, 8188066627385306342738563405472595359436408696383118950195485002770011309921805229013560997782376771351110295422219510062734923426309440212444048652450766101844306991830569398910612499657041625187445252776481138281298055914117438925871487778625083148869172244142742824754853965805530965942515436377917928747131966795678283738304149, 9350699754648830045969307735482381630155762089119872051435674524926965110740755395280644840296084123856088940508930641416335584663231403589469985487584233728193533297906461287399244433121662445052433714930802814441677887313830482893217843221898117889858887892850284794963329648536773271327387584782127145223510830007531766117968730058, 10762573464600704340049807686232599208085367183847859250223271853992672754544320295739479233751643612641617980405961702036026322900255468459944687737649413972329625717533654587136384561356550224748187702669086335965512870825119653003344351437705655713329941566138275644063638163345754836896384719886303109843567780142927973185033450646143, 12484491629986270447114456357435152635514500460661896418057501804362052861532385846339614561726074480609121555991390667589142195273402587222428407810259884326516262765897703574110671952948100560833940047255774573988393655000792559946243766103195642568305935989442938842110931481922470171868691562802065860912777696672300632487360874504573652, 14594262996130353599046055663206236442478505659369316813804515883034430420870074585471333846516017719285881527472852105887914217672087728152143101853351014847676401774010798805842536615012490492412754475677133420553340926292061905143091293449556786187733349076015856662766235377198175567927200358356150082629432930803824514281585734033095184489, 17191916856805933080418151682874736720724886576353304147598634431470250605882071253357868199474109849225416166575978783244763263987164089841041473992292550101789515017757738399574474186867200479993414311507625744609656635979095051735528013576791783252749585862091141780506542721499462402253536035149357311770085260513332459892286981953978330175774, 20406659241446045639461097485127298215327500787984394578972377939717612816447907000381607476365581471829282778637625046192983915526156498510112525097841768515286904275788668389713134400499599331527189849753954950092654714522729951918497287672610565042275480785461969597526406465513249901302503295731709380084697523168044018829070410709294939169645523, 24406192387533319928537673162132974903892310753985425405965260828427512651312903840166514780974830512290128662877845733689457765257816693301064965897747822730326582368642780049622331231796340360863494133224609447244609934290440775669513826311863426591050209245921054511527842207581725275363598962356782347259194143175314231583906214101627130124845288488, 29409257588319999902775243749965304212446441803356113859731863871288280816426725855398356607239148706566869052399644979023777326298802387383881153167415877039944422330026591605766537425459383958407552133710075723707187839168557163135419966803174124127365568120753524605567960856146151702707529529627627069282205991456488302203483035291246909233924825414717, 35702594446057946898158747883315853053614197633511586047705966811708721764087126736143200962336681259406313392340172066947456760268256653389054807164844526998915126333404407823246051839486518955926726697085874103825831023519634067667096800366887646751441039262481738314533566111935362522580081605758303398625960358735675280385857441828731517756116975853367154, 43663978670686823323465310510828646605267743458650873439027791576153018583523336812592270389412837143496489744504233444489361971120956409626045213438292784013175222659155042627527709209722736916089222633421448770396999574872889784856848729609703394495831936601897845382871869736920960837953905869303899144385374058958923801510392445563170891516584854458213781799, 53793664402004863709307298123711592817480021378834407164724445556317835059549154862660604823359467069938323870560964404896837096206728492615285043592180749386455387187969079924895603073670047739665353852991139451129483226166273395923060953253911912944916251028729403373739195498607528411206824696231807656936660405574031959641598123153614883278555833315750391256188, 66757500525781047692391920353995349100226444015136689313776488863809169094879314355103231590788807357131175606974043532943815885920624559967428475986398131100233227260914926703776949602659723653414586670904285758929985093426519428623649497819183344261622160512422361866218553947057294453358137521630229667178005589141720710513388961539400226784702746588924884423190033, 83446337283585182578681948932895418521768613956191076488171317287234316926034526265500954303442775310466607841162456693242187730079346707174991301869450243888909311614032423987438919553482153060699326567631169568968048368360641797189885772519277719868195232571003434211018863254199917343108610301864431322260857229848919494870737951633724511488681662635267026673949238982, 105058270526654845929046841835802193197562168265341684146560501405946839773743955158443772350533502993917940598599908138633647331883716864094930080475764445654839438767332101416526279680888161604677849096009934256843489162916691249979190275007037756020156349117218674929932332322318603661305617727071929376668035822567319995441882948966953240189990169459734408254802821674619, 133213051896312129887268094896437138881602267157608190705921786882509039324701941282234226401815946417412884494272848270382374127930966009565061208161672749176496221879306229551531788926133708224102163057422282617751367294361831541782958493938603948963065667279617895128070346779552728351088424069181212415643788431013250795376758495778440465396018388014518810218495539120822224, 170112015853753837102831303413780508287781212976380161049828739315049752195738236184002850200456797704627439255595689406947500334205627170071834903387769746486015286759008710941247305662166704039871786096240976489506001423044213178981147550082076852522604162969179864507113449663560463657211857380958391541449379865053693481537322631196067148535148692445985498885487660990310638053, 218762719205990634640178973455403799568633798982769425529691066158751241942304218570381432758608761522816303939607523111017450814619995014628141286885155590899311523421285543863952460974860614016830569222007234264265177821750058684154462229373933925914276092227545617389625183180697032365443809647516413693466418330613389456964884338165271567285771691512608651356871415935681292970778, 283296018918417397520786680228979064702208439029651786797759043695589305078380590513119869161297162923744732744456097938407212295314383046145658009768371096214061858542346389558302532915281187717376743876940647300957270679143810754384223482043711996384032520531691063032553018371419379584715430736015550071294759760169843149474417732132161848177858559494930814951949763043999513103210447, 369415819339970885986421184138458377477944945826023067670759305181406872756551963614387081485742813181699600954874019991961534272072190781725993978368339152513227123859697260738842347492869756869884686866572825287034372179225289207888590070857711171507844308993499890226788228110651480730816732938910283923169687811100194836822775966371165532476797488083460759222273723574623300512362766884, 485040135643862943725815122260113429515000956926509348471525471624952626455236288093370385564188112048671475075878246956746388956546815587865320692951162006781955163469517557454959235077380181046367845501222392416609707189829635051834346483451627041798058803285480213701174957071256000615518871005740988642251288469460792841686718234911689849006006193194491098527220810788415201513027057157049, 641219362327843893067093371523514886814942944850444039509299784399057323507620690899667185992615234498552972953323622395326107479669485514341595786741006022273751681785305349036953579581640912836005802157392749319319896137751492115954803792942757824418926918725891922371884427379481296905324595802917149668068101148122543371782411692184656618235479390519577304767062064536784084975156940678187118, 853458117160010440124325585126471358149390021266165350174223240891339918013712385542616322388591993786823729569025995205627988972829634346739968980776009073875603675860285327530692162301622625496405966503439513866635177525508134424562755302683795854906335641416911780954700092226650174485072490473305996360995232013057905995149045665301060244610782547922741907806488411843026232138493692943212050723, 1143627459946692361546117637443385057815113180028883289126651395024407694185564589666152034626685766638668061815333452593115000902434302878903566323270608478991315428323368529745599634896256960326567317300419324418320565080985683512411159469012634003186850314142067277192352126658821999565332169441731629222389726805871019608833310023089502163498005618901710145202808330052954349839768356779397911093112, 1542744902469868673993090971008649091716901116510283117098244181907747078261193684328822714710801185770589671415781975907177653433172988880151715578291273834388543763274136129964393072690839705896445730300786444621012805369671236760281905563508432779898124370975877993305386525864903721677643580884198736355138787624708248298831517319522671489392083029077612994448252486215500286870300315166713843707223949, 2095036132738483973037269455731468555349697878525815503746590723966790109300564034725513768676921145505369413558040667095780387729455683670513751524264516384011081776622459542789685915883027147104185942494557508378071904849438151213329742895089571978271220090579299123472315882110274818662508340003354769422520384743249330722463627568909931920643647046880388635367844512246322924895305883114700911836941806274, 2863898954559667294768962066992309151760917977095929541821145712345719071520110286544341006076303751029211191076902842843986551383998794612474764538282755950721716342551365636310499043204540068520860031573503195604960820316285680607947022633671654930232128449772986199815286357959472763639056392705939740698674056467294483544657440998575679852843020790548593478606806083351826956864339877269762782854744908619383, 3940703995673880972465988446207867469774067520482364931139058590473152891502684987895740532907602144749862916430425792597578591661862879704963453333366442705083020144086821354409135784986480745971661799433898894658994444562547705862922295110599330498315561405272674302252627935940528147105682378771894403424579365185673049512588463839876322181110113326601858924890670454882102532934615174799414408835384270301649868, 5457846374052979328967310205019252972622516951072302836213771098438478740989594520366345921975514815624383515461737561200062162683123728941746456296395829689497365620853558204439135846317380821381753342011622992568257824466732748372687686449920403156932066377676541224049198332321440182638072044817555210665858637905079176470254715668844556650742576643854476119337120217235068478485162657202092479428805922194740250977, 7608198409729941099952807682119397921688076322554789557439271695587967795396838110352938003112437062804088945300703453893413094807589303156547882516072136229275234227989712579403193761192690105186915443896003785674670367880927429930220545995959676337875082388698419626896989257617772018014898075602102726186095511663151437271935267450981529058343245810086384593275060217758359994453358118628073825702858900404591848545814, 10674247750951666921355871882167787650876497143067619025462693325983299160584811316228930606695408013375804244746479369730427097833448275916359015027925139521018374554765878065763051493986307305009209301537804996405671362519270818843314393066551697332344283052538323292284807843236772611276493044994428380049503232847445886766032877880379009040376274539753312284486635228947739396068721630183103913445695852653285540045949899, 15071961687741756953101613652248249241425145211310775765334123978708535915411442657581550245862213649330269220147065455448742096535699290184455086076463012214706997339920036243048495048218086950859383631550693406572055326009913916567111835771545257307937054461821419945065628036672545787872229621596301529857847115055461005019539211912067302873492236918341778196549317918415463203972941068427104361383050100172820779802931970848, 21417150739666925116948326563680567827267010111546480984050916347813989820308719857389286910293346939152622437413097583984354593940645227193942069881360693820914462088749414459005444899341671115134320428438299265440573808908595186254037837400196719378279897874209349666161694071395277419701075348799958698301428204011756481086803460586613805735250545835486479385424590084691224990628312477145222028121777462943278176841823921788213, 30626374731288211388153166903490525316154612086825628568056668162308287517966824341481070370227950642195211092684112192014864273988920734430277146772051734287249349535806986518972989254543931283330532755118457206580656509376679524714920608282692424167110875933058712920335995302446163574569793663544236589780117180719179159737032791487198187696731563699551004915943326337251890433744229876125893535901124404778483764524752036428648042, 44071138915989904026772154750774656437591376910468278205384568834183081880530982495138100759977426505168724197155246695980467083928771328452439814771125337974536946506154261430500136685888209041590173745953627226533910947217590138521279861441220807524734938290665685141764560396059666347896133327001428748757814683621841060688562222758320666403034690941350346548643378515920766860605186251654197571977123783334378300340990706009878152479, 63814702672283734316491418295029319406886797110354724783807126128564100936275859706984301930240830705508940500804653183909467266279779708783395820017687911762121811179940140489328706196422180744834615815924639206755301591236201302086022599266927328780722781923947575695395281156697212047081945559806594658131482086773185606335267700261941695444024703138216002742861053589706513191778419489556425862061331632788990134219299167307528331927924, 92977580775650171353373454072526118246154941959361725985167339194086220231708389280305200863383084080787499250293731992457263753227550666809307448335852674606406725832346751920275584435095514517186231386296523574952943277861338252019456923693198745424922752505087774794949627197407080171110244063807246928440011988706583969770336383261129360425772392596126443193823494087915883755530173254218357086825478874130246092129841021485013905604597513, 136304494829058561137156564213757007455539396923022761638982641543693881543842690388017583695651321047870279784466224406714010737505184391376468785040729925481043634099051712880946437154294968457559529062295038638739657761188239708402383111904797977147040357603881334530645958221139311800945658827468994969658018703211262420368589636527792503277391715699013729289315288661356502014510425222547150569633333534843769568627577066640075255459006285758, 201048199458465576585525509561294294453844825164049578271584271925841697897649809430136223058306996434553290612978713675889012927257888296887457388926373651462301347602871784406442614477113172463930498018421303361983104311235718474341936754752110652920784381840631340211636088684658251367863233709106057078748858148244492414524657287013328307901441732320272381800875282586888433128994225092756367945718645890611187640062320105013039196532820891848307, 298354164021000229266216704200664598107888089364182934932268754587182535963917360608526085129797847493555549194793457465451213891032768922056680166409879388482178151393627508049939077039338933080777313656698127360166381510409677398430798541885705694591301452102295776432501582448759111403252497754663703304412112192368802510874868715604548765366274045797791451586305161437867208791064876281287723880796283647258370647683133404000402695096882400060383944, 445440755037383394952308980964508335897270761341294214718871772450993501233433447933849347666668873502698767880845635255152335367889633484437130307277303804157089479968760806580705755830743558943020194439067480848865771218711071869854946168065644654403940717574359986767881179861951233008915643974306168287516044821325513679579754023126397942965208670473813941731529403515988798614756207791955281464198744112043432633304348199339712145915122271277792240349, 669049028512663679268733274683242429962641798497650837771261074055698697002296704451580954837053230709773434134471215221923386883459896875419155661547673568927216774631502870146201692580817442674938943939492406430422924070312595275262142600394209699910152172431753309560147363454092218267961124389256911390070083961827116750234525369079422471482363121831308273870754476826890049903165609802258012591697875586079449916772967594101374750059698159483230980175378, 1010928624689530959361156820141844217499637725937300029857491809852270527693607665757514423499952481496441351874284638815042370636715114949805294419235479152866066243949119573321506932079379889063385836702520648491755976148229952915529138933189929811546691326351838571754949777198636163756847739622867299095335242690512756349671077769965119663191569644699181703412682696504141580390080890634832678653073319385054718604019170827803876977325639952264473220157762503, 1536604814580408827732151780124951843080975802975118418488994954691664754903836766329708583511120566392177730807468404919326900266993947335506340275895949780010948460332396355156519670918321387935101275490801938405780166453946812927106146598486683650408954165926877770855437626979311930810179843096185102161780607534563963363272602575030577206135252755279149951006132963823545644007410319763071269794172546315901800153389747145379068691517457566493689773539110015772, 2349458645512250524062369653656359298261118532831247111242480318209173101095499032755845135704059539283342372867059004029183142581426565297451498521659372880312866062955324270442293190898950272310437971170772109168651268031031831950511644713116845392514033436138804676394034496119233340809027182895540219339908466606566379428592085190808736492302253614020709677033162030124373498713340965474827748786744793684670620515222163801063435166246401847608380709487996947500209, 3613452020633714307346107115387524659137359800266510596956122646488646930528176006627864242338524016405386350314691113325742012333304580307828511967149170996090064021207792494220103337019941172469731916768837931827347805823585365226742604853871754052941118077756258932081072571019578950443575967697711368691892149752509964000987142573291673403332926157987497581179437925730086377773704341383644538698587005931927912102490843268979888334136967076274464123340550611888547174, 5589986765957736783960525266396028128150924759323735633559874497231837648497120625757227798869965293228727456293943636090011459587239441993438081605435387992728694788164207939082075295847357359961608449178788763243741331251998108095138160287777570397285239060607545957222442374538315642075083223916934902475510869510578459518172636155580138504269285803970142197085722574207541182617686068647326712550290804242000537814098261470816820943606675604012772689592884927928740700443, 8697983249800069479449999950999957419636712981058041424453263909229388395439184444261684098215214879663585462902230267328699662264128855952243804066530047845437665555490651228237290534738595361054688982776965023710650072225693731890472077332312198787512687896518882560238092547163079970285063931856962306553317147750806003455845257513251660515658288630753524867128573663190779876845543551224353356894049082236558825617407414867091988523059342657710127737056080595482338802638448, 13612287849911418989015017740698757139102408180163791900691656518390557169500216348813861479071996135903978647708336282902626713159912171455052073132391943108358771123860094673786994447487343373785943068197313243927638314180695755103202286743390243626002720561579658672363842584098856231170920536959349052005218003356108635544248214917532461870623194294191002699242710115005552277648141904833835643264227107383008148074643133804402754885513242547978176034197919754728206156994914437, 21425654039992049798268519191677717561150365060812805828345845125808091255240024033882119677083704950613296223036558632900594371258795667093582231192112525570308500196829751335530042522200352526019199197262894639273686070970840346659816108099041241997863952401050945168940677074193916713141000870018300041275396880778163581526747982214530256080919369208757392449641540927614219358989791769020112781604049566823715253067215519063518669062759538548379733802675860286759040013652834681274, 33916674135393147192778734611516237785553840041770104985729123095354885905743709726972756411917738599892189315111938869842423723360287035796649451724464531665485024018318131725516308755960538449310334594644400564431137357328148887033065242806679797178712912293895154968265008158869951485345170639978443656481852393835295037059666714655386554212573213686909711091956600376518754669832035505350601850401883978110670275951919147472667397831672456084437500912600393189334829903073410190668399, 53995130830795576142767882485073024188312354654997902442581938159614920958480132236781626747539363247641930598090021381756770344479521986526382500102782963689884141820367234044869980490507272588177414424947290307978438828312684628371443844730839144207187072008000107708792035498500641806830823215099721592809839156148545379450676966910363034162692224848097619243314585425096686737603561821735459708029105926170347571193271127602090979506037246597601370037824763705173576884854193468087488708, 86445865078969613158911316208239335736743934905559724004829126876504344848264170420341555693786167705485345530857404927504858529051371042583918532742995715651466288187750963292857431619165601903664422752744938743677240320910481080134026068739828007984833391271321352511225680325527518512263455827224508524943678400615045555230614914913523651468784401918325956670620651377201709108659835117540634788098283875591963515269545371944298535997345329774710125924133285625798755772031694332750706133593, 139177302486451635125840131352790117229927107929507513750944723895673359912889467054136791021999230259344940500017756313764316933276802239682398754041300514560007786917994190250747036799905577450663831240033506231377880892034373285159609600706001539002248814965093810722065707035236747789305622881459157582198249252510283082870225587331994007668175574316192830931768889571552122611716715036263146818036700433931592793162045234415697972923739100262789277056647787448832760916381559464384298636908302, 225327187726623718130543576459262642188588389671255165523642629525450906020226748671620648135414819428455917350268776232315635561091356407196500033523863180527857239420286431645675770576623987194991470243994833294067409915775809742608750430912363971810707650149592432778678259794956176838685242269523731579350755030057662220450291855315670384107064999661124698059659195650683371862225049425855882016862735483090721344027776616250880952508141642991483598427772319744395278700187434987483507647855027139, 366831268980919607121035492478165149024242935515657496898113554541733474003651276644238846980015904102862216455513307557407048256733511676474655927040039842541661190330757184614887363346373428954973973646377568854384896184825670076628129447916690833572608098774107935178800640169223211408069480797380261775060978995931592505971529834827463237471917426437411055017596978193851154355830118985925159139302814316947910504761187136185821899637869965438798698106515829617865760435072546034243151935876315584024, 600500532657250106813958306300994241893805020592365463957982275712196741833919659728939116731620241446264499761511057523564212033480424484270498541436673174193536399603609839224149884249155166537221972804506794246546777533302406809158482902481705133206106126661043765417983973607643482068756043119271388915222907058596714074064268291388377714889833372035034385863402128519052371471739410267985858735434388690439374805237307030974957328606622667377532217364248237854322796126137923385580784885438218392176173, 988420206186479351329660985021625978398653940800831631241405615073657798768781665920929663876002451467940217036706481323763207810663419031862357339434365772276088334166670648119114139870927082249315747074427106268159370673332656136067814811186649564587562705072058125874180119877430104338052112582566692252228602493102488747126514766278697264471439315740359217509409323447793982962730756505402890600158006437973637095624503004802456671546403961337717860543135416174689020312312595332733154235078357400147267938, 1635829432562729399625034676240578173763594784852076224127453279913397916956625467808548400201352496511073985401180870760892849799331178333818111808518690588112737785102263015391497823417938647249081237568287024728799636371443729775652334879638581975256414527853577567972110097056729995177508438429324928949646956594488685206734858024666983516468845942801944847252592045704719285059124932309543402251795779313612975425676703995509573718744672392838083583707477054103398259086804773469879581633519474164986431961367, 2722010285573643962255718850400501652062351557967273528506192770706709891497831382427474738444898362609244065231600033525482529174881657333119105336213461610196868725118880413997725550947982754077775149832318975041514909206282711203994584662937613217276891896972261673893982801699859520846828693217376033158562222106672645225449572963984673523975283548304530472578412589574817032641810065585808268936390709476446377977987497355020444151351754771479781866635144974614227244160709947356120502718008519019631164014557804, 4553906839580169983801101047522413037689496250367373511120177341372457330254384343150481202134822794928715027346136879344004019208187813983110570813653874447425057522796744624744427204930521501030700638827612651740099947420031461751842492717169049539494937797611939153249741897743091871885664083319956789576371450801230834048366510989377050948728055811753533555421961835863734012559201074653956866544148541529000248614288487769815740482957658905871543892828106370915647318039317140683357143130291749239110381273266434049, 7659644067702805639948776688154997098151001251696230697866782543096746294070737999305634423208103999920756033261763585079535377230778765104283451225098623439126410480802546127708112813795822231259556279569704300043593341915718776325394592357007786371925303304318289278522152040846362756809987439536802432993227291478665963641486406363823190541168467528969400448989812301370409926071199242302228491077182049829258559163710571958551391825311014935301407898748156073258758691808248272928689721082206605631912732433870907718838, 12952412552180577495180738693385847167211723490214400744809780722858092531764898276516522829874099847696899822452634322354723803473977416775188176387050168503436843336189335956177059310111788772911425279551043355067015685410361476309283532770379724509476787756152986058212182689821064473075268204067292349736577356687147127910185163430994812425451799188582738580914988454492452156963218949757056111884399328978838413684342911632562426735529072911661247512415214919974230431277433553193306767784917123089483768512995209053861483, 22019024696699999846908883648302774381363186803725560378504365612475807831085877643017786449461966856028561391979352722467164900032566031255152701883838443865876116490630215330493946386603886009106961895284776679954619528608426233563561793040816641146001371032295583874956156574764151005651697426483812185963396604102032053771070794618897312688582982856512461375972663690367030051710188323625596355652040971926244572867929821004087191959640098986330834323782509965395552815068148643669563110786583192939032006682734836186588637632, 37630383605892770950697431975432054393475117387202441621968840472297544052927532793507571574540878613069278281588299150727625401351747412063625548439741883222507282196872784450659585549672353916771226303708935838585234797098357141269201791258759107030751139158162426820015484910447104199415443890658363768079358645734539790359804642168847403568229378108023832469939890280270439295236014928995685202213667739141324405916759767538097416501266814551946785960421862023313239379729049769298992364872145051645261714183319348071584467213269, 64648778715076045964512049194776269033222163470485392909873787767391632313320792248371167961729145214840576269017473732770867008460497820329644710273377978974484577052176923130530708466048204302880083148577666175415176625242398041146262116451569741179731231856076695594925568927906552543216432780165601644180746433255222506528071709192298802253274626820162623094721374382901144223851819849215270462469928985153195439350150069035683433082699032884639022361762598683444943538465134405906499896227775207269542690661638338151648953271518474, 111648064316780424718474015846119846299415973474153673129139143105716610481294870228518197154187156293001132079991610029295600853926204414001580114404693273693700856562525526998026324465501463207808603001689398109988349922689477853960627756533017377021626430678835225314486396349497270198621405957083101988553088704925195206522766171062624561980292654779870347525170478803248869899713776865646682815118612068491485510623635158415355140031189739769110466594986161547416577156819580455405083161875096491512526757221202272492581693293839392703, 193820392789619510644149008095258846642774839026656697097830240805277793140680951370800687738073566955704788341966143269012635687276121182406832065859207358856479708138767209080093993755970515861089440709505405110903067653913576986932139355801574807246135916939402781151014484745848984653237815203714200504060773123900499752236205578576911841140254403325848171174905590653940187728285999804550201125067718896322499231475103059497556896110911929758824262493648580973949450654469297312575569861857294960222231781639549081526244987019566397534228, 338215468290378566963125712502654620986646088650856720819528123502152445621728600249999008018445237129772980468461220796584911790893152431575482028110425454107544368714729377483705559135407755138701329657955487634536716464768089590850500059166642965111473551228232009586272197118226104970786432370883926984018096181451473176573826190460612732145666597231685253244606213625789095246742455404337232056173040096307497524453981074896141130535157772073270295439235576542453951498987586120281807703602203082073835819024544477177051699699671886515101097, 593227992060268602779105143932951680555705815739761762534865164673664279539171798369092503865391072052744318818609291916569403017386312924739846969058213763043947245206566521031967691323598882013084621581266698812642302511935378904330561699268026639983919113871318524942987675521757849255663756445218773435067132141614890047821890423467972864634443731663770755903871945601662197128569867304954856655609191522356612169265497980573309471736527239551862631915182083572397403594824620024311002394714306856384391845611298148807647173020704821806329853534, 1045857565908249587510218520140872081748844615264559637855976502874485992193022323072238178568405313702744058858480425347343251138270320478351790903121102287508477232277970560478509750888513568591016603323837823225313698863210157477200850555404429034741176677524639276734520075464664295237822399102663677092258613176144585645674338477597531612355653786777374920627706626680496223770781992234607116263147524602707177440951201615115201115188970032259548433897226383864688131170826415620968431115486883008425288969273570638038949294010253084458553223297299, 1853253671125403662422890082789573077611076236452757640313672023659497257390605627208569889592429282824215700678820399866271506716603452275302161522557574142750653214363090561286608109608617816294063238659100874721486373282117947780279729948839250467363414760662291589905580176650149718789928821768845326599274147136017267149725813909059614832817577295220045868722706284144968057670087517857226732173710166024030687329430372735679695099536655004400453920853396760757918195969301610844673924960512415107881667815779771909625221139842413009095952242075793768, 3300634323763020825672646918128128190253261412254412669764304196033101778631971261905956814819500083723734088696772140443726859295458954243496028941808235318105323921567108036673962946946473617456791499703394679752701208177359942443834106853141813640301696326660854706020602960016088767109539360876881425327328125347702880409190808714777154830747704965034084455955304025137588434497336423311415966852370586965980660630845149173703081378987052473244122371651548170254563350967549057852572368535385326096724118182776308040075158663557253711212481753535148706173, 5908116896534584700820311234229201463361589751808166202614067028500911125941873955395238106669464609103669582536003136198554312729637550267076321663491648839436968723619766198487803322856825214356130908708341421770461681751103383672432404377638617132193290245213244614245379007292434563746832232810706630781305372500215251887395579475454758531703563311440306158465067142066517248393442407406263703555272606348722324228836652372532616415842540830467341954655674339327405530093899343428934301047270841303774679598294306128284470395369583635082263970115893586115762]
len(predicted_full) = 200, len(input_sequence + seq_pred) = 200
is_manual_check: False
