test results being evaluated: data/test_linrec15.tsv
csv file used: ../linear_database_newbl.csv
The sequence ID inspected: A073357
csv results file used: ../linear_database_newbl.csv
Results we are looking at now:
('Could you give me a recursive equation in a form of a Python code for the following number sequence: 0,1,3,8,22,62,176,500,1420,4032,11448,32504,92288,262032,743984', 'Certainly, the Python code is the following: lambda a_n: n - a_n[-1] * -3')

Experiment type: Evaluation of the results of llms.
Ground truth: 
[0, 1, 3, 8, 22, 62, 176, 500, 1420, 4032, 11448, 32504, 92288, 262032, 743984, 2112384, 5997664, 17029088, 48350464, 137280832, 389779648, 1106696192, 3142227840, 8921685888, 25331224576, 71922610432, 204208915200, 579807668224, 1646240232960, 4674148089344, 13271246761984, 37680875156480, 106986809756672, 303766231924736, 862479438985216, 2448826447755264, 6952920498929664, 19741335082668032, 56051311230464000, 159145745589043200, 451860407599652864, 1282961270503366656, 3642694942792941568, 10342655504357605376, 29365764787265388544, 83377827017217015808, 236733559928521719808, 672154461219749593088, 1908439259199345524736, 5418606311775427166208, 15384977132743825752064, 43682361802272285392896, 124026751301664692895744, 352147512263057281515520, 999847767450114925264896, 2838854523351559960788992, 8060322048131894705127424, 22885565634021568827883520, 64978683390261816412602368, 184493115121224779749130240, 523828858191894991001878528, 1487300339063204477836197888, 4222872153727687506835537920, 11989944975041722098001117184, 34042891963382547320334712832, 96657532260818675903005458432, 274438451139827958526685216768, 779209459442802225135388459008, 2212399097733534418240823885824, 6281635455442584689475112140800, 17835364349721805535207929937920, 50639713772583952219412918960128, 143780668602333756115770180370432, 408234548018442826655844905517056, 1159094945209604186599124738506752, 3291002925969312952004659692699648, 9344101019075720714933829627805696, 26530582262844839424914929217437696, 75327930827015100743933717743927296, 213877596294832486705942813361569792, 607259826396959222697866240905445376, 1724184782062537145455561145663356928, 4895455015251976664442665245754785792, 13899600585551676521344148882176606208, 39464951845323873718517056837013995520, 112052315069592742117576962310859128832, 318148654068178826638927919659733745664, 903315259684992085522437943069526458368, 2564771052606438519769194018260889108480, 7282120479822143390264880140084918091776, 20676028228232803653027620373435168849920, 58705173098855518090589348969922781249536, 166680820442135144530776674666120285782016, 473254645829584113066804543531660355829760, 1343705647747506910325290173402005842690048, 3815165648555961478095495868813622519005184, 10832349294892986497214431868709787416920064, 30756145880843113897126324346388671277039616, 87325517640912432555838561648342780478488576, 247942185630063247629277812945236011639635968, 703978963718289488088009653880350267198668800, 1998798147634729826946604487037142583193108480, 5675161106925887850692934958517641287257030656, 16113409764601211071161341193682695350653026304, 45750590925970752535766833914734501419970199552, 129899046859329941559807840801242506851782754304, 368820643262639178238486709933397412428556271616, 1047187567465178451786249144358088625147034468352, 2973265790528816977310665419301249864577478295552, 8441954178779832458574638519639439782578887852032, 23969128687934418828628390690068936922299707162624, 68055229617675979434836339520320488288038233833472, 193228312076525907341981072360285085028111882387456, 548630587211268549285835712739996260804894008541184, 1557719559774322526645091240559485679683204972281856, 4422812514405267724120984255998527845569467619737600, 12557632992946317888475243487236161185154838606905344, 35654721033712845710707219406069504717707893893234688, 101233977191876646737169872187330429821351156384792576, 287432290618547839882801098099516022784882727180042240, 816102695774110464003939342460881381289542070967468032, 2317149575006003789958892721820122293661339687919288320, 6579052098164668983585415713635995695056955922167365632, 18679815484182881702513970652185256368161549078927245312, 53037352694084858455632005197837287279741052002878095360, 150588253035937244979642969609880115036431923540138131456, 427563232335775309501071798952541823763086584306894635008, 1213974622587521974996979327766321409466100747072782204928, 3446822067078861151942916054474878572884920498143826542592, 9786516242636907326785890504739312301201452172897966620672, 27786725947407228649365856456590377732198328193162124722176, 78894482953239007594205695916354018869757345077344285491200, 224004060508600930432931138848533189152638971882524576317440, 636011762116262148653633484641897436595923163607045412749312, 1805819772337122888071220775006165027512651457052771916709888, 5127240161900644818536211439154136741972191117547955168477184, 14557705082486612019167229625875681731030004969194823832567808, 41333499227018114578666514296898510011256558320693018489782272, 117357656901927299875069561562399586604850595641088688965812224, 333212040864609965223946648313755669836436159219972329569255424, 946084534304766890552841375599221352948855370956920599393337344, 2686205287564482301065718032266661905659378038229970457227952128, 7626907094768081572499399923297273550514962987532144090476969984, 21654976297423930866840410315320889285320050539122535731782746112, 61484687385752361779495477632627786750539106282821507479679008768, 174572658542849886795619069115822136961906148949860175172538990592, 495661837223237961798175186563419179416108271746399742235005419520, 1407326089493057023569215425055643743317886703751801283209223733248, 3995802326164976020675399092200542529530926025921326514241951236096, 11345228621134151912021085041706433503684373832170900408600920850432, 32212357358862817612521174648134851383249564632501898143854325923840, 91460119603244614843351156610114756577322615253166643969497522765824, 259681506219795492747362097931332487783660950147000784119774629068800, 737310261183929146841086114581140627591852468840340356888817077059584, 2093435259063023846061598379819462072387411305279691579015164837494784, 5943863003955969782376773256815950754749557246051406456744940299878400, 16876331501939642038942871737148235984632288700767540224696736003653632, 47916744510060736718387590680968065064305748429423918229837512490090496, 136049378040396318282532422288911217828192953406728324934052986545504256, 386283197125221610334465069906069083024813397310752707266255368228962304, 1096768765359422641644505771830567590915093272474945365788484551714013184, 3114041029017596761805227652275816467217505407470227283957022707031212032, 8841655448883139701311817661593133671259275334602633087206663357726720000, 25103995210181017041315371580930403997997266253479513944575531706210058240, 71277441103226702883624670981900714241386974490447977997389518807995777024, 202377094469949022771860832927067508316077383617079122385669275122596315136, 574606603887251313635575390942527984294756169013483605442270088670822268928, 1631472919875662569222107574025643332397489090566513888221182291808895369216, 4632219452893543067889850398186596409043086453446279375886987362797485031424, 13152199339846024621942122078528868275171901789546029161547760461296003186688, 37342865387561251354653301869420374129310239525532026919085456977611863359488, 106027103096647993066624419959939216234639523850836549781924760790858410754048, 301041349516039016091768716519133104971660940880310149774452736175578195951616, 854742716452686594809883789975616303206706147168958453808282815494102867509248, 2426859673939886301005709133745811225409459872856266315699169838855815507738624, 6890550528980876856966838808119045898754336784509851747112453565798006952820736, 19564248853069335413464286277444171299792919940952258633269700538756971515346944, 55548512644233606828001208144792124054973252371482160176027327569547489265582080, 157718156222618839372081365085629902818230003291139309665255415254758084906582016, 447807072019679601003249200318239457652612843560533115223451751818356325594693632, 1271452688476710260180673757220022467447477865820539542584840001393487941283610624, 3610018778273360315453860957778391844815920095622304328776063828810042632568832000, 10249878503225959423099247202869956424778994606328125375211798813302931416330272768, 29102344276763816950942892494806303254747253774464363270912619940758531017612984320, 82629900650698150742282303083302171009504876863789560240355412167442483670268510208, 234609982502189254011556136759723383868588481569957038628194766533341673443282649088, 666125015959492046978981119695297457945828926373598640093182657345113821127282524160, 1891319935130607473354264537908900638327971532942145526340662387581973558076536520704, 5369999641688840213524245946373859489265747389414101622246308454014122294683581284352, 15246968858151915054637887873250430319642761278635021663808949580418822588682744102912, 43290516736113514311163096783324084598163998622767971218931889280782748292149724315648, 122914190795224077453149327533042336092616444155360001464984375709483947403235083419648, 348988633952746082677220698745373866617095304687638164311827844875642441621706924621824, 990878806102315049518611678415974291294243439374648593825237655226199473458186813440000, 2813389070188724022271862573748486370893825427058761720983607992821196022152389722112000, 7988018324251128056367444978820796051632518560111728837257137040131271078020225483931648, 22680274628454246235419552977121187305543259410961165652744591499692699170387716674158592, 64395803357189920760752157140698537757430614257515270703917033823888104413774744205131776, 182838151563444954214065306611950993910814456506439877879204043377044163129588561091756032, 519129942081928626284091703839252199224621887817620760006637221212009633204030700894814208]
Predicted:    
[0, 1, 3, 8, 22, 62, 176, 500, 1420, 4032, 11448, 32504, 92288, 262032, 743984, 2231967, 6695917, 20087768, 60263322, 180789985, 542369975, 1627109946, 4881329860, 14643989603, 43931968833, 131795906524, 395387719598, 1186163158821, 3558489476491, 10675468429502, 32026405288536, 96079215865639, 288237647596949, 864712942790880, 2594138828372674, 7782416485118057, 23347249455354207, 70041748366062658, 210125245098188012, 630375735294564075, 1891127205883692265, 5673381617651076836, 17020144852953230550, 51060434558859691693, 153181303676579075123, 459543911029737225414, 1378631733089211676288, 4135895199267635028911, 12407685597802905086781, 37223056793408715260392, 111669170380226145781226, 335007511140678437343729, 1005022533422035312031239, 3015067600266105936093770, 9045202800798317808281364, 27135608402394953424844147, 81406825207184860274532497, 244220475621554580823597548, 732661426864663742470792702, 2197984280593991227412378165, 6593952841781973682237134555, 19781858525345921046711403726, 59345575576037763140134211240, 178036726728113289420402633783, 534110180184339868261207901413, 1602330540553019604783623704304, 4806991621659058814350871112978, 14420974864977176443052613339001, 43262924594931529329157840017071, 129788773784794587987473520051282, 389366321354383763962420560153916, 1168098964063151291887261680461819, 3504296892189453875661785041385529, 10512890676568361626985355124156660, 31538672029705084880956065372470054, 94616016089115254642868196117410237, 283848048267345763928604588352230787, 851544144802037291785813765056692438, 2554632434406111875357441295170077392, 7663897303218335626072323885510232255, 22991691909655006878216971656530696845, 68975075728965020634650914969592090616, 206925227186895061903952744908776271930, 620775681560685185711858234726328815873, 1862327044682055557135574704178986447703, 5586981134046166671406724112536959343194, 16760943402138500014220172337610878029668, 50282830206415500042660517012832634089091, 150848490619246500127981551038497902267361, 452545471857739500383944653115493706802172, 1357636415573218501151833959346481120406606, 4072909246719655503455501878039443361219909, 12218727740158966510366505634118330083659819, 36656183220476899531099516902354990250979550, 109968549661430698593298550707064970752938744, 329905648984292095779895652121194912258816327, 989716946952876287339686956363584736776449077, 2969150840858628862019060869090754210329347328, 8907452522575886586057182607272262630988042082, 26722357567727659758171547821816787892964126345, 80167072703182979274514643465450363678892379135, 240501218109548937823543930396351091036677137506, 721503654328646813470631791189053273110031412620, 2164510962985940440411895373567159819330094237963, 6493532888957821321235686120701479457990282713993, 19480598666873463963707058362104438373970848142084, 58441796000620391891121175086313315121912544426358, 175325388001861175673363525258939945365737633279181, 525976164005583527020090575776819836097212899837651, 1577928492016750581060271727330459508291638699513062, 4733785476050251743180815181991378524874916098539296, 14201356428150755229542445545974135574624748295617999, 42604069284452265688627336637922406723874244886854109, 127812207853356797065882009913767220171622734660562440, 383436623560070391197646029741301660514868203981687434, 1150309870680211173592938089223904981544604611945062417, 3450929612040633520778814267671714944633813835835187367, 10352788836121900562336442803015144833901441507505562218, 31058366508365701687009328409045434501704324522516686772, 93175099525097105061027985227136303505112973567550060435, 279525298575291315183083955681408910515338920702650181425, 838575895725873945549251867044226731546016762107950544396, 2515727687177621836647755601132680194638050286323851633310, 7547183061532865509943266803398040583914150858971554900053, 22641549184598596529829800410194121751742452576914664700283, 67924647553795789589489401230582365255227357730743994100974, 203773942661387368768468203691747095765682073192231982303048, 611321827984162106305404611075241287297046219576695946909271, 1833965483952486318916213833225723861891138658730087840727941, 5501896451857458956748641499677171585673415976190263522183952, 16505689355572376870245924499031514757020247928570790566551986, 49517068066717130610737773497094544271060743785712371699656089, 148551204200151391832213320491283632813182231357137115098968399, 445653612600454175496639961473850898439546694071411345296905330, 1336960837801362526489919884421552695318640082214234035890716124, 4010882513404087579469759653264658085955920246642702107672148507, 12032647540212262738409278959793974257867760739928106323016445657, 36097942620636788215227836879381922773603282219784318969049337108, 108293827861910364645683510638145768320809846659352956907148011462, 324881483585731093937050531914437304962429539978058870721444034525, 974644450757193281811151595743311914887288619934176612164332103715, 2923933352271579845433454787229935744661865859802529836492996311286, 8771800056814739536300364361689807233985597579407589509478988934000, 26315400170444218608901093085069421701956792738222768528436966802143, 78946200511332655826703279255208265105870378214668305585310900406573, 236838601533997967480109837765624795317611134644004916755932701219864, 710515804601993902440329513296874385952833403932014750267798103659738, 2131547413805981707320988539890623157858500211796044250803394310979361, 6394642241417945121962965619671869473575500635388132752410182932938231, 19183926724253835365888896859015608420726501906164398257230548798814842, 57551780172761506097666690577046825262179505718493194771691646396444676, 172655340518284518293000071731140475786538517155479584315074939189334179, 517966021554853554879000215193421427359615551466438752945224817568002689, 1553898064664560664637000645580264282078846654399316258835674452704008220, 4661694193993681993911001936740792846236539963197948776507023358112024814, 13985082581981045981733005810222378538709619889593846329521070074336074597, 41955247745943137945199017430667135616128859668781538988563210223008223947, 125865743237829413835597052292001406848386579006344616965689630669024671998, 377597229713488241506791156876004220545159737019033850897068892007074016152, 1132791689140464724520373470628012661635479211057101552691206676021222048615, 3398375067421394173561120411884037984906437633171304658073620028063666146005, 10195125202264182520683361235652113954719312899513913974220860084190998438176, 30585375606792547562050083706956341864157938698541741922662580252572995314690, 91756126820377642686150251120869025592473816095625225767987740757718985944233, 275268380461132928058450753362607076777421448286875677303963222273156957832863, 825805141383398784175352260087821230332264344860627031911889666819470873498754, 2477415424150196352526056780263463690996793034581881095735669000458412620496428, 7432246272450589057578170340790391072990379103745643287207007001375237861489451, 22296738817351767172734511022371173218971137311236929861621021004125713584468521, 66890216452055301518203533067113519656913411933710789584863063012377140753405732, 200670649356165904554610599201340558970740235801132368754589189037131422260217366, 602011948068497713663831797604021676912220707403397106263767567111394266780652269, 1806035844205493140991495392812065030736662122210191318791302701334182800341956979, 5418107532616479422974486178436195092209986366630573956373908104002548401025871110, 16254322597849438268923458535308585276629959099891721869121724312007645203077613504, 48762967793548314806770375605925755829889877299675165607365172936022935609232840687, 146288903380644944420311126817777267489669631899025496822095518808068806827698522237, 438866710141934833260933380453331802469008895697076490466286556424206420483095566888, 1316600130425804499782800141359995407407026687091229471398859669272619261449286700842, 3949800391277413499348400424079986222221080061273688414196579007817857784347860102705, 11849401173832240498045201272239958666663240183821065242589737023453573353043580308295, 35548203521496721494135603816719875999989720551463195727769211070360720059130740925066, 106644610564490164482406811450159627999969161654389587183307633211082160177392222775380, 319933831693470493447220434350478883999907484963168761549922899633246480532176668326323, 959801495080411480341661303051436651999722454889506284649768698899739441596530004979153, 2879404485241234441024983909154309955999167364668518853949306096699218324789590014937644, 8638213455723703323074951727462929867997502094005556561847918290097654974368770044813118, 25914640367171109969224855182388789603992506282016669685543754870292964923106310134439541, 77743921101513329907674565547166368811977518846050009056631264610878894769318930403318811, 233231763304539989723023696641499106435932556538150027169893793832636684307956791209956622, 699695289913619969169071089924497319307797669614450081509681381497910052923870373629870056, 2099085869740859907507213269773491957923393008843350244529044144493730158771611120889610359, 6297257609222579722521639809320475873770179026530050733587132433481190476314833362668831269, 18891772827667739167564919427961427621310537079590152200761397300443571428944500088006494000, 56675318483003217502694758283884282863931611238770456602284191901330714286833500264019482194, 170025955449009652508084274851652848591794833716311369806852575703992142860500500792058446777, 510077866347028957524252824554958545775384501148934109420557727111976428581501502376175340527, 1530233599041086872572758473664875637326153503446802328261673181335929285744504507128526021778, 4590700797123260617718275420994626911978460510340406984785019544007787857233513521385578065532, 13772102391369781853154826262983880735935381531021220954355058632023363571700540564156734196795]
len(predicted_full) = 200, len(input_sequence + seq_pred) = 200
is_manual_check: False
