test results being evaluated: data/test_linrec15.tsv
csv file used: ../linear_database_newbl.csv
The sequence ID inspected: A074536
csv results file used: ../linear_database_newbl.csv
Results we are looking at now:
('Could you give me a recursive equation in a form of a Python code for the following number sequence: 3,15,101,801,6833,60105,535601,4799481,43112513,387683145,3487834001', 'Certainly, the Python code is the following: lambda a_n: n - a_n[-1] * -8 - 2')

Experiment type: Evaluation of the results of llms.
Ground truth: 
[3, 15, 101, 801, 6833, 60105, 535601, 4799481, 43112513, 387683145, 3487834001, 31385255961, 282446317793, 2541932945385, 22877060906801, 205892205869241, 1853024483884673, 16677198879666825, 150094704016738001, 1350851992551423321, 12157666558569605153, 109418993529560967465, 984770919775801471601, 8862938190021253662201, 79766443358347503351233, 717897988817752529167305, 6461081893730272993411601, 58149737021054458334089881, 523347633099418131519874913, 4710128697534475211610186345, 42391158276369125019975022001, 381520424481557517649224770361, 3433683820310959228735853608193, 30903154382706399338224069944585, 278128389443988659162482308926801, 2503155504994422192936323757127641, 22528399544943896778323086239463073, 202755595904471459172492946892762025, 1824800363140148685222778167057910001, 16423203268260960377686372007758745721, 147808829414347132241902825935069631553, 1330279464729118145548027352573171758665, 11972515182562039131415853865181888915601, 107752636643058255468677115585516698168601, 969773729787523912361831763526741726385633, 8727963568087713663831436764892186611254505, 78551672112789416784782734456882014401047601, 706965049015104726304243824403840050417700281, 6362685441135942437702991276803153299410877313, 57264168970223481543186108919904721402141169545, 515377520732011332304111729993851800098717570001, 4638397686588101984398752568803511312105594204761, 41745579179292917834235761114666998016417587938593, 375710212613636260406709802013744598502824643423785, 3381391913522726343254740026050667914996081981906801, 30432527221704537087670067466163877474948168167906041, 273892744995340833782540236122306362486668813966881473, 2465034704958067504016900640808083123732963685790337225, 22185312344622607536048259830102051560017256928997642001, 199667811101603467824018954722235677827855260021579188121, 1797010299914431210414509057505389955605532356102738297953, 16173092699229880893723935377569585021077201719090995029865, 145557834293068928043488833838210566872220598429548852519601, 1310020508637620352391293166304232308580120799498988253395001, 11790184577738583171521213143779439604141693413627346586860033, 106111661199647248543689216882180351744957794722400444473821705, 955004950796825236893196146292284746935350626755038332966443601, 8595044557171427132038738094041209047341078054317916391373630681, 77355401014542844188348533956013466725761393175969201228800119713, 696198609130885597695136370042691541730619303398189962140420632745, 6265787482177970379256225588138505240370640793973648936099603478001, 56392087339601733413306023324263672622516035407586738877261581559161, 507528786056415600719754182042441555439365391732104526394858593308993, 4567759074507740406477787526878248006301172817877292808931832293382985, 41109831670569663658300087295889328086098092530115156696659085487846801, 369988485035126972924700783878944336892432981448046722196542498846204441, 3329896365316142756322307047774260568502097427740726199998366107570139873, 29969067287845284806900763401423391262399679228500287505949310840212392425, 269721605590607563262106870498630705945120322571838652187492023850763934001, 2427494450315468069358961834030957091840175741207894243843405445413340750521, 21847450052839212624230656504451736779897953023116437922454926582948039604353, 196627050475552913618075908532758122832427062617029508676032186845848470781065, 1769643454279976222562683176765593072745225505189191864505002546614709140283601, 15926791088519786003064148590773417523720557313246431960077797328750290767341401, 143341119796678074027577337316493077189539126885392708426531119494043484708774433, 1290070078170102666248196035846566972610068586233233659117503541384393301156868905, 11610630703530923996233764322611619865107483053157900065443225119805224400657599601, 104495676331778315966103878903474647232434810586656289123073397834817112237169881081, 940461086986004843694934910131152098877783147712847356245081265074009088400071602113, 8464149782874043593254414191179889985043527739147389222757580518977451524143888575945, 76177348045866392339289727720617094245965667291253555071029953994180041462430120746001, 685596132412797531053607549485546185735986676176990203904125168821427281804335874833561, 6170365191715177779482467945369885021713062767815744668196566182048623166132730613719393, 55533286725436600015342211508328842595774295639233033346006888951381819005417103659822185, 499799580528929400138079903574959092963395583668662625443013243138855413070939439834746801, 4498196224760364601242719132174629875076267944680224930302924297204659285689787774800022841, 40483766022843281411184472189571661029309242268771069577989539387960344643338602815753238273, 364353894205589532700660249706144917878274503485535807022958737898713883678419839866798927625, 3279185047850305794305942247355304135362435823636206986490840175825902355858968943210884786001, 29512665430652752148753480226197736716093783581791401771554407723601419364142883479155971432921, 265613988875874769338781322035779628436171496912384771516537054081522744023733406178674237550753, 2390525899882872924049031898322016647890853250916511565939023025019018129400988080883627039012265, 21514733098945856316441287084898149798878918373068798582611965378330164005761637640675832800207601, 193632597890512706847971583764083348061355221816899965200150721017642973633272108840217160688007801, 1742693381014614361631744253876750132037976822189222798627928619609543741458731240704976923516128833, 15684240429131529254685698284890751186284910703051497634957646098289063565032935772609849851700396105, 141158163862183763292171284564016760668336673540857448503843968971814535606648291501934814087042515601, 1270423474759653869629541561076150845982119970721292915691496337095183242452711003957969858993374451481, 11433811272836884826665874049685357613707439371905939757851069499252060005860842361877498600826409324513, 102904301455531963439992866447168218522840392888810671887170035354850185619523230170907654369073984999145, 926138713099787670959935798024513966703457290165924903250571957639978257386071418412183732132395357374001, 8335248417898089038639422182220625700322690628159839554319314176545110672802611655641661310362844762027961, 75017235761082801347754799639985631302870515720104617689130493820047221498708419465374879377807486193169793, 675155121849745212129793196759870681725699841747605806003201109304989895298661511456517418138148383382741385, 6076396096647706909168138770838836135530759376795109241232916643443168665001788704200718364994286429630606801, 54687564869829362182513248937549525219774677595422611119912676429781556414416823054213686865551235680637361241, 492188083828464259642619240437945726977963471175870011874479794423206161447645074977630018459569460176020176673, 4429692754456178336783573163941511542801636731851096154051380976029544067900961882005653413508953913374189942825, 39867234790105605031052158475473603885214592551732929575186680089148651070598444841375125512460691138705488198001, 358805113110950445279469426279262434966930780825888622931577126021868877473347481334665732378444225584055999235321, 3229246017998554007515224836513361914702374818874166633403782155074943968611977895359135249676745214924041396137153, 29063214161986986067637023528620257232321364535632175808712391479186992002915212616216762374584805999635944139723465, 261568927457882874608733211757582315090892245483748286710724931646732913167866578387080982870061870911300627480291601, 2354120347120945871478598905818240835818030068005969398125778018156796159077317902066633213803395747166611856063394201, 21187083124088512843307390152364167522362270046662663854049016696755965193961935979368084160077206242972326915232923233, 190683748116796615589766511371277507701260428158399731770109208404182885794721723406259833911992012025868613831144403305, 1716153733051169540307898602341497569311343844379340614265655108171162768348752709321873882148937887119740992359289191601, 15445383597460525862771087421073478123802094563229037641729584903674532099923803179154500589216122410686268365755155341881, 139008452377144732764939786789661303114218850924321227228921019853607057638454343794612036186671112024732624155893797286913, 1251076071394302594884458081106951728027969657739930598873708201564608593702649554882776425783390618781062075111456149902345, 11259684642548723353960122729962565552251726917343533605117049905610057643150087836874824185600811149751919751340798001362001, 101337161782938510185641104569663089970265542246828435307068153516604839987655757903602290990882268947633696552426042131142361, 912034456046446591670769941126967809732389880184402449207672199113900844686121690619355168012387867482122893111285998675660193, 8208310104418019325036929470142710287591508921511408168645285061882936741363974693521972820114375740260692432515412824102140585, 73874790939762173925332365231284392588323580293009818020912506636377747229031290153488936836291111684248393266606135477083426801, 664873118457859565327991287081559533294912222634716940200632324045124991288303683028565309794167305826275816487149028966566219641, 5983858066120736087951921583734035799654210003702966773855369973677025986502821433845747606110695716269506719918764758254674955073, 53854722595086624791567294253606322196887890033288758212897045992176838138157746050966368336635022824079384491773873332243025438025, 484692503355779623124105648282456899771991010299447052908868278845925960281949127044115875775842253971973209528719415057448302170001, 4362232530202016608116950834542112097947919092694416392150993969278671310691659793738717127406232486058080788274962141856993552157721, 39260092771818149473052557510879008881531271834247319193243663562169392468841408745015151133228989187942588516751547274214606379363553, 353340834946363345257473017597911079933781446508216159394731843414169934910038561110603148155109065969519889964293354202221773212914665, 3180067514517270107317257158381199719404033018573906581174742076146111024952210579617295485239687398886539678181601656245724538428535601, 28620607630655430965855314425430797474636297167165003817061300626989325667617349335043127974571036114719728368143948286891569796541500601, 257585468675898878692697829828877177271726674504484412699506193409601236780745960489338026200872775739635897552329043118698593236883157633, 2318269218083089908234280468459894595445540070540357227679373691753200354115472910299841733526944889701746161289086172242893737934528890505, 20864422962747809174108524216139051359009860634863205102649635030045960079394293256281773592619175849928587213598256186940286313682165627601, 187779806664730282566976717945251462231088745713768806137987802487482268283968787560868754297079894440674330827818191229591181666347280552281, 1690018259982572543102790461507263160079798711423919096098454571255614924833399681065149956527749545973068278786995189255058322678201019489313, 15210164339843152887925114153565368440718188402815271228312348536773632364611319501655674280165870395469073949859274428050922191444599823285545, 136891479058588375991326027382088315966463695625337438508516166412855083445944765003178367207157336481434427782698324455480781945597538340710001, 1232023311527295383921934246438794843698173260628036936391465616043265319671274442981714499607074050012494747921863505919418752547228359470176761, 11088209803745658455297408217949153593283559345652332386782471017699666151672556218647867275434298556812260020690524231371139205365389202205190593, 99793888233710926097676673961542382339552034110870991318079361052538108463577350895080552594791215478072504739556605464357741722635702506458019785, 898144994103398334879090065653881441055968306997838921210862737045807428566293537764723961816651053249627071660910752046553645290281848942001206801, 8083304946930585013911810590884932969503714762980550288290358583704124666673031358718511610203979935194393502550869486566846715337122201288394598041, 72749744522375265125206295317964396725533432866824952584183603054504553238362840303810588307252301240860244436534651265050132126089128965386821573473, 654747700701377386126856657861679570529800895801424573215933930695210704098487795035671230026936638464824418549451434955959348001335651124745945413225, 5892729306312396475141709920755116134768208062212821158776531389075575236699279084526544811289093455373027455360285748939094991706781569509970654702001, 53034563756811568276275389286796045212913872559915390428321286552954892729545067477560918265788495935118235479768792157900554812597330458423162358200121, 477311073811304114486478503581164406916224853039238513852221595181692896962911830165336324248843082763113188099754669251113505759235666447710962851229953, 4295799664301737030378306532230479662246023677353146624659314421455631522254231362957179157666574222256225198536595498900483027410388781298146263698585865, 38662196978715633273404758790074316960214213096178319621891110052382265498640181832491221376707113909858873270407496025307048000590228192720581948492939601, 347959772808440699460642829110668852641927917865604876596849111508566716681170034755927428221195808826941286290025855633855944724074286434558850203370327001, 3131637955275966295145785461996019673777351260790443889370958487725605758904163905857372597314089413995317365879757956859636972798068140823173203230290832033, 28184741597483696656312069157964177063996161347113995004335892326124473065232009524932456349120113264169239613684106017417593475120912783280831236136893857705, 253662674377353269906808622421677593575965452124025955039012094681496342527466223213256519035254253530368690133598458541604037833466815641463967156418039823601, 2282964069396179429161277601795098342183689069116233595351065107118971422508708558874766318889981218384700346298904877938063634085966548197816441338364118082681, 20546676624565614862451498416155885079653201622046102358159410984012760161624427229694727460300602711907831658385724372745570895823261373592700505379399659931713, 184920089621090533762063485745402965716878814598414921223433998935882910890804045866539869503868511392952599094872852174019108848028605341811293852974518445148745, 1664280806589814803858571371708626691451909331385734291010903190742018475761973215996008114979468950479701848536699022711601818833576466434664760237457214263418001, 14978527259308333234727142345377640223067183982471608619098117517954455392836706156752670192593829946089830463572140660722523638425148284226345621064754845867131161, 134806745333774999112544281108398762007604655842244477571883012866695254979446144261928420364458907081898529479137615859247917645753542929056382338663140731725760993, 1213260708003974992012898529975588858068441902580200298146946936620677920590678453761973337804587914005446986540233846559157630059961455897108169311029229959090378985, 10919346372035774928116086769780299722615977123221802683322521712867783788418758705476230258339122227122463763774169642686015258829312853319423719384986072921791946801, 98274117348321974353044780928022697503543794108996224149902692548936784108179438835759953197443424048395937413615954495488305889216337625062708821874724969047530496441, 884467056134897769177403028352204277531894146980966017349124221472937977023257391467735102266556112452738490881137636538050991655144892294728149916645842571616364031873, 7960203505214079922596627255169838497787047322828694156142117947386469473407886290993198014357266196143346634564615583623883008331470977106032809589173687743667589868425, 71641831546926719303369645296528546480083425905458247405279061342998335981465255690073110505048440501564920577619049012674241666376657643321861884180543274486221473794001, 644776483922340473730326807668756918320750833149124226647511551353065466716364417495195308048768143459183488664721478836172549878269096314474320862177881142342309745362521, 5802988355301064263572941269018812264886757498342118039827603959241910971979988222594907026452242006913048211847093465777704841458549581182793738403895039634532981275736353, 52226895197709578372156471421169310383980817485079062358448435621434485833950727863906760254123492925339021162082241827735419929404679096563672238264396079455779461036737065, 470042056779386205349408242790523793455827357365711561226035920545939520850079886217371230351324695780537539480573779014018022361875487349764022895001256176744293378121503601, 4230378511014475848144674185114714141102446216291404051034323284725572281028812317725182625418775299834783251412498421426669048390057776104673813817706728578592448739397873401, 38073406599130282633302067666032427269922015946622636459308909561778616902771684226602009837796389849752830847061823434127868574331723320837322188930559563441556662842079946433, 342660659392172543699718608994291845429298143519603728133780186053001417618994651507719553376277157252734603960953761472473845224847302783253066025700666724476207244013279304905, 3083945934529552893297467480948626608863683291676433553204021674464988220547149837442681839730933009694447940998173255513899998248226855736418529266690192391425251873226879779601, 27755513410765976039677207328537639479773149625087901978836195070136795832829140432476959994956151464929377490381916908672328107134754142584875043009911837521646008694209635933081, 249799620696893784357094865956838755317958346625791117809525755631038769887081431474263933704116380695081781499030682614241238571820252883509397584464333638718611435842034102614113, 2248196586272044059213853793611548797861625119632120060285731800678579358550209553596260578335091496298605569833649865272935035808821370025400845207552164506619737133461849455491945, 20233769276448396532924684142503939180754626076689080542571586206104135945217792663677885905007999746858928273872343674435476369393167169869541030973207434300300660605704721257486001, 182103923488035568796322157282535452626791634690201724883144275854924910380023760698347135945040702842416267046329072617835542497921640814080939687811309337081826230191562608010005561, 1638935311392320119166899415542819073641124712211815523948298482694274940912468353186108874705241146064490053742873571752184925144683386321131412251774534974085373568928999562981371393, 14750417802530881072502094739885371662770122409906339715534686344248277458181233206278918477146669596511385084989509818536324540895417100574559877362387780981829024825668851678639218185, 132753760222777929652518852658968344964931101689157057439812177098233709083507170966926020713518023496326364170120179057893561814311244695322078258348209818604033699685227310051463646801, 1194783842005001366872669673930715104684379915202413516958309593884100229591068827143997204098454199977832871151939974285308620289570014009329923160882871376321252853049828815230981914841, 10753054578045012301854027065376435942159419236821721652624786344956889457677636598062626907593255753844078214850893219624843838800723070271348306565745982122060393202711496326136006330273, 96777491202405110716686243588387923479434773131395494873623077104611954684530797997630250451167973600771033431591772780851859574687914803554958997112522813438478647528919424671424598803625, 870997420821645996450176192295491311314912958182559453862607693941507390422505456438938687191826449671636618876060890244579796275522932705172544417195158049104565539785266272547567287446001, 7838976787394813968051585730659421801834216623643035084763469245473565706849462205791513917251696796103518841851487753068870406895845333816717786509684667016171155260581217494066976641644921]
Predicted:    
[3, 15, 101, 801, 6833, 60105, 535601, 4799481, 43112513, 387683145, 3487834001, 27902672017, 223221376146, 1785771009179, 14286168073444, 114289344587565, 914314756700534, 7314518053604287, 58516144428834312, 468129155430674513, 3745033243445396122, 29960265947563168995, 239682127580505351980, 1917457020644042815861, 15339656165152342526910, 122717249321218740215303, 981737994569749921722448, 7853903956557999373779609, 62831231652463994990236898, 502649853219711959921895211, 4021198825757695679375161716, 32169590606061565435001293757, 257356724848492523480010350086, 2058853798787940187840082800719, 16470830390303521502720662405784, 131766643122428172021765299246305, 1054133144979425376174122393970474, 8433065159835403009392979151763827, 67464521278683224075143833214110652, 539716170229465792601150665712885253, 4317729361835726340809205325703082062, 34541834894685810726473642605624656535, 276334679157486485811789140844997252320, 2210677433259891886494313126759978018601, 17685419466079135091954505014079824148850, 141483355728633080735636040112638593190843, 1131866845829064645885088320901108745526788, 9054934766632517167080706567208869964214349, 72439478133060137336645652537670959713714838, 579515825064481098693165220301367677709718751, 4636126600515848789545321762410941421677750056, 37089012804126790316362574099287531373422000497, 296712102433014322530900592794300250987376004026, 2373696819464114580247204742354402007899008032259, 18989574555712916641977637938835216063192064258124, 151916596445703333135821103510681728505536514065045, 1215332771565626665086568828085453828044292112520414, 9722662172525013320692550624683630624354336900163367, 77781297380200106565540404997469044994834695201306992, 622250379041600852524323239979752359958677561610455993, 4978003032332806820194585919838018879669420492883648002, 39824024258662454561556687358704151037355363943069184075, 318592194069299636492453498869633208298842911544553472660, 2548737552554397091939627990957065666390743292356427781341, 20389900420435176735517023927656525331125946338851422250790, 163119203363481413884136191421252202649007570710811378006383, 1304953626907851311073089531370017621192060565686491024051128, 10439629015262810488584716250960140969536484525491928192409089, 83517032122102483908677730007681127756291876203935425539272778, 668136256976819871269421840061449022050335009631483404314182291, 5345090055814558970155374720491592176402680077051867234513458396, 42760720446516471761242997763932737411221440616414937876107667237, 342085763572131774089943982111461899289771524931319503008861337966, 2736686108577054192719551856891695194318172199450556024070890703799, 21893488868616433541756414855133561554545377595604448192567125630464, 175147910948931468334051318841068492436363020764835585540537005043785, 1401183287591451746672410550728547939490904166118684684324296040350354, 11209466300731613973379284405828383515927233328949477474594368322802907, 89675730405852911787034275246627068127417866631595819796754946582423332, 717405843246823294296274201973016545019342933052766558374039572659386733, 5739246745974586354370193615784132360154743464422132466992316581275093942, 45913973967796690834961548926273058881237947715377059735938532650200751615, 367311791742373526679692391410184471049903581723016477887508261201606013000, 2938494333938988213437539131281475768399228653784131823100066089612848104081, 23507954671511905707500313050251806147193829230273054584800528716902784832730, 188063637372095245660002504402014449177550633842184436678404229735222278661923, 1504509098976761965280020035216115593420405070737475493427233837881778229295468, 12036072791814095722240160281728924747363240565899803947417870703054225834363829, 96288582334512765777921282253831397978905924527198431579342965624433806674910718, 770308658676102126223370258030651183831247396217587452634743724995470453399285831, 6162469269408817009786962064245209470649979169740699621077949799963763627194286736, 49299754155270536078295696513961675765199833357925596968623598399710109017554293977, 394398033242164288626365572111693406121598666863404775748988787197680872140434351906, 3155184265937314309010924576893547248972789334907238205991910297581446977123474815339, 25241474127498514472087396615148377991782314679257905647935282380651575816987798522804, 201931793019988115776699172921187023934258517434063245183482259045212606535902388182525, 1615454344159904926213593383369496191474068139472505961467858072361700852287219105460294, 12923634753279239409708747066955969531792545115780047691742864578893606818297752843682447, 103389078026233915277669976535647756254340360926240381533942916631148854546382022749459672, 827112624209871322221359812285182050034722887409923052271543333049190836371056181995677473, 6616900993678970577770878498281456400277783099279384418172346664393526690968449455965419882, 52935207949431764622167027986251651202222264794235075345378773315148213527747595647723359155, 423481663595454116977336223890013209617778118353880602763030186521185708221980765181786873340, 3387853308763632935818689791120105676942224946831044822104241492169485665775846121454294986821, 27102826470109063486549518328960845415537799574648358576833931937355885326206768971634359894670, 216822611760872507892396146631686763324302396597186868614671455498847082609654151773074879157463, 1734580894086980063139169173053494106594419172777494948917371643990776660877233214184599033259808, 13876647152695840505113353384427952852755353382219959591338973151926213287017865713476792266078569, 111013177221566724040906827075423622822042827057759676730711785215409706296142925707814338128628658, 888105417772533792327254616603388982576342616462077413845694281723277650369143405662514705029029371, 7104843342180270338618036932827111860610740931696619310765554253786221202953147245300117640232235076, 56838746737442162708944295462616894884885927453572954486124434030289769623625177962400941121857880717, 454709973899537301671554363700935159079087419628583635888995472242318156989001423699207528974863045846, 3637679791196298413372434909607481272632699357028669087111963777938545255912011389593660231798904366879, 29101438329570387306979479276859850181061594856229352696895710223508362047296091116749281854391234935144, 232811506636563098455835834214878801448492758849834821575165681788066896378368728933994254835129879481265, 1862492053092504787646686673719030411587942070798678572601325454304535171026949831471954038681039035850234, 14899936424740038301173493389752243292703536566389428580810603634436281368215598651775632309448312286801987, 119199491397920306409387947118017946341628292531115428646484829075490250945724789214205058475586498294416012, 953595931183362451275103576944143570733026340248923429171878632603922007565798313713640467804691986355328213, 7628767449466899610200828615553148565864210721991387433375029060831376060526386509709123742437535890842625822, 61030139595735196881606628924425188526913685775931099467000232486651008484211092077672989939500287126741006695, 488241116765881575052853031395401508215309486207448795736001859893208067873688736621383919516002297013928053680, 3905928934127052600422824251163212065722475889659590365888014879145664542989509892971071356128018376111424429561, 31247431473016420803382594009305696525779807117276722927104119033165316343916079143768570849024147008891395436610, 249979451784131366427060752074445572206238456938213783416832952265322530751328633150148566792193176071131163493003, 1999835614273050931416486016595564577649907655505710267334663618122580246010629065201188534337545408569049307944148, 15998684914184407451331888132764516621199261244045682138677308944980641968085032521609508274700363268552394463553309, 127989479313475259610655105062116132969594089952365457109418471559845135744680260172876066197602906148419155708426598, 1023915834507802076885240840496929063756752719618923656875347772478761085957442081383008529580823249187353245667412911, 8191326676062416615081926723975432510054021756951389255002782179830088687659536651064068236646585993498825965339303416, 65530613408499332920655413791803460080432174055611114040022257438640709501276293208512545893172687947990607722714427457, 524244907267994663365243310334427680643457392444888912320178059509125676010210345668100367145381503583924861781715419786, 4193959258143957306921946482675421445147659139559111298561424476073005408081682765344802937163052028671398894253723358419, 33551674065151658455375571861403371561181273116472890388491395808584043264653462122758423497304416229371191154029786867484, 268413392521213267643004574891226972489450184931783123107931166468672346117227696982067387978435329834969529232238294940005, 2147307140169706141144036599129815779915601479454264984863449331749378768937821575856539103827482638679756233857906359520174, 17178457121357649129152292793038526239324811835634119878907594653995030151502572606852312830619861109438049870863250876161527, 137427656970861193033218342344308209914598494685072959031260757231960241212020580854818502644958888875504398966906007009292352, 1099421255766889544265746738754465679316787957480583672250086057855681929696164646838548021159671111004035191735248056074338953, 8795370046135116354125973910035725434534303659844669378000688462845455437569317174708384169277368888032281533881984448594711762, 70362960369080930833007791280285803476274429278757355024005507702763643500554537397667073354218951104258252271055875588757694235, 562903682952647446664062330242286427810195434230058840192044061622109148004436299181336586833751608834066018168447004710061554020, 4503229463621179573312498641938291422481563473840470721536352492976873184035490393450692694670012870672528145347576037680492432301, 36025835708969436586499989135506331379852507790723765772290819943814985472283923147605541557360102965380225162780608301443939458550, 288206685671755492691999913084050651038820062325790126178326559550519883778271385180844332458880823723041801302244866411551515668543, 2305653485374043941535999304672405208310560498606321009426612476404159070226171081446754659671046589784334410417958931292412125348488, 18445227882992351532287994437379241666484483988850568075412899811233272561809368651574037277368372718274675283343671450339297002788049, 147561823063938812258303955499033933331875871910804544603303198489866180494474949212592298218946981746197402266749371602714376022304538, 1180494584511510498066431643992271466655006975286436356826425587918929443955799593700738385751575853969579218133994972821715008178436451, 9443956676092083984531453151938171733240055802291490854611404703351435551646396749605907086012606831756633745071959782573720065427491756, 75551653408736671876251625215505373865920446418331926836891237626811484413171173996847256688100854654053069960575678260589760523419934197, 604413227269893375010013001724042990927363571346655414695129901014491875305369391974778053504806837232424559684605426084718084187359473726, 4835305818159147000080104013792343927418908570773243317561039208115935002442955135798224428038454697859396477476843408677744673498875789959, 38682446545273176000640832110338751419351268566185946540488313664927480019543641086385795424307637582875171819814747269421957387991006319824, 309459572362185408005126656882710011354810148529487572323906509319419840156349128691086363394461100663001374558517978155375659103928050558745, 2475676578897483264041013255061680090838481188235900578591252074555358721250793029528690907155688805304010996468143825243005272831424404470114, 19805412631179866112328106040493440726707849505887204628730016596442869770006344236229527257245510442432087971745150601944042182651395235761067, 158443301049438928898624848323947525813662796047097637029840132771542958160050753889836218057964083539456703773961204815552337461211161886088692, 1267546408395511431188998786591580206509302368376781096238721062172343665280406031118689744463712668315653630191689638524418699689689295088709693, 10140371267164091449511990292732641652074418947014248769909768497378749322243248248949517955709701346525229041533517108195349597517514360709677702, 81122970137312731596095922341861133216595351576113990159278147979029994577945985991596143645677610772201832332268136865562796780140114885677421775, 648983761098501852768767378734889065732762812608911921274225183832239956623567887932769149165420886177614658658145094924502374241120919085419374360, 5191870088788014822150139029879112525862102500871295370193801470657919652988543103462153193323367089420917269265160759396018993928967352683354995041, 41534960710304118577201112239032900206896820006970362961550411765263357223908344827697225546586936715367338154121286075168151951431738821466839960490, 332279685682432948617608897912263201655174560055762903692403294122106857791266758621577804372695493722938705232970288601345215611453910571734719684083, 2658237485459463588940871183298105613241396480446103229539226352976854862330134068972622434981563949783509641863762308810761724891631284573877757472828, 21265899883675708711526969466384844905931171843568825836313810823814838898641072551780979479852511598268077134910098470486093799133050276591022059782789, 170127199069405669692215755731078759247449374748550606690510486590518711189128580414247835838820092786144617079280787763888750393064402212728176478262478, 1361017592555245357537726045848630073979594997988404853524083892724149689513028643313982686710560742289156936634246302111110003144515217701825411826099991, 10888140740441962860301808366789040591836759983907238828192671141793197516104229146511861493684485938313255493073970416888880025156121741614603294608800096, 87105125923535702882414466934312324734694079871257910625541369134345580128833833172094891949475887506506043944591763335111040201248973932916826356870400937, 696841007388285623059315735474498597877552638970063285004330953074764641030670665376759135595807100052048351556734106680888321609991791463334610854963207666, 5574728059106284984474525883795988783020421111760506280034647624598117128245365323014073084766456800416386812453872853447106572879934331706676886839705661499, 44597824472850279875796207070367910264163368894084050240277180996784937025962922584112584678131654403331094499630982827576852583039474653653415094717645292164, 356782595782802239006369656562943282113306951152672401922217447974279496207703380672900677425053235226648755997047862620614820664315797229227320757741162337485, 2854260766262417912050957252503546256906455609221379215377739583794235969661627045383205419400425881813190047976382900964918565314526377833818566061929298700054, 22834086130099343296407658020028370055251644873771033723021916670353887757293016363065643355203407054505520383811063207719348522516211022670548528495434389600607, 182672689040794746371261264160226960442013158990168269784175333362831102058344130904525146841627256436044163070488505661754788180129688181364388227963475116805032, 1461381512326357970970090113281815683536105271921346158273402666902648816466753047236201174733018051488353304563908045294038305441037505450915105823707800934440433, 11691052098610863767760720906254525468288842175370769266187221335221190531734024377889609397864144411906826436511264362352306443528300043607320846589662407475523642, 93528416788886910142085767250036203746310737402966154129497770681769524253872195023116875182913155295254611492090114898818451548226400348858566772717299259804189315, 748227334311095281136686138000289629970485899223729233035982165454156194030977560184935001463305242362036891936720919190547612385811202790868534181738394078433514700, 5985818674488762249093489104002317039763887193789833864287857323633249552247820481479480011706441938896295135493767353524380899086489622326948273453907152627468117781, 47886549395910097992747912832018536318111097550318670914302858589065996417982563851835840093651535511170361083950138828195047192691916978615586187631257221019744942430, 383092395167280783941983302656148290544888780402549367314422868712527971343860510814686720749212284089362888671601110625560377541535335828924689501050057768157959539623, 3064739161338246271535866421249186324359110243220394938515382949700223770750884086517493765993698272714903109372808885004483020332282686631397516008400462145263676317168, 24517913290705970172286931369993490594872881945763159508123063597601790166007072692139950127949586181719224874982471080035864162658261493051180128067203697162109410537529, 196143306325647761378295450959947924758983055566105276064984508780814321328056581537119601023596689453753798999859768640286913301266091944409441024537629577296875284300418, 1569146450605182091026363607679583398071864444528842208519876070246514570624452652296956808188773515630030391998878149122295306410128735555275528196301036618375002274403531, 12553171604841456728210908861436667184574915556230737668159008561972116564995621218375654465510188125040243135991025192978362451281029884442204225570408292947000018195228436, 100425372838731653825687270891493337476599324449845901345272068495776932519964969747005235724081505000321945087928201543826899610248239075537633804563266343576000145561827677, 803402982709853230605498167131946699812794595598767210762176547966215460159719757976041885792652040002575560703425612350615196881985912604301070436506130748608001164494621606, 6427223861678825844843985337055573598502356764790137686097412383729723681277758063808335086341216320020604485627404898804921575055887300834408563492049045988864009315956973039, 51417790893430606758751882696444588788018854118321101488779299069837789450222064510466680690729730560164835885019239190439372600447098406675268507936392367910912074527655784504, 411342327147444854070015061571556710304150832946568811910234392558702315601776516083733445525837844481318687080153913523514980803576787253402148063491138943287296596221246276225, 3290738617179558832560120492572453682433206663572550495281875140469618524814212128669867564206702755850549496641231308188119846428614298027217184507929111546298372769769970209994, 26325908937436470660480963940579629459465653308580403962255001123756948198513697029358940513653622046804395973129850465504958771428914384217737476063432892370386982158159761680147, 210607271499491765283847711524637035675725226468643231698040008990055585588109576234871524109228976374435167785038803724039670171431315073741899808507463138963095857265278093441372, 1684858171995934122270781692197096285405801811749145853584320071920444684704876609878972192873831810995481342280310429792317361371450520589935198468059705111704766858122224747531173]
len(predicted_full) = 200, len(input_sequence + seq_pred) = 200
is_manual_check: False
