test results being evaluated: data/test_linrec15.tsv
csv file used: ../linear_database_newbl.csv
The sequence ID inspected: A074570
csv results file used: ../linear_database_newbl.csv
Results we are looking at now:
('Could you give me a recursive equation in a form of a Python code for the following number sequence: 3,21,161,1305,10913,92841,797681,6896505,59889473,521900361,4561574801', 'Certainly, the Python code is the following: lambda a_n: 9 + n + n + 8 + 8 * a_n[-1]')

Experiment type: Evaluation of the results of llms.
Ground truth: 
[3, 21, 161, 1305, 10913, 92841, 797681, 6896505, 59889473, 521900361, 4561574801, 39975188505, 351165790433, 3091688751081, 27275107401521, 241076577925305, 2134499460529793, 18928998693221001, 168109102525957841, 1494967180626754905, 13310588063175403553, 118642365566413646121, 1058557896070635483761, 9453234000379950925305, 84488809841217131787713, 755676920680709657322441, 6763313348633930219979281, 60567588660283716549284505, 542690446213252198046738273, 4864871202445147745435705961, 43629098315654505293800404401, 391423944795840559846270280505, 3512911982825223566325102591233, 31536979682820514038963831612681, 283198991844901576768451941879121, 2543720324201725533784183899961305, 22852918098602323505106173540562593, 205351744333738872986758057618418601, 1845569550574287995736899877496883441, 16589356767734074861799347340537974905, 149138057410132048114806631895838348353, 1340913288695397472531257806856391259721, 12057585774292273747281697512641784457361, 108433201376900132395603864791584141569305, 975218247658258927777245757228057831724513, 8771519711053593787154748714608268570232041, 78900121256516457771369230054821776305400881, 709752642164921054196935789187780358117592505, 6384986186334473060844526995075520185940147073, 57442574931811726528318394666085345344235591561, 516804768424717292185170015963300169335193474001, 4649815668129749663447218856559105021396842492505, 41836923031626099266623491416711761201546456352033, 376440963432301711865811644430102731005453354954281, 3387237920072049954927554765381533029060307202596721, 30479295274099125981052585380810798495548360990317305, 274266889414497544929600379439481730867643138659955393, 2468027860311321193193381787345486071213103847562496201, 22209257587448637049460109002401275140723069351630049041, 199859373044211703931313748100629466475231141659548714905, 1798542795455297099272867404532540264787998173720315053153, 16185352663556808004590802153786787494543845789059250153321, 145655914007684344930423768047948186659967586047350175670961, 1310805146354543687486772639982133266882124370557509402933305, 11796461679473969852285048933202647270557777322327736911821313, 106161878013530341989799903197566013076286576672468009330821641, 955406685307889984462081636815370037585981103716507736337062481, 8598258433259945112589822018225891372546122312731529387367820505, 77381112023250988032757205349490925327401748128721820734812115873, 696404297200550748450405741190511210543742144791098349264633557161, 6267432986735291585298380557321062590875623528658690895245540783601, 56405251376060303061643263077724131426555897292150624274733547824505, 507634098348084157906452100070125225871684286822782709023243259072833, 4568601572841088863971370871099717369759723978631052468856127490775881, 41116571657236451318248754049661082993766501816201902373847882809554321, 370042404928461274204290117909118376153780255736854024409641748904993305, 3330327724462817166559021720015652882592875622051411291294337851010708193, 29972518161018680088794480779354529775125904782986221583499440273677453801, 269749212575994725517256609522079814046930127007727031502257770290365454641, 2427715306198565367400159746218549956654654176695003091750260838873914974905, 21849216899903991008560239801952479698413780507013312332487228574520157517953, 196641185252071140692712574912764066180553682488204511209845520466200462326921, 1769756532492122039159776507805640619530238464158591899282619050953075169124561, 15927695714216952535840895239093797898000660985001632267312949034208319191017305, 143348356802255406289791310503056120183779956259434310942440772479209912484078113, 1290127974214721324345907821339071316563995221225566479360837643948729124131091241, 11611093871887873261015458606551654616738896133096562627622011697685919785994964081, 104499381678633910084357433174994925245486115226165589620967917972594692922955968505, 940490729760849596640963344303314322982193584828921760229165881205693769092534644673, 8464386925072801616822641664557187777878811236075984454632114358089857040095941602761, 76179245183456456527835547507635476588647935266682316926029938527197141730871242333201, 685611309513518044561974107781693244477444819980420298744132472725799796233514242276505, 6170486608520941887549400411739061491644727918243185426916639468564074706129456342753633, 55534258059882712879877671239282254355227616842652559415767504954066374174517507071077481, 499807351204498303054363581422586387039022153296018834001098230581453740121995862282751921, 4498258390164915824572988554955648227681280501699074598767604315587689673494745544699989305, 40484263346079691197826627571819807850149342724921866925706979772709075288571277755584820993, 364357872791480810993797492764130092444995307134742185804698261452072703925867264946715291401, 3279216876537436020651040191819185531896202252829858016744756365203510868009720394972743100241, 29512920060149793959514263781908787888363915015340610013585737240523763361691239195495892754905, 265616025911851103824867590481468037814332548380778437452787690220704447804804940113883717742753, 2390542196170683599937722045887523922916141662663660893429028114140077663250929728774283099780521, 21514863469248341723550808265422207999081225667045993202532006091313852083763909576619041724818161, 193633640852932590104847753208275813662973680168717522159511046721542901871695761833398752961821305, 1742701724713973427686753609430289856850924489003763254302811225240804014594931419661701503460494913, 15684307178726401783125773129319068984788492037567821280356706943339267444580159114286190174763040841, 141158697858942743519691883319443303056365324216988037667036455732216410031941322055390624038559105681, 1270427746733725711449706351119563185086349176130337628997036231178398724632885736025706513339538036505, 11433845448629459561227192370032656326541273015178297464295388651917784836857901193699572185063779733473, 102904574861872561316483413009946608225511062034989533538724588576175986214611022776044603741909071728361, 926140900350512453971860170526741084324822643335355796463008383410584666040996403154400048512948298122801, 8335265915903887302734817162238442641293613453515286700018805582709961949830456821381633284203012781848505, 75017375745129187460517959480128166830637898322948194854726425069366031730508071366899138054120319339394433, 675156241722116301031898475481010965947838902570354423327968559299540377184212507819920453319834026527859081, 6076405055626675620384981000607958409307871863377098179831056243399572520148504237410360577990137530742189521, 54687636541661111872247986775702503409991577488078522628697793229432787255715162444495660432602776401431305305, 492188657203118257160497143143169552499698670317117303944760728820416008178281020349095478722151249766174293793, 4429697341453410316926596385583302146975518324981074490613628451207222841746547905475796439061947157743028009001, 39867271486083460872196344248607928718605645296772756267684659890570081261364129950133108403789314948951402985841, 358805406678773292008622912464337033634059202786207236471560964433240318999474956046723272882882571776613738054905, 3229248366541136781348452725993958704039402194556715541723652862365915500821001680739582928459870695885684147727553, 29063232950327648258302846644465031547017583541092567075271357137514764260587410874628318514345047270171447834514121, 261569077764608172134059796684340509608461997527431416843196656913355091229244180405109381407134275921269380402751761, 2354121549574748251681211585232306391958588084355434439185551820289773583568338750112332300937955936937731326171345305, 21187092743718931884928291587676691971486734177458384182527207113819784589890102827536620654829649660524021569553071713, 190683825073839967922733722853777703294256141204765494397934731740693440962147058319214013465363483165047648852618670441, 1716154348707516358971636294201499134055309548750266715288259294863247209688155388880719093766613503830704228104909487281, 15445388522711300412080988955953490641753820198196446449910418397211207630639024616135685832538935039569036162867770024505, 139008491779150929159418999068701403257832656004060497694367687801900461884176115291482365234016428446184890355090019382273, 1251076386610352166040291779339272529176880098377844762597281545150955827668423726859780752363678780933460452349616535933961, 11259687164277119923206792315821131961443010442446846914905636654300835514876281212694942186646167708532667264535262308152401, 101337181956765682739614461256531621243795810447654941785376847506131062961465304910171401776051223941002797648560119022540505, 912034617437063972102556794621916059920632025791014501034141751030110628476598066671924387847351712475321943861515338680995233, 8208311395542958368491224298102296289097446086364304583257041477212615011687785701942559245901310910298777322479560993893120681, 73874801268761686272966723854961080600371077611832989337806557959015173391621778220853693576801041864738057354243947734907867121, 664873201089855664109066156070973037391292201185302310735784734626224400589027587567483494386675644910563099124100780828154941305, 5983858727176704878200520535649343832425249832107649738136589258325821260908612670157093344187620224224544920886077280745371126593, 53854727883534375113556085868928786459056208660526221927146800269367200333404075941457134763924134478281169979255770527364567606601, 484692545663361625700015981205036613869337559317346762622866313063448857843919766168042008239502578386710453188061386648812585111441, 4362232868662672628724233497922749810726691484837614069862978243018854491187424906730126189206209943738224657068671502648691706874905, 39260095479503397637910818817924110583761450971392900614939537752090857912807529648946423631810198574108231306139169336669759399472353, 353340856607845330576339108054271893551622879605380810768298836933541658461767528342053328152121520508294015957470225054106132938527721, 3180067687809125989868185882032086228346764483351223792163278024301084813366042317468896925232512594095630653483168411765285687362925361, 28620609016990278026262744214637889546178148885383541504969588212229115974928003237855939494547088794190252105268785908457031530275589305, 257585479766577655175957268142533913844061488250232714202772494091519559239231191711840518360748099410995679318752351246040232191273808513, 2318269306808520120100355974969148488024218580506343639705504097208546933783354760079861670806081283543815599159321851571262739738689980041, 20864423672551250869037128268213082499639288714591096398858678273688732716737348054521933090852534609607525084037840050186510108453526108881, 187779812343157816126405550361843711356124170351591936507660148436624449382713225946790030282947299735990598526290258992799515585194307932505, 1690018305409992811578221120840001153080082108526504139055833338848752373623355188152520164414689858771367949844682525075202081150329525591073, 15210164703262515035728559428227272384720455579635951571971378677518731954930963558354635943261395038727010377260594702041026433464332446219561, 136891481965943273173753589579383547518481833039902881257788407538815880168501917456770060511921537909240997319788529822259524230240808472422001, 1232023334786134561381354744017156696114318359944560478385643545050951693451731662610448046045187669998433460454344435203364507521345338820352505, 11088209989816371874972772198576048412612720140184520722735894449761157141916213975677735646939207533826742033421890238342136878552266673599556033, 99793889722276633455079585806557540894185320467128498005706748509030036385526612951319499566830487328442305466350570665524586374918605550798862281, 898145006011923993738313360414002709493034597847898974711881836697742851941887634214635537592965228121093366725148547946686129042120839843099784721, 8083305042198790284785596948965903117000245089781030716298511380919608053677784130317804216414493334303139641564544002349502038418985661589926897305, 72749745284520907292196586182612157905505675481228796008248825432228420334400862476604929156936408434004245105643591688474565616878339713984567319393, 654747706798542523462778984778861659969578836716655320608455709717001640866791972418025956824409496010524487016322046937681197739917943245898886084201, 5892729355089717573829088536092572850286431589534667137916705621249902730845712503585382625668876315739724129323248821981522553239977118743936129477041, 53034564147030137065774418209495698937059660778490158261442680410349512682716534830031620780826758818054001123928493096617280832111969276824370055214905, 477311076933052664802470734962761636709391158787836656517192746040849856588283568985101944369149185826603697757944269469601924969850925843979592224977153, 4295799689275725432906244383283257500591354123341931765979083628328887199257205273515304118629023046764158044811936286065899603204307154166413234283821321, 38662197178507540493628261598496539666976856664088600752449263707368310914663973116956221064406704505922353578629870293465399051159567771062953584365338961, 347959774406775957222430851578046634296029066408887125641314340748455080009360365031647425722792533595449163831844145720792790017064988252090295032730553305, 3131637968062648357240089641735041927010160449136701881726680321644712665529686548063132577326863212143380456366382869438471808918865725745009705349934705313, 28184741699777153153066502595876355089858634853884058943181666997477328318236190662578536189222303649353744477881262501814952311641037403418693140063568969641, 253662675195700921880844089924975017782865240178186466549778292052319184551499672314425157756071776611844729327784024784316268820735300484093202161770488970481, 2282964075942960644953561341821477735838887373549517687437194686085554158700976151684115428656521403036508660413606036614828202574329402701903000929061807760505, 20546676676939864588789768336366920228894788057512375094848447615745422051162567972169520338432924189122298172425766899629820884910594161151498341200737370359873, 184920090040084531572769645107091246910811506082145103116946291989744206007109171806338212528927083210668331209438058904033375643088127545333887257736732514585161, 1664280809941766786344220646602132941003370863255575746159001535172908836692414223514394859179937525021427705457710409581596486958774363868949928911937951590931601, 14978527286123949094612336544525690219478876237430340260282904273401578280280234216899764146197578542423637318949211221742242050956174903312835813333366794031284505, 134806745548299925991625834701583161978898193881914330701361306910272238078994368743105171993288895852568984322172139279525187081060642760972721562557568416127076833, 1213260709720174407045550958721064057838790206897559123182773288969293785387064249611387350835227824170810625284545951785614829812536028310887718473675715632477083881, 10919346385765370248377306199744101320778763557760673283609132531656710706789845072271542362584241508445372873728738320226150945390144980146557783429140086705237942321, 98274117458158736915134536367733110288846085585307188952195579099248199455148129770122450031404378298979210293252647587266347558783465734713576675713921336107803173305, 884467057013591869674121071869887579814312478791453735767467313875429299799006918942635076938243746457404673918231468615189237365842859362002683430331342021683954872193, 7960203512243632726570371603311304916046393977312595903488862686606400055613882510792397811730767268180676098861366814926816798725376598024364259064601540371379135441801, 71641831603163141735159600081660277826158199141329461384053019256757780639113225448466708884036449077863556291993060012469367638944546379428783842715853809562255476082641, 644776484372231853184646445949810769089349019036093938477703214663141023977548175562344095080672212069572574379713569133276868957645493740850237255924140851059265039074905, 5802988358900195299207498375267243071035542985437875734469137265722515430069458287132097322707474555796160897567030192752026016691227335668842151004792668160485990176241953, 52226895226502626657232928271156756833171101381845123915580702073279321498666488380204282624165353316403922647841735652724962576461434282602141701973432209375838265342394921, 470042057009730591630019897590423365049349628539840053683094052160698206167805970347751409311659578909056751366649729632324310028720195138371942930477255419529633278769992561, 4230378512857230938389567423513910713850624385684431990690788337643641763570620990768224057101454364862936946501106026409899242705596771014137502753122142927724906876992237305, 38073406613872323355261213573225999851907441301766859976560629985123172763106153610946341291257822369978060407770684274067269914817597945314232357717097719048315805807647762113, 342660659510108869475391776251840426085181546360757516271793949439757864501670406582474205003968617414536440446624648192136175520657425109470748690599401650957679343467447639241, 3083945935473043499502852819009015254110750514405663858308131781559039795608555878040719052752464690988862632883540349271492879758554085006964793215092931166531826580319478072081, 27755513418313900889320290033020748641749687406921744419669075926889208433320388757261257699128404915284695025464853658733659637505064478070854759855559466449008202173868925508505, 249799620757277183154239527592703628613770648880461857336188802485058070691011418072538315337494408297924321779694176614733067771358120570040454529746366107590528175325145425688673, 2248196586755111249591011086698467784228123537669485976499036175510733764981649446382455631402115717121345892078957817276872023318275081522935739190842127132501109432618414053030761, 20233769280312934055941942487199291071686613420988007872278021204761371196669311805967446329544193513440850851834807290466976977295098401860393059681594541057163715765540586063681201, 182103923518951868980460224040098267754247533444593143520795755844182792391635913836663619341330252975071647670028781546087556776789693750028901671162541002636354825003416222511336505, 1638935311639650520640003949603321594660771902246946873049510322608337997005365578292640741875557547125733098732471243178201058206933015968757399625952657921520850634490161871095557633, 14750417804509524284286931012369391830927299930187390508344381063560781906924411007131173414509200805001329444906291189944453643056024550075652359370549303807311337964290816927759785481, 132753760238607075346797542838840506310188521851405463782289734852733744673452593373744060212418273164245919049454430029158594706921325115970987280442975079699889198022468365612842339921, 1194783842131634532426899195369692395446439276500400767698130055920100514310632206398541520089656197321189310186613982055428883581101099023801533669699939622072090826204287926858839769305, 10753054579058077626287863236888254268255894127205619658543350041244891735434143632098981435522871732590929727128285281785805945434272633685681867300400420402035084960860230553432525784993, 96777491210509633312156932960482470088206572254466678920971586674915972906582854269921086674604901430745845529810909278139556428358913077466748836317994104306212157539935421158344067679401, 870997420886482177213941707272247684185087351167128926241395770503939536198921906617265376979321872311435115661813982222881371106096122429661105837495399945302305571765046489780017664928241, 7838976787913503414161709850473472784795611767519590863793773857973022873060793807218127435551660177221906816137512488895283005542841258679014763285399545324264819420202763722600768914454905]
Predicted:    
[3, 21, 161, 1305, 10913, 92841, 797681, 6896505, 59889473, 521900361, 4561574801, 36492598447, 291940787617, 2335526300979, 18684210407877, 149473683263063, 1195789466104553, 9566315728836475, 76530525830691853, 612244206645534879, 4897953653164279089, 39183629225314232771, 313469033802513862229, 2507752270420110897895, 20062018163360887183225, 160496145306887097465867, 1283969162455096779727005, 10271753299640774237816111, 82174026397126193902528961, 657392211177009551220231763, 5259137689416076409761854181, 42073101515328611278094833527, 336584812122628890224758668297, 2692678496981031121798069346459, 21541427975848248974384554771757, 172331423806785991795076438174143, 1378651390454287934360611505393233, 11029211123634303474884892043145955, 88233688989074427799079136345167733, 705869511912595422392633090761341959, 5646956095300763379141064726090735769, 45175648762406107033128517808725886251, 361405190099248856265028142469807090109, 2891241520793990850120225139758456720975, 23129932166351926800961801118067653767905, 185039457330815414407694408944541230143347, 1480315658646523315261555271556329841146885, 11842525269172186522092442172450638729175191, 94740202153377492176739537379605109833401641, 757921617227019937413916299036840878667213243, 6063372937816159499311330392294727029337706061, 48506983502529275994490643138357816234701648607, 388055868020234207955925145106862529877613188977, 3104446944161873663647401160854900239020905511939, 24835575553294989309179209286839201912167244095637, 198684604426359914473433674294713615297337952765223, 1589476835410879315787469394357708922378703622121913, 12715814683287034526299755154861671379029628976975435, 101726517466296276210398041238893371032237031815803613, 813812139730370209683184329911146968257896254526429039, 6510497117842961677465474639289175746063170036211432449, 52083976942743693419723797114313405968505360289691459731, 416671815541949547357790376914507247748042882317531677989, 3333374524335596378862323015316057981984343058540253424055, 26666996194684771030898584122528463855874744468322027392585, 213335969557478168247188672980227710846997955746576219140827, 1706687756459825345977509383841821686775983645972609753126765, 13653502051678602767820075070734573494207869167780878025014271, 109228016413428822142560600565876587953662953342247024200114321, 873824131307430577140484804527012703629303626737976193600914723, 6990593050459444617123878436216101629034429013903809548807317941, 55924744403675556936991027489728813032275432111230476390458543687, 447397955229404455495928219917830504258203456889843811123668349657, 3579183641835235643967425759342644034065627655118750488989346797419, 28633469134681885151739406074741152272525021240950003911914774379517, 229067753077455081213915248597929218180200169927600031295318195036303, 1832542024619640649711321988783433745441601359420800250362545560290593, 14660336196957125197690575910267469963532810875366402002900364482324915, 117282689575657001581524607282139759708262487002931216023202915858599493, 938261516605256012652196858257118077666099896023449728185623326868796119, 7506092132842048101217574866056944621328799168187597825484986614950369129, 60048737062736384809740598928455556970630393345500782603879892919602953211, 480389896501891078477924791427644455765043146764006260831039143356823625869, 3843119172015128627823398331421155646120345174112050086648313146854589007135, 30744953376121029022587186651369245168962761392896400693186505174836712057265, 245959627008968232180697493210953961351702091143171205545492041398693696458307, 1967677016071745857445579945687631690813616729145369644363936331189549571666645, 15741416128573966859564639565501053526508933833162957154911490649516396573333351, 125931329028591734876517116524008428212071470665303657239291925196131172586667001, 1007450632228733879012136932192067425696571765322429257914335401569049380693336203, 8059605057829871032097095457536539405572574122579434063314683212552395045546689821, 64476840462638968256776763660292315244580592980635472506517465700419160364373518767, 515814723701111746054214109282338521956644743845083780052139725603353282914988150337, 4126517789608893968433712874258708175653157950760670240417117804826826263319905202899, 33012142316871151747469702994069665405225263606085361923336942438614610106559241623397, 264097138534969213979757623952557323241802108848682895386695539508916880852473932987383, 2112777108279753711838060991620458585934416870789463163093564316071335046819791463899273, 16902216866238029694704487932963668687475334966315705304748514528570680374558331711194395, 135217734929904237557635903463709349499802679730525642437988116228565442996466653689555373, 1081741879439233900461087227709674795998421437844205139503904929828523543971733229516443199, 8653935035513871203688697821677398367987371502753641116031239438628188351773865836131545809, 69231480284110969629509582573419186943898972022029128928249915509025506814190926689052366691, 553851842272887757036076660587353495551191776176233031425999324072204054513527413512418933749, 4430814738183102056288613284698827964409534209409864251407994592577632436108219308099351470215, 35446517905464816450308906277590623715276273675278914011263956740621059488865754464794811761945, 283572143243718531602471250220724989722210189402231312090111653924968475910926035718358494095787, 2268577145949748252819770001765799917777681515217850496720893231399747807287408285746867952766525, 18148617167597986022558160014126399342221452121742803973767145851197982458299266285974943622132431, 145188937340783888180465280113011194737771616973942431790137166809583859666394130287799548977059681, 1161511498726271105443722240904089557902172935791539454321097334476670877331153042302396391816477683, 9292091989810168843549777927232716463217383486332315634568778675813367018649224338419171134531821701, 74336735918481350748398223417861731705739067890658525076550229406506936149193794707353369076254573847, 594693887347850805987185787342893853645912543125268200612401835252055489193550357658826952610036591017, 4757551098782806447897486298743150829167300345002145604899214682016443913548402861270615620880292728379, 38060408790262451583179890389945206633338402760017164839193717456131551308387222890164924967042341827277, 304483270322099612665439123119561653066707222080137318713549739649052410467097783121319399736338734618463, 2435866162576796901323512984956493224533657776641098549708397917192419283736782264970555197890709876947953, 19486929300614375210588103879651945796269262213128788397667183337539354269894258119764441583125679015583875, 155895434404915001684704831037215566370154097705030307181337466700314834159154064958115532665005432124671253, 1247163475239320013477638648297724530961232781640242457450699733602518673273232519664924261320043456997370279, 9977307801914560107821109186381796247689862253121939659605597868820149386185860157319394090560347655978962489, 79818462415316480862568873491054369981518898024975517276844782950561195089486881258555152724482781247831700171, 638547699322531846900550987928434959852151184199804138214758263604489560715895050068441221795862249982653601629, 5108381594580254775204407903427479678817209473598433105718066108835916485727160400547529774366897999861228813295, 40867052756642038201635263227419837430537675788787464845744528870687331885817283204380238194935183998889830506625, 326936422053136305613082105819358699444301406310299718765956230965498655086538265635041905559481471991118644053267, 2615491376425090444904656846554869595554411250482397750127649847723989240692306125080335244475851775928949152426405, 20923931011400723559237254772438956764435290003859182001021198781791913925538449000642681955806814207431593219411511, 167391448091205788473898038179511654115482320030873456008169590254335311404307592005141455646454513659452745755292361, 1339131584729646307791184305436093232923858560246987648065356722034682491234460736041131645171636109275621966042339163, 10713052677837170462329474443488745863390868481975901184522853776277459929875685888329053161373088874204975728338713581, 85704421422697363698635795547909966907126947855807209476182830210219679439005487106632425290984710993639805826709708927, 685635371381578909589086364383279735257015582846457675809462641681757435512043896853059402327877687949118446613677671697, 5485082971052631276712690915066237882056124662771661406475701133454059484096351174824475218623021503592947572909421373859, 43880663768421050213701527320529903056448997302173291251805609067632475872770809398595801748984172028743580583275370991157, 351045310147368401709612218564239224451591978417386330014444872541059806982166475188766413991873376229948644666202967929543, 2808362481178947213676897748513913795612735827339090640115558980328478455857331801510131311934987009839589157329623743436633, 22466899849431577709415181988111310364901886618712725120924471842627827646858654412081050495479896078716713258636989947493355, 179735198795452621675321455904890482919215092949701800967395774741022621174869235296648403963839168629733706069095919579947133, 1437881590363620973402571647239123863353720743597614407739166197928180969398953882373187231710713349037869648552767356639577359, 11503052722908967787220573177912990906829765948780915261913329583425447755191631058985497853685706792302957188422138853116619169, 92024421783271742297764585423303927254638127590247322095306636667403582041533048471883982829485654338423657507377110824932953651, 736195374266173938382116683386431418037105020721978576762453093339228656332264387775071862635885234707389260059016886599463629509, 5889562994129391507056933467091451344296840165775828614099624746713829250658115102200574901087081877659114080472135092795709036375, 47116503953035132056455467736731610754374721326206628912796997973710634005264920817604599208696655021272912643777080742365672291305, 376932031624281056451643741893852886034997770609653031302375983789685072042119366540836793669573240170183301150216645938925378330747, 3015456252994248451613149935150823088279982164877224250419007870317480576336954932326694349356585921361466409201733167511403026646285, 24123650023953987612905199481206584706239857319017794003352062962539844610695639458613554794852687370891731273613865340091224213170591, 192989200191631900903241595849652677649918858552142352026816503700318756885565115668908438358821498967133850188910922720729793705365041, 1543913601533055207225932766797221421199350868417138816214532029602550055084520925351267506870571991737070801511287381765838349642920643, 12351308812264441657807462134377771369594806947337110529716256236820400440676167402810140054964575933896566412090299054126706797143365461, 98810470498115533262459697075022170956758455578696884237730049894563203525409339222481120439716607471172531296722392433013654377146924007, 790483763984924266099677576600177367654067644629575073901840399156505628203274713779848963517732859769380250373779139464109235017175392377, 6323870111879394128797420612801418941232541157036600591214723193252045025626197710238791708141862878155042002990233115712873880137403139339, 50590960895035153030379364902411351529860329256292804729717785546016360205009581681910333665134903025240336023921864925702991041099225115037, 404727687160281224243034919219290812238882634050342437837742284368130881640076653455282669321079224201922688191374919405623928328793800920623, 3237821497282249793944279353754326497911061072402739502701938274945047053120613227642261354568633793615381505530999355244991426630350407365313, 25902571978257998351554234830034611983288488579221916021615506199560376424964905821138090836549070348923052044247994841959931413042803258922835, 207220575826063986812433878640276895866307908633775328172924049596483011399719246569104726692392562791384416353983958735679451304342426071383013, 1657764606608511894499471029122215166930463269070202625383392396771864091197753972552837813539140502331075330831871669885435610434739408571064439, 13262116852868095155995768232977721335443706152561621003067139174174912729582031780422702508313124018648602646654973359083484883477915268568515849, 106096934822944761247966145863821770683549649220492968024537113393399301836656254243381620066504992149188821173239786872667879067823322148548127131, 848775478583558089983729166910574165468397193763943744196296907147194414693250033947052960532039937193510569385918294981343032542586577188385017389, 6790203828668464719869833335284593323747177550111549953570375257177555317546000271576423684256319497548084555087346359850744260340692617507080139455, 54321630629347717758958666682276746589977420400892399628563002057420442540368002172611389474050555980384676440698770878805954082725540940056641115985, 434573045034781742071669333458213972719819363207139197028504016459363540322944017380891115792404447843077411525590167030447632661804327520453128928227, 3476584360278253936573354667665711781758554905657113576228032131674908322583552139047128926339235582744619292204721336243581061294434620163625031426165, 27812674882226031492586837341325694254068439245256908609824257053399266580668417112377031410713884661956954337637770689948648490355476961309000251409671, 222501399057808251940694698730605554032547513962055268878594056427194132645347336899016251285711077295655634701102165519589187922843815690472002011277721, 1780011192462466015525557589844844432260380111696442151028752451417553061162778695192130010285688618365245077608817324156713503382750525523776016090222123, 14240089539699728124204460718758755458083040893571537208230019611340424489302229561537040082285508946921960620870538593253708027062004204190208128721777341, 113920716317597824993635685750070043664664327148572297665840156890723395914417836492296320658284071575375684966964308746029664216496033633521665029774219087, 911365730540782599949085486000560349317314617188578381326721255125787167315342691938370565266272572603005479735714469968237313731968269068173320238193753057, 7290925844326260799592683888004482794538516937508627050613770041006297338522741535506964522130180580824043837885715759745898509855746152545386561905550024819, 58327406754610086396741471104035862356308135500069016404910160328050378708181932284055716177041444646592350703085726077967188078845969220363092495244400198917, 466619254036880691173931768832286898850465084000552131239281282624403029665455458272445729416331557172738805624685808623737504630767753762904739961955201591703, 3732954032295045529391454150658295190803720672004417049914250260995224237323643666179565835330652457381910444997486468989900037046142030103237919695641612733993, 29863632258360364235131633205266361526429765376035336399314002087961793898589149329436526682645219659055283559979891751919200296369136240825903357565132901872315, 238909058066882913881053065642130892211438123008282691194512016703694351188713194635492213461161757272442268479839134015353602370953089926607226860521063214978893, 1911272464535063311048424525137047137691504984066261529556096133629554809509705557083937707689294058179538147838713072122828818967624719412857814884168505719831519, 15290179716280506488387396201096377101532039872530092236448769069036438476077644456671501661514352465436305182709704576982630551740997755302862519073348045758652529, 122321437730244051907099169608771016812256318980240737891590152552291507808621155653372013292114819723490441461677636615861044413927982042422900152586784366069220611, 978571501841952415256793356870168134498050551841925903132721220418332062468969245226976106336918557787923531693421092926888355311423856339383201220694274928553765269, 7828572014735619322054346854961345075984404414735407225061769763346656499751753961815808850695348462303388253547368743415106842491390850715065609765554199428430122535, 62628576117884954576434774839690760607875235317883257800494158106773251998014031694526470805562787698427106028378949947320854739931126805720524878124433595427440980665, 501028608943079636611478198717526084863001882543066062403953264854186015984112253556211766444502301587416848227031599578566837919449014445764199024995468763419527845707, 4008228871544637092891825589740208678904015060344528499231626118833488127872898028449694131556018412699334785816252796628534703355592115566113592199963750107356222766045, 32065830972357096743134604717921669431232120482756227993853008950667905022983184227597553052448147301594678286530022373028277626844736924528908737599710000858849782128751, 256526647778856773945076837743373355449856963862049823950824071605343240183865473820780424419585178412757426292240178984226221014757895396231269900797680006870798257030401, 2052213182230854191560614701946986843598855710896398591606592572842745921470923790566243395356681427302059410337921431873809768118063163169850159206381440054966386056243603, 16417705457846833532484917615575894748790845687171188732852740582741967371767390324529947162853451418416475282703371454990478144944505305358801273651051520439731088449949221, 131341643662774668259879340924607157990326765497369509862821924661935738974139122596239577302827611347331802261626971639923825159556042442870410189208412163517848707599594167, 1050733149302197346079034727396857263922614123978956078902575397295485911793112980769916618422620890778654418093015773119390601276448339542963281513667297308142789660796753737, 8405865194417578768632277819174858111380912991831648631220603178363887294344903846159332947380967126229235344744126184955124810211586716343706252109338378465142317286374030299, 67246921555340630149058222553398864891047303934653189049764825426911098354759230769274663579047737009833882757953009479640998481692693730749650016874707027721138538290992242797, 537975372442725041192465780427190919128378431477225512398118603415288786838073846154197308632381896078671062063624075837127987853541549845997200134997656221769108306327937942783, 4303802979541800329539726243417527353027027451817804099184948827322310294704590769233578469059055168629368496508992606697023902828332398767977601079981249774152866450623503542673, 34430423836334402636317809947340218824216219614542432793479590618578482357636726153868627752472441349034947972071940853576191222626659190143820808639849998193222931604988028341795, 275443390690675221090542479578721750593729756916339462347836724948627858861093809230949022019779530792279583776575526828609529781013273521150566469118799985545783452839904226734773, 2203547125525401768724339836629774004749838055330715698782693799589022870888750473847592176158236246338236670212604214628876238248106188169204531752950399884366267622719233813878599]
len(predicted_full) = 200, len(input_sequence + seq_pred) = 200
is_manual_check: False
