test results being evaluated: data/test_linrec15.tsv
csv file used: ../linear_database_newbl.csv
The sequence ID inspected: A077221
csv results file used: ../linear_database_newbl.csv
Results we are looking at now:
('Could you give me a recursive equation in a form of a Python code for the following number sequence: 0,1,8,17,32,49,72,97,128,161,200,241,288,337,392', 'Certainly, the Python code is the following: lambda a_n: a_n[-1] + n * n')

Experiment type: Evaluation of the results of llms.
Ground truth: 
[0, 1, 8, 17, 32, 49, 72, 97, 128, 161, 200, 241, 288, 337, 392, 449, 512, 577, 648, 721, 800, 881, 968, 1057, 1152, 1249, 1352, 1457, 1568, 1681, 1800, 1921, 2048, 2177, 2312, 2449, 2592, 2737, 2888, 3041, 3200, 3361, 3528, 3697, 3872, 4049, 4232, 4417, 4608, 4801, 5000, 5201, 5408, 5617, 5832, 6049, 6272, 6497, 6728, 6961, 7200, 7441, 7688, 7937, 8192, 8449, 8712, 8977, 9248, 9521, 9800, 10081, 10368, 10657, 10952, 11249, 11552, 11857, 12168, 12481, 12800, 13121, 13448, 13777, 14112, 14449, 14792, 15137, 15488, 15841, 16200, 16561, 16928, 17297, 17672, 18049, 18432, 18817, 19208, 19601, 20000, 20401, 20808, 21217, 21632, 22049, 22472, 22897, 23328, 23761, 24200, 24641, 25088, 25537, 25992, 26449, 26912, 27377, 27848, 28321, 28800, 29281, 29768, 30257, 30752, 31249, 31752, 32257, 32768, 33281, 33800, 34321, 34848, 35377, 35912, 36449, 36992, 37537, 38088, 38641, 39200, 39761, 40328, 40897, 41472, 42049, 42632, 43217, 43808, 44401, 45000, 45601, 46208, 46817, 47432, 48049, 48672, 49297, 49928, 50561, 51200, 51841, 52488, 53137, 53792, 54449, 55112, 55777, 56448, 57121, 57800, 58481, 59168, 59857, 60552, 61249, 61952, 62657, 63368, 64081, 64800, 65521, 66248, 66977, 67712, 68449, 69192, 69937, 70688, 71441, 72200, 72961, 73728, 74497, 75272, 76049, 76832, 77617, 78408, 79201]
Predicted:    
[0, 1, 8, 17, 32, 49, 72, 97, 128, 161, 200, 241, 288, 337, 392, 617, 873, 1162, 1486, 1847, 2247, 2688, 3172, 3701, 4277, 4902, 5578, 6307, 7091, 7932, 8832, 9793, 10817, 11906, 13062, 14287, 15583, 16952, 18396, 19917, 21517, 23198, 24962, 26811, 28747, 30772, 32888, 35097, 37401, 39802, 42302, 44903, 47607, 50416, 53332, 56357, 59493, 62742, 66106, 69587, 73187, 76908, 80752, 84721, 88817, 93042, 97398, 101887, 106511, 111272, 116172, 121213, 126397, 131726, 137202, 142827, 148603, 154532, 160616, 166857, 173257, 179818, 186542, 193431, 200487, 207712, 215108, 222677, 230421, 238342, 246442, 254723, 263187, 271836, 280672, 289697, 298913, 308322, 317926, 327727, 337727, 347928, 358332, 368941, 379757, 390782, 402018, 413467, 425131, 437012, 449112, 461433, 473977, 486746, 499742, 512967, 526423, 540112, 554036, 568197, 582597, 597238, 612122, 627251, 642627, 658252, 674128, 690257, 706641, 723282, 740182, 757343, 774767, 792456, 810412, 828637, 847133, 865902, 884946, 904267, 923867, 943748, 963912, 984361, 1005097, 1026122, 1047438, 1069047, 1090951, 1113152, 1135652, 1158453, 1181557, 1204966, 1228682, 1252707, 1277043, 1301692, 1326656, 1351937, 1377537, 1403458, 1429702, 1456271, 1483167, 1510392, 1537948, 1565837, 1594061, 1622622, 1651522, 1680763, 1710347, 1740276, 1770552, 1801177, 1832153, 1863482, 1895166, 1927207, 1959607, 1992368, 2025492, 2058981, 2092837, 2127062, 2161658, 2196627, 2231971, 2267692, 2303792, 2340273, 2377137, 2414386, 2452022, 2490047, 2528463, 2567272, 2606476, 2646077]
len(predicted_full) = 200, len(input_sequence + seq_pred) = 200
is_manual_check: False
