test results being evaluated: data/test_linrec15.tsv
csv file used: ../linear_database_newbl.csv
The sequence ID inspected: A077242
csv results file used: ../linear_database_newbl.csv
Results we are looking at now:
('Could you give me a recursive equation in a form of a Python code for the following number sequence: 5,7,23,37,133,215,775,1253,4517,7303,26327,42565,153445,248087,894343', 'Certainly, the Python code is the following: lambda a_n: a_n[-2] - -3 + a_n[-2] * 5 + 1')

Experiment type: Evaluation of the results of llms.
Ground truth: 
[5, 7, 23, 37, 133, 215, 775, 1253, 4517, 7303, 26327, 42565, 153445, 248087, 894343, 1445957, 5212613, 8427655, 30381335, 49119973, 177075397, 286292183, 1032071047, 1668633125, 6015350885, 9725506567, 35060034263, 56684406277, 204344854693, 330380931095, 1191009093895, 1925601180293, 6941709708677, 11223226150663, 40459249158167, 65413755723685, 235813785240325, 381259308191447, 1374423462283783, 2222142093424997, 8010726988462373, 12951593252358535, 46689938468490455, 75487417420726213, 272128903822480357, 439972911271998743, 1586083484466391687, 2564350050211266245, 9244372002975869765, 14946127389995598727, 53880148533388826903, 87112414289762326117, 314036519197357091653, 507728358348578357975, 1830338966650753723015, 2959257735801707821733, 10667997280707165246437, 17247818056461668572423, 62177644717592237755607, 100527650602968303612805, 362397871024846261287205, 585918085561348153104407, 2112209581431485329967623, 3414980862765120615013637, 12310859617564065718518533, 19903967091029375536977415, 71752948123952908981143575, 116008821683411132606850853, 418206829126153388168342917, 676148963009437420104127703, 2437488026632967420028913927, 3940884956373213388017915365, 14206721330671651132005140645, 22969160775229842908003364487, 82802839957396939372001929943, 133874079695005844060002271557, 482610318413709985100006439013, 780275317394805221452010264855, 2812859070524862971228036704135, 4547777824673825484652059317573, 16394544104735467842268213785797, 26506391630648147686460345640583, 95554405557887944082381246010647, 154490571959215060634110014525925, 556931889242592196652019262278085, 900437040124642216118199741514967, 3246036929897665235829734327657863, 5248131668788638236075088434563877, 18919289690143399218326386703669093, 30588352972607187200332330865868295, 110269701210962730074128585894356695, 178281986166854484965918896760645893, 642698917575632981226445128662471077, 1039103564028519722595181049698007063, 3745923804242835157284542186080469767, 6056339398004263850605167401427396485, 21832843907881377962480807987820347525, 35298932823997063381035823358866371847, 127251139643045432617600305740841615383, 205737257545978116435609772751770834597, 741673993950391217743121026457229344773, 1199124612451871635232622813151758635735, 4322792824059301873841125853002534453255, 6989010417165251694960127106158780979813, 25195082950405420025303634091557977374757, 40734937890539638534528139823800927243143, 146847704878373218277980678696345329795287, 237420616926072579512208711836646782479045, 855891146319833889642580438086514001396965, 1383788763665895838538724131196079767631127, 4988499173040630119577501949822738678586503, 8065311965069302451720136075339831823307717, 29075103891923946827822431260849918070122053, 47008083026749918871782092320842911172215175, 169462124178503050847357085615276769742145815, 273983186195430210778972417849717635209983333, 987697641179094358256320082430810700382752837, 1596891034145831345802052414777462900087684823, 5756723722896063098690563408969587432554371207, 9307363018679557864033342070815059765316125605, 33552644696197284233887060371386713894943474405, 54247287077931515838398000010112895691809068807, 195559144454287642304631798819350695937106475223, 316176359448909537166354657989862314385538287237, 1139802222029528569593903732544717461727695376933, 1842810869615525707159729947929060990621420654615, 6643254187722883775258790596448954074429065786375, 10740688858244244705792025029584503629342985640453, 38719722904307774081958839846149006984846699341317, 62601322279849942527592420229577960785436493188103, 225675083238123760716494248480445087834651130261527, 364867244820855410459762496347883261083275973488165, 1315330776524434790217006651036521520023060082227845, 2126602146645282520230982557857721605714219347740887, 7666309575908484980585545657738684032303709363105543, 12394745635050839710926132850798446373202040112957157, 44682526678926475093296267295395582673799196096405413, 72241871663659755745325814546932956633498021330002055, 260428850497650365579192058114634812010491467215326935, 421056484346907694761028754430799293427786087867055173, 1517890576306975718381856081392413289389149607195556197, 2454097034417786412820846712037862803933218505872328983, 8846914607344203944711944430239844924324406175958010247, 14303525722159810782164051517796377530171524947366918725, 51563597067758247949889810500046656256557287448552505285, 83367057298541078280163462394740402377095931178329183367, 300534667799205283754626918570040092615019318515357021463, 485898818069086658898816722850646036732404062122608181477, 1751644409727473454577871700920193899433558623643589623493, 2832025851115978875112736874709135818017328441557319905495, 10209331790565635443712603286951123303986332423346180719495, 16506256288626786591777604525404168871371566587221311251493, 59504346333666339207697748020786545924484435916433494693477, 96205511880644740675552890277715877410212071081770547603463, 346816746211432399802473884837768152242920283075254787441367, 560726814995241657461539737140891095589900859903401974369285, 2021396130934928059607145561005822367533037262535095229954725, 3268155378090805204093685532567630696129193088338641298612247, 11781560039398135957840399481197166052955303292135316592286983, 19048205453549589567100573458264893081185257670128445817304197, 68667964105453887687435251326177173950198782490276804323767173, 111021077343206732198509755217021727790982352932432033605212935, 400226224593325190166771108475865877648237391649525509350316055, 647078258605690803623957957843865473664708859924463755813973413, 2332689383454497253313191399529018091939225567406876251778129157, 3771448474290938089545237991846171114197270806614350501278627543, 13595910076133658329712377288698242673987116012791732001318458887, 21981612587139937733647469993233161211518915979761639251857791845, 79242771073347452724961072332660437951983470509343515756132624165, 128118227048548688312339581967552796154916225071955485009868123527, 461860716363951058020054056707264385037913707043269362535477286103, 746727749704152192140390021812083615717978434451971270807350949317, 2691921527110358895395363267910925872275498771750272659456731092453, 4352248271176364464530000548904948898152954381639872139834237572375, 15689668446298202314352125550758290848615078923458366594204909268615, 25366761877354034595039613271617609773199747855387261568198074484933, 91446089150678854990717390036638819219414974768999926905772724519237, 147848322992947843105707679080800709741045532750683697269354209337223, 532986866457774927629952214669074624467874769690541194840431437846807, 861723176080333024039206461213186648673073448648714922047927181538405, 3106475109595970710788995897977808927587833643374247242136815902561605, 5022490733489050301129531088198319182297395159141605835018208879893207, 18105863791118049337104023173197778941059127090554942257980463977522823, 29273221224853968782737980067976728445111297506200920088061326097820837, 105528707637112325311835143141208864718766928899955406305745967962575333, 170616836615634762395298349319662051488370389878063914693349747707031815, 615066382031555902533906835674055409371542446309177495576495343797929175, 994427798468954605589052115849995580485111041762182568072037160144370053, 3584869584552223089891605870903123591510487748955109567153226094824999717, 5795949954198092871139014345780311431422295860695031493738873213159188503, 20894151125281782636815728389744686139691384047421479907342861225152069127, 33781271926719602621245033958831873008048664122408006394361202118810760965, 121780037167138472731002764467564993246637816535573769876903941256087415045, 196891681606119522856331189407210926616869688873753006872428339499705377287, 709786071877549053749200858415645273340135515166021139354080786311372421143, 1147568817709997534516742102484433686693169469120110034840208834879421502757, 4136936394098155849764202386026306646794175274460553066247580776612147111813, 6688521224653865684244121425499391193542147125846907202168824669776823639255, 24111832292711386044836013457742194607424916131597297258131403873361510249735, 38983558530213196570947986450511913474559713285961333178172739183781520332773]
Predicted:    
[5, 7, 23, 37, 133, 215, 775, 1253, 4517, 7303, 26327, 42565, 153445, 248087, 894343, 1488526, 5366062, 8931160, 32196376, 53586964, 193178260, 321521788, 1159069564, 1929130732, 6954417388, 11574784396, 41726504332, 69448706380, 250359025996, 416692238284, 1502154155980, 2500153429708, 9012924935884, 15000920578252, 54077549615308, 90005523469516, 324465297691852, 540033140817100, 1946791786151116, 3240198844902604, 11680750716906700, 19441193069415628, 70084504301440204, 116647158416493772, 420507025808641228, 699882950498962636, 2523042154851847372, 4199297702993775820, 15138252929111084236, 25195786217962654924, 90829517574666505420, 151174717307775929548, 544977105447999032524, 907048303846655577292, 3269862632687994195148, 5442289823079933463756, 19619175796127965170892, 32653738938479600782540, 117715054776767791025356, 195922433630877604695244, 706290328660606746152140, 1175534601785265628171468, 4237741971963640476912844, 7053207610711593769028812, 25426451831781842861477068, 42319245664269562614172876, 152558710990691057168862412, 253915473985617375685037260, 915352265944146343013174476, 1523492843913704254110223564, 5492113595664878058079046860, 9140957063482225524661341388, 32952681573989268348474281164, 54845742380893353147968048332, 197716089443935610090845686988, 329074454285360118887808289996, 1186296536663613660545074121932, 1974446725712160713326849739980, 7117779219981681963270444731596, 11846680354272964279961098439884, 42706675319890091779622668389580, 71080082125637785679766590639308, 256240051919340550677736010337484, 426480492753826714078599543835852, 1537440311516043304066416062024908, 2558882956522960284471597263015116, 9224641869096259824398496372149452, 15353297739137761706829583578090700, 55347851214577558946390978232896716, 92119786434826570240977501468544204, 332087107287465353678345869397380300, 552718718608959421445865008811265228, 1992522643724792122070075216384281804, 3316312311653756528675190052867591372, 11955135862348752732420451298305690828, 19897873869922539172051140317205548236, 71730815174092516394522707789834144972, 119387243219535235032306841903233289420, 430384891044555098367136246739004869836, 716323459317211410193841051419399736524, 2582309346267330590202817480434029219020, 4297940755903268461163046308516398419148, 15493856077603983541216904882604175314124, 25787644535419610766978277851098390514892, 92963136465623901247301429295625051884748, 154725867212517664601869667106590343089356, 557778818793743407483808575773750311308492, 928355203275105987611218002639542058536140, 3346672912762460444902851454642501867850956, 5570131219650635925667308015837252351216844, 20080037476574762669417108727855011207105740, 33420787317903815554003848095023514107301068, 120480224859448576016502652367130067242634444, 200524723907422893324023088570141084643806412, 722881349156691456099015914202780403455806668, 1203148343444537359944138531420846507862838476, 4337288094940148736594095485216682420734840012, 7218890060667224159664831188525079047177030860, 26023728569640892419564572911300094524409040076, 43313340364003344957988987131150474283062185164, 156142371417845354517387437467800567146454240460, 259880042184020069747933922786902845698373110988, 936854228507072127104324624806803402878725442764, 1559280253104120418487603536721417074190238665932, 5621125371042432762625947748840820417272352656588, 9355681518624722510925621220328502445141431995596, 33726752226254596575755686493044922503634115939532, 56134089111748335065553727321971014670848591973580, 202360513357527579454534118958269535021804695637196, 336804534670490010393322363931826088025091551841484, 1214163080145165476727204713749617210130828173823180, 2020827208022940062359934183590956528150549311048908, 7284978480870992860363228282497703260784969042939084, 12124963248137640374159605101545739168903295866293452, 43709870885225957162179369694986219564709814257634508, 72749779488825842244957630609274435013419775197760716, 262259225311355742973076218169917317388258885545807052, 436498676932955053469745783655646610080518651186564300, 1573555351868134457838457309019503904329553313274842316, 2618992061597730320818474701933879660483111907119385804, 9441332111208806747030743854117023425977319879649053900, 15713952369586381924910848211603277962898671442716314828, 56647992667252840482184463124702140555863919277894323404, 94283714217518291549465089269619667777392028656297888972, 339887956003517042893106778748212843335183515667365940428, 565702285305109749296790535617718006664352171937787333836, 2039327736021102257358640672489277060011101094004195642572, 3394213711830658495780743213706308039986113031626724003020, 12235966416126613544151844034935662360066606564025173855436, 20365282270983950974684459282237848239916678189760344018124, 73415798496759681264911064209613974160399639384151043132620, 122191693625903705848106755693427089439500069138562064108748, 440494790980558087589466385257683844962397836304906258795724, 733150161755422235088640534160562536637000414831372384652492, 2642968745883348525536798311546103069774387017829437552774348, 4398900970532533410531843204963375219822002488988234307914956, 15857812475300091153220789869276618418646322106976625316646092, 26393405823195200463191059229780251318932014933929405847489740, 95146874851800546919324739215659710511877932641859751899876556, 158360434939171202779146355378681507913592089603576435084938444, 570881249110803281515948435293958263071267595851158511399259340, 950162609635027216674878132272089047481552537621458610509630668, 3425287494664819689095690611763749578427605575106951068395556044, 5700975657810163300049268793632534284889315225728751663057784012, 20551724967988918134574143670582497470565633450641706410373336268, 34205853946860979800295612761795205709335891354372509978346704076, 123310349807933508807444862023494984823393800703850238462240017612, 205235123681165878801773676570771234256015348126235059870080224460, 739862098847601052844669172140969908940362804223101430773440105676, 1231410742086995272810642059424627405536092088757410359220481346764, 4439172593085606317068015032845819453642176825338608584640640634060, 7388464452521971636863852356547764433216552532544462155322888080588, 26635035558513637902408090197074916721853060952031651507843843804364, 44330786715131829821183114139286586599299315195266772931937328483532, 159810213351081827414448541182449500331118365712189909047063062826188, 265984720290790978927098684835719519595795891171600637591623970901196, 958861280106490964486691247094697001986710194273139454282378376957132, 1595908321744745873562592109014317117574775347029603825549743825407180, 5753167680638945786920147482568182011920261165638836725694270261742796, 9575449930468475241375552654085902705448652082177622953298462952443084, 34519006083833674721520884895409092071521566993833020354165621570456780, 57452699582810851448253315924515416232691912493065737719790777714658508, 207114036503002048329125309372454552429129401962998122124993729422740684, 344716197496865108689519895547092497396151474958394426318744666287951052, 1242684219018012289974751856234727314574776411777988732749962376536444108, 2068297184981190652137119373282554984376908849750366557912467997727706316, 7456105314108073739848511137408363887448658470667932396499774259218664652, 12409783109887143912822716239695329906261453098502199347474807986366237900, 44736631884648442439091066824450183324691950824007594378998645555311987916, 74458698659322863476936297438171979437568718591013196084848847918197427404, 268419791307890654634546400946701099948151704944045566273991873331871927500, 446752191955937180861617784629031876625412311546079176509093087509184564428, 1610518747847343927807278405680206599688910229664273397643951239991231565004, 2680513151735623085169706707774191259752473869276475059054558525055107386572, 9663112487084063566843670434081239598133461377985640385863707439947389390028, 16083078910413738511018240246645147558514843215658850354327351150330644319436, 57978674922504381401062022604487437588800768267913842315182244639684336340172, 96498473462482431066109441479870885351089059293953102125964106901983865916620, 347872049535026288406372135626924625532804609607483053891093467838106018041036, 578990840774894586396656648879225312106534355763718612755784641411903195499724]
len(predicted_full) = 200, len(input_sequence + seq_pred) = 200
is_manual_check: False
