test results being evaluated: data/test_linrec15.tsv
csv file used: ../linear_database_newbl.csv
The sequence ID inspected: A077830
csv results file used: ../linear_database_newbl.csv
Results we are looking at now:
('Could you give me a recursive equation in a form of a Python code for the following number sequence: 1,3,11,42,157,588,2204,8259,30949,115977,434606,1628619,6103000,22870056,85702025', 'Certainly, the Python code is the following: lambda a_n: -8 + 7 * a_n[-2] - a_n[-2]')

Experiment type: Evaluation of the results of llms.
Ground truth: 
[1, 3, 11, 42, 157, 588, 2204, 8259, 30949, 115977, 434606, 1628619, 6103000, 22870056, 85702025, 321155187, 1203479779, 4509855786, 16899992477, 63330128340, 237319937332, 889320046107, 3332590398005, 12488371098225, 46798254229006, 175369276077483, 657169449985136, 2462641664797392, 9228371722594897, 34581906847334883, 129590388981586619, 485620095807214314, 1819786785926820829, 6819371716339650972, 25554549008294237516, 95761750815342476979, 358852465611634858885, 1344744545490472243161, 5039223820140713878190, 18883717948237990697547, 70763835121466816578504, 265176612721298572765176, 993708662251543323545177, 3723770717561627565901395, 13954259315351865063090067, 52291445367933480291708522, 195954166887189053699009885, 734308169343489716869716900, 2751707177908647698882296036, 10311600373074489691483351563, 38641139983071233622823797461, 144801742229088623348084983617, 542622307772631806364352600462, 2033393827725286366657699161003, 7619831325408388582746057634784, 28554148554993633900646629027744, 107002289798973537967405099835809, 400974660483133047451746730467267, 1502591006712327119991990278156651, 5630729210500168068781679594911914, 21100293626374557588684259532450845, 79070112320260990263592108621646316, 296303111845032590174489883714576380, 1110350441054743423816706646984374307, 4160867883815078422589876034247214629, 15592213869089819885926511047854121641, 58429428698063846774409405153009917102, 218955317483816415362850865657479638475, 820501451454846399295150940422021114552, 3074703275426363568934382768040052371912, 11521978681640232751482002781936638260265, 43176846950137964590200226703156082868275, 161798608039973449980367833977461682241091, 606315454065116977375949963684507127240618, 2272074119125711725859186239117912994808861, 8514249089627289482270562146655138285631092, 31905841869328642830657908809254762228232852, 119562246144617642634092409438428302240387323, 448041169441392082010404732373759846034520949, 1678965526221397459791372742425900429269036049, 6291665655980829471297204920340505886597312014, 23577051528709459579505574442994598056433570987, 88351382476754230060485251396942507230302445136, 331083247455624097754358517837838235463566413424, 1240683661906509132122562779636383515020604843505, 4649271628061038282057861128775654537679854692771, 17422431950363005403681784499113245349471473005595, 65287890092930620171528764093800195668835942932842, 244656349063700986168123444665954041318490338888029, 916812123228053215058473215682802251341557321546556, 3435612738090353478026252828661715423668160471214252, 12874431507918269822700075251348612897643067073399955, 48244956369619676069328151058417676294290194127268037, 180790570338966628287463362163935400949161197942246777, 677484918279894046469146614362687394128993183301476270, 2538770764626474424190351020591186013168172528170726475, 9513653841456111250371736376990739030609987544941872296, 35650957808460964738903351015242651300553287241071498648, 133596493402174539990024578861482990002384354397610419961, 500632357347813883198995647745906489700089600309799874067, 1876042932273173623793746154006413403006697371447834958067, 7030182991721672257749303494095502158427424378155935882218, 26344531911754805670432389733537052750395936678292877184989, 98722090515527282398177014650821402777062750905534008193604, 369945884345256475308643733901824820307262399207655586597444, 1386315429802088407733582400207728424727100509468913407734507, 5195004329643360021012565712379299123127014579538653420979221, 19467481501570026304430793139258828679757031955176753838199009, 72951399453403064178518258043158269559706426553014308579758990, 273374174352279325207454057545130363408014387308012393678612651, 1024427766468354182892691068139484115382727110895596059709952960, 3838885846469830391628536093638187881643329386961855892226361152, 14385635595403037516293352589828922965919485544600796977134827329, 53907961778553835880815203161181597007193296740412890894987063171, 202011814065877073849917922944117200598348849471325834315909927627, 757008272540948005860264232924201564707191598528605675669108391210, 2836772331090259672923074154144383886339852384749707368324106218397, 10630368980550306252039504697113906390228986899720310959258265220492, 39835676421454282119545455098403091637488240264246164641430333271900, 149278084218734237881484597151870239351942251746428237947779848911875, 559396712440762196639663215743758620501490196466937976003975008940901, 2096253335024117912040595206830225615120819813686408897831775724462153, 7855387682610080843045565843433804804421266589232387359346616738003886, 29436859855200764943136877591193141505009909984470793801715326689758667, 110310114935894810251623550080937710969234722572936382817334540718670232, 413370227565916203170281102955500830330987787455447898133474125749539688, 1549041492135140524843501041801957337446462537465628841440237438755235529, 5804795276344938411625935981559686805909067355026591469039664189920796659, 21752579496002844894075653337149477583613090502377375784399889824521480099, 81514453517103833080009335099973678374996793829582196815599710169671740202, 305462905372352004263057119918899050709943764558581116422717902727820570781, 1144675361639272213631416989968092941630664152842039870252552797996369633044, 4289495256213832148660393215041997961436870369132028434049893329953765261300, 16074225208037096886033184984818876919701770706755908391922939294037496762331, 60235692221456771596314592354444905506871045317057901654626262936009129708725, 225724012849086005006991326678098464244327288472081607049874347385963678434737, 845866098614282848871702719697641834505829268170628349634644385912021785008654, 3169753398205390871418034589512457148526755517407221967967560641316020101021611, 11878164430391996327018483187966950507324906953979167424321593737929994908386352, 44511598383429619270506626902018691322545719701263831257803835654158090282228240, 166800384205689023079810950850527346427867239563971494525957376362282320966522257, 625058842675102296761501555919520273450667878956379648366444581608953128189182307, 2342312091586973794255646450165671587175375275100873427924660004513898297347276155, 8777455112728193045529375314887637347711063301907294064084741305846448111319759850, 32892166049383833615383923512752816037835944092792767993202877671394000313221378781, 123258344648368808319977460518530737570456084707495512391552095639416592054345484508, 461891731382058671327288354525760756830173332213793955353316266178577121123438490636, 1730868381591065131467971755152602193744939998334751194822661622828746548418670577267, 6486163641482419162018424356064920307606534913554328032349273687761643663665925166597, 24305902881775563762973081642077247580800004733973868352753093107478155451205432126233, 91082641073064725007360008903819389938847904024034514707425811566443993326204158443694, 341318219907192560034081463063807425900963326280714264924831441977573221872021115083339, 1279037650513033821405883651925292800322985801092133429247605228388042118622087958516104, 4792997314572680759307893908614951422587427767909932361714756003818604779588918581046072, 17961021904465687600837693418886862146111144884756206738413972794164618241626995005420441, 67306173294081525785346519029666367684477247593364885226414246075295190639925086053901779, 252219555634893994835638625652617681613416315853336866241214951825670622741796003915684435, 945154079206242098880121995273846366647536877401008989391715266010096104230119168871118186, 3541819868770758863667682794215773566222875006689795356336818439907515130093724772606428765, 13272426431629442773270208250152866476803947722431414646517530707219749466966800667308575972, 49736381270048572343786356324711685662800203812876861620401374799504566973778209053751940004, 186379456279716879168902533857088110640677131903562800223249641132675745245549402813692258251, 698428410674136110514090938971146302678043646503736367850104265118695618085105028550506382677, 2617253288391987806911436953601750186303885814756965288858016202019952045667748518440159484545, 9807755055363386279269200340318807496189776132989057002944006059695274608910103820862567993742, 36753056974896542783172747745073361769211230967992310690098363378481814772321123585119542098347, 137726440900592364328790954776662950858924902614225941942757150860895849671786823952404240736160, 516108701817660337390525960841091998603766498177629618217300197518737002386733030490039510386400, 1934038158178855369178678035311821982836782992665317670607709984413448150820736110130285638926561, 7247511200873663875303458891947638798294656682193890074086001800860506006251034863228148659760963, 27158936024431683376439310628989836356368835526445194418125325963964625327554775901415135788295211, 101773944949578943987460883776800252614206168921719316414371111446855232447628605761092561601187242, 381382240500221190341171649264223346950240147864630008301621991671076466016748473675792402359435037, 1429171419473116509127754647233240055148239288016664240987984175798833738928166960253807737645565228, 5355600574268528740027989891558567617187816666544410688810309845079219846160883645396285702459127484, 20069291283252482809362993916934853002710649019260450573311763861848556414389230277723849789746818019, 75206589256713855435528225475621414407952298254920165820519863803100610152273959004725543987095404709, 281825152059452118145394633935409652080841642802914630674614048668236602824082988505813188648157232617, 1056096508541541513735329334508276344066561471976365575384817165196456698019964574360062203287902961326, 3957559597513670343803361947822512579585224596299686484965239184335145130164881577105989619121309563339, 14830347265802450413316928414290319383131321661260534497689194029403058595006822845555532829884206310520, 55574450518059316468763497142040812340764098592310073189152511952468836139410125413958764337758946942216, 208256724878323861264334434098170613527310612888350348017731641469218060998738666664305327530409182137705, 780410117468497567970481081821464423412854000833452793924567530400801031060056719357500109756398059229107, 2924467153716318375846402605086856934315475524053989297376623409998245723595877867642987277343289382789379, 10958991870720921847273173281198011490354066412493924524032200215203993415903963041636878034133891813239466, 41067140272000894997423768299232141609931712288090110548623550056810874788083815018269108986357448382984477, 153892806018593483814356859275353018613449696261420148586064920830835348366847004741010044859369996923800500, 576689674211945006979737634268117373531274712597922440427538463251739774924420533384478986653226562977088852, 2161056055489024673560197926252754582650518667180877950100615881587322645871207054690264376637492027927820987, 8098225932946744486083139625120557550854454515522739176915119333757953532563003245062781237797039200509042165, 30346858932454117826309027630671533938458225018723740752229205154203725214204685444722309426625781346314035025, 113720196829722916471773955921013980665035140088759334460819701774889050645353683988363283885383898523743652366, 426148986152917218526189341899746682524585233850293702417662873634348462962159432589722814222794375865386153643, 1596927928915559842001043020433282610719200656784570998431315639915434665819799722080061938719028268682587870736, 5984242349541682712470829612862383139201877858320578403511731772339668075319779083384721296258825253349766876592, 22425029864914919476993142905152954686617790590081758314650815217752918946485414992083456208882915425010634832177, 84034358080574803381924217002483478170414729457240144746269856117684396987555202309259997035323481587779201861923, 314905861020179297237171425656343493302085403126845686078646394105578033081595774162101067412512751373408175879899, 1180061388816432256906342139689456300306939040065262622672431340205361650059353972081073564934833963570814835860074]
Predicted:    
[1, 3, 11, 42, 157, 588, 2204, 8259, 30949, 115977, 434606, 1628619, 6103000, 22870056, 85702025, 137220328, 514212142, 823321960, 3085272844, 4939931752, 18511637056, 29639590504, 111069822328, 177837543016, 666418933960, 1067025258088, 3998513603752, 6402151548520, 23991081622504, 38412909291112, 143946489735016, 230477455746664, 863678938410088, 1382864734479976, 5182073630460520, 8297188406879848, 31092441782763112, 49783130441279080, 186554650696578664, 298698782647674472, 1119327904179471976, 1792192695886046824, 6715967425076831848, 10753156175316280936, 40295804550460991080, 64518937051897685608, 241774827302765946472, 387113622311386113640, 1450648963816595678824, 2322681733868316681832, 8703893782899574072936, 13936090403209900090984, 52223362697397444437608, 83616542419259400545896, 313340176184384666625640, 501699254515556403275368, 1880041057106307999753832, 3010195527093338419652200, 11280246342637847998522984, 18061173162560030517913192, 67681478055827087991137896, 108367038975360183107479144, 406088868334962527946827368, 650202233852161098644874856, 2436533210009775167680964200, 3901213403112966591869249128, 14619199260058651006085785192, 23407280418677799551215494760, 87715195560351906036514711144, 140443682512066797307292968552, 526291173362111436219088266856, 842662095072400783843757811304, 3157747040172668617314529601128, 5055972570434404703062546867816, 18946482241036011703887177606760, 30335835422606428218375281206888, 113678893446216070223323065640552, 182015012535638569310251687241320, 682073360677296421339938393843304, 1092090075213831415861510123447912, 4092440164063778528039630363059816, 6552540451282988495169060740687464, 24554640984382671168237782178358888, 39315242707697930971014364444124776, 147327845906296027009426693070153320, 235891456246187585826086186664748648, 883967075437776162056560158420919912, 1415348737477125514956517119988491880, 5303802452626656972339360950525519464, 8492092424862753089739102719930951272, 31822814715759941834036165703153116776, 50952554549176518538434616319585707624, 190936888294559651004216994218918700648, 305715327295059111230607697917514245736, 1145621329767357906025301965313512203880, 1834291963770354667383646187505085474408, 6873727978604147436151811791881073223272, 11005751782622128004301877125030512846440, 41242367871624884616910870751286439339624, 66034510695732768025811262750183077078632, 247454207229749307701465224507718636037736, 396207064174396608154867576501098462471784, 1484725243378495846208791347046311816226408, 2377242385046379648929205459006590774830696, 8908351460270975077252748082277870897358440, 14263454310278277893575232754039544648984168, 53450108761625850463516488493667225384150632, 85580725861669667361451396524237267893905000, 320700652569755102781098930962003352304903784, 513484355170018004168708379145423607363429992, 1924203915418530616686593585772020113829422696, 3080906131020108025012250274872541644180579944, 11545223492511183700119561514632120682976536168, 18485436786120648150073501649235249865083479656, 69271340955067102200717369087792724097859217000, 110912620716723888900441009895411499190500877928, 415628045730402613204304214526756344587155301992, 665475724300343333402646059372468995143005267560, 2493768274382415679225825287160538067522931811944, 3992854345802060000415876356234813970858031605352, 14962609646294494075354951722963228405137590871656, 23957126074812360002495258137408883825148189632104, 89775657877766964452129710337779370430825545229928, 143742756448874160014971548824453302950889137792616, 538653947266601786712778262026676222584953271379560, 862456538693244960089829292946719817705334826755688, 3231923683599610720276669572160057335509719628277352, 5174739232159469760538975757680318906232008960534120, 19391542101597664321660017432960344013058317769664104, 31048435392956818563233854546081913437392053763204712, 116349252609585985929960104597762064078349906617984616, 186290612357740911379403127276491480624352322579228264, 698095515657515915579760627586572384470099439707907688, 1117743674146445468276418763658948883746113935475369576, 4188573093945095493478563765519434306820596638247446120, 6706462044878672809658512581953693302476683612852217448, 25131438563670572960871382593116605840923579829484676712, 40238772269272036857951075491722159814860101677113304680, 150788631382023437765228295558699635045541478976908060264, 241432633615632221147706452950332958889160610062679828072, 904731788292140626591369773352197810273248873861448361576, 1448595801693793326886238717701997753334963660376078968424, 5428390729752843759548218640113186861639493243168690169448, 8691574810162759961317432306211986520009781962256473810536, 32570344378517062557289311840679121169836959459012141016680, 52149448860976559767904593837271919120058691773538842863208, 195422066271102375343735871044074727019021756754072846100072, 312896693165859358607427563023631514720352150641233057179240, 1172532397626614252062415226264448362114130540524437076600424, 1877380158995156151644565378141789088322112903847398343075432, 7035194385759685512374491357586690172684783243146622459602536, 11264280953970936909867392268850734529932677423084390058452584, 42211166314558113074246948145520141036108699458879734757615208, 67585685723825621459204353613104407179596064538506340350715496, 253266997887348678445481688873120846216652196753278408545691240, 405514114342953728755226121678626443077576387231038042104292968, 1519601987324092070672890133238725077299913180519670451274147432, 2433084686057722372531356730071758658465458323386228252625757800, 9117611923944552424037340799432350463799479083118022707644884584, 14598508116346334235188140380430551950792749940317369515754546792, 54705671543667314544224044796594102782796874498708136245869307496, 87591048698078005411128842282583311704756499641904217094527280744, 328234029262003887265344268779564616696781246992248817475215844968, 525546292188468032466773053695499870228538997851425302567163684456, 1969404175572023323592065612677387700180687481953492904851295069800, 3153277753130808194800638322172999221371233987108551815402982106728, 11816425053432139941552393676064326201084124891720957429107770418792, 18919666518784849168803829933037995328227403922651310892417892640360, 70898550320592839649314362056385957206504749350325744574646622512744, 113517999112709095012822979598227971969364423535907865354507355842152, 425391301923557037895886172338315743239028496101954467447879735076456, 681107994676254570076937877589367831816186541215447192127044135052904, 2552347811541342227375317034029894459434170976611726804687278410458728, 4086647968057527420461627265536206990897119247292683152762264810317416, 15314086869248053364251902204179366756605025859670360828123670462752360, 24519887808345164522769763593217241945382715483756098916573588861904488, 91884521215488320185511413225076200539630155158022164968742022776514152, 147119326850070987136618581559303451672296292902536593499441533171426920, 551307127292929921113068479350457203237780930948132989812452136659084904, 882715961100425922819711489355820710033777757415219560996649199028561512, 3307842763757579526678410876102743219426685585688797938874712819954509416, 5296295766602555536918268936134924260202666544491317365979895194171369064, 19847056582545477160070465256616459316560113514132787633248276919727056488, 31777774599615333221509613616809545561215999266947904195879371165028214376, 119082339495272862960422791539698755899360681084796725799489661518362338920, 190666647597691999329057681700857273367295995601687425175276226990169286248, 714494036971637177762536749238192535396164086508780354796937969110174033512, 1143999885586151995974346090205143640203775973610124551051657361941015717480, 4286964221829823066575220495429155212376984519052682128781627814661044201064, 6863999313516911975846076541230861841222655841660747306309944171646094304872, 25721785330978938399451322972574931274261907114316092772689766887966265206376, 41183995881101471855076459247385171047335935049964483837859665029876565829224, 154330711985873630396707937835449587645571442685896556636138601327797591238248, 247103975286608831130458755484311026284015610299786903027157990179259394975336, 925984271915241782380247627012697525873428656115379339816831607966785547429480, 1482623851719652986782752532905866157704093661798721418162947941075556369852008, 5555905631491450694281485762076185155240571936692276038900989647800713284576872, 8895743110317917920696515197435196946224561970792328508977687646453338219112040, 33335433788948704165688914572457110931443431620153656233405937886804279707461224, 53374458661907507524179091184611181677347371824753971053866125878720029314672232]
len(predicted_full) = 200, len(input_sequence + seq_pred) = 200
is_manual_check: False
