test results being evaluated: data/test_linrec15.tsv
csv file used: ../linear_database_newbl.csv
The sequence ID inspected: A078013
csv results file used: ../linear_database_newbl.csv
Results we are looking at now:
('Could you give me a recursive equation in a form of a Python code for the following number sequence: 1,0,0,-1,-1,-1,0,1,2,2,1,-1,-3,-4,-3', 'Certainly, the Python code is the following: lambda a_n: a_n[-2] + a_n[-2] % -6')

Experiment type: Evaluation of the results of llms.
Ground truth: 
[1, 0, 0, -1, -1, -1, 0, 1, 2, 2, 1, -1, -3, -4, -3, 0, 4, 7, 7, 3, -4, -11, -14, -10, 1, 15, 25, 24, 9, -16, -40, -49, -33, 7, 56, 89, 82, 26, -63, -145, -171, -108, 37, 208, 316, 279, 71, -245, -524, -595, -350, 174, 769, 1119, 945, 176, -943, -1888, -2064, -1121, 767, 2831, 3952, 3185, 354, -3598, -6783, -7137, -3539, 3244, 10381, 13920, 10676, 295, -13625, -24301, -24596, -10971, 13330, 37926, 48897, 35567, -2359, -51256, -86823, -84464, -33208, 53615, 138079, 171287, 117672, -20407, -191694, -309366, -288959, -97265, 212101, 501060, 598325, 386224, -114836, -713161, -1099385, -984549, -271388, 827997, 1812546, 2083934, 1255937, -556609, -2640543, -3896480, -3339871, -699328, 3197152, 6537023, 7236351, 4039199, -2497824, -9734175, -13773374, -11275550, -1541375, 12231999, 23507549, 25048924, 12816925, -10690624, -35739548, -48556473, -37865849, -2126301, 46430172, 84296021, 86422322, 39992150, -44303871, -130726193, -170718343, -126414472, 4311721, 175030064, 301444536, 297132815, 122102751, -179341785, -476474600, -598577351, -419235566, 57239034, 655816385, 1075051951, 1017812917, 361996532, -713055419, -1730868336, -2092864868, -1379809449, 351058887, 2443923755, 3823733204, 3472674317, 1028750562, -2794982642, -6267656959, -7296407521, -4501424879, 1766232080, 9062639601, 13564064480, 11797832400, 2735192799, -10828871681, -22626704081, -25361896880, -14533025199, 8093678882, 33455575762, 47988600961, 39894922079, 6439346317, -41549254644, -81444176723, -87883523040, -46334268396, 35109908327, 122993431367, 169327699763, 134217791436, 11224360069, -158103339694, -292321131130, -303545491199, -145442151505, 146878979625, 450424470824, 595866622329, 448987642704, -1436828120, -597303450449]
Predicted:    
[1, 0, 0, -1, -1, -1, 0, 1, 2, 2, 1, -1, -3, -4, -3, -8, -6, -10, -6, -14, -6, -16, -6, -20, -6, -22, -6, -26, -6, -28, -6, -32, -6, -34, -6, -38, -6, -40, -6, -44, -6, -46, -6, -50, -6, -52, -6, -56, -6, -58, -6, -62, -6, -64, -6, -68, -6, -70, -6, -74, -6, -76, -6, -80, -6, -82, -6, -86, -6, -88, -6, -92, -6, -94, -6, -98, -6, -100, -6, -104, -6, -106, -6, -110, -6, -112, -6, -116, -6, -118, -6, -122, -6, -124, -6, -128, -6, -130, -6, -134, -6, -136, -6, -140, -6, -142, -6, -146, -6, -148, -6, -152, -6, -154, -6, -158, -6, -160, -6, -164, -6, -166, -6, -170, -6, -172, -6, -176, -6, -178, -6, -182, -6, -184, -6, -188, -6, -190, -6, -194, -6, -196, -6, -200, -6, -202, -6, -206, -6, -208, -6, -212, -6, -214, -6, -218, -6, -220, -6, -224, -6, -226, -6, -230, -6, -232, -6, -236, -6, -238, -6, -242, -6, -244, -6, -248, -6, -250, -6, -254, -6, -256, -6, -260, -6, -262, -6, -266, -6, -268, -6, -272, -6, -274, -6, -278, -6, -280, -6, -284]
len(predicted_full) = 200, len(input_sequence + seq_pred) = 200
is_manual_check: False
