test results being evaluated: data/test_linrec15.tsv
csv file used: ../linear_database_newbl.csv
The sequence ID inspected: A080013
csv results file used: ../linear_database_newbl.csv
Results we are looking at now:
('Could you give me a recursive equation in a form of a Python code for the following number sequence: 1,0,0,1,1,1,1,3,3,4,6,9,12,16,24', 'Certainly, the Python code is the following: lambda a_n: relu( a_n[-4] + a_n[-2] ) - a_n[-2] + a_n[-3]')

Experiment type: Evaluation of the results of llms.
Ground truth: 
[1, 0, 0, 1, 1, 1, 1, 3, 3, 4, 6, 9, 12, 16, 24, 33, 46, 64, 91, 127, 177, 249, 349, 489, 684, 960, 1345, 1884, 2640, 3700, 5185, 7264, 10180, 14265, 19989, 28009, 39249, 54999, 77067, 107992, 151326, 212049, 297136, 416368, 583444, 817561, 1145622, 1605324, 2249491, 3152139, 4416993, 6189393, 8673001, 12153201, 17029896, 23863456, 33439105, 46857160, 65659456, 92006520, 128925825, 180659680, 253152696, 354734865, 497078745, 696540721, 976040481, 1367694651, 1916507251, 2685540988, 3763163638, 5273202169, 7389171396, 10354212144, 14509029952, 20331044721, 28489249854, 39921084648, 55940153131, 78387167079, 109841457681, 153917360137, 215679528037, 302224900249, 423498192724, 593434621344, 831561163329, 1165240354180, 1632814449360, 2288011238604, 3206117774145, 4492631420800, 6295382298780, 8821520079369, 12361317044365, 17321522560345, 24272101648369, 34011728263279, 47659558954299, 66783832392624, 93582071821582, 131133597049857, 183753361520136, 257487773000784, 360809471437276, 505590899178153, 708468534136614, 992754546566356, 1391115543231907, 1949326206880339, 2731529152497601, 3827605397500449, 5363502368473233, 7515706210312033, 10531521375239376, 14757487769405376, 20679200801527041, 28977109957456336, 40604707577698560, 56898092318076720, 79729496961442561, 111722422083826240, 156553096055690800, 219372901405889185, 307400307523261041, 430750327227329505, 603596808023398465, 845801114072653491, 1185194346718298211, 1660775347917492276, 2327191961291089126, 3261020481481114473, 4569564847903481148, 6403186676617042384, 8972582943957386536, 12572996658084145729, 17618142507186820942, 24687745797177460176, 34594157261324872059, 48475698285831384463, 67927462621731766641, 95184604686249570969, 133379175661701202221, 186900019796635261897, 261897085708357667772, 366988101858754650624, 514248818544962365249, 720600602677498009324, 1009754830450373481424, 1414937503284579763300, 1982707165964476188225, 2778304834553696603424, 3893150681154467067700, 5455348901125254545625, 7644407851222266377925, 10711866913548838453449, 15010200267537511803025, 21033318831342662773575, 29473324351154149566699, 41300037111303758484424, 57872435598812057765374, 81094813380251732371249, 113635596793732454013472, 159233967259024885847472, 223129521421642094583396, 312664340321705313747769, 438126649875587376678966, 613933015622120561807388, 860284914825202330996659, 1205490038560388366386651, 1689215058901268174899617, 2367043628686005945442929, 3316863362411271495603961, 4647815710525541924921809, 6512837135173343284949848, 9126232663062430999582048, 12788301149208888530576001, 17919841880075310264010776, 25110507585033391319503936, 35186559981821087869247016, 49305813479144246829140865, 69090676783867358453179680, 96814579896789837487315816, 135663208364757382887556785, 190100562574768051450132425, 266381905063593490958805265, 373272537357171024995864161, 523054999219251566843314795, 732940425098742729917486035, 1027046233275258699910427436, 1439167399100397270306532566, 2016659752529659505712423001, 2825881520117227675138581876, 3959818385686063909086068208, 5548768246648541721240051408, 7775313425057692390026645649, 10895300753351436035158168926, 15267240304862638514640342264, 21393500904940442471286284107, 29978036097585703030739088631]
Predicted:    
[1, 0, 0, 1, 1, 1, 1, 3, 3, 4, 6, 9, 12, 16, 24, 21, 28, 40, 45, 49, 68, 85, 94, 117, 153, 179, 211, 270, 332, 390, 481, 602, 722, 871, 1083, 1324, 1593, 1954, 2407, 2917, 3547, 4361, 5324, 6464, 7908, 9685, 11788, 14372, 17593, 21473, 26160, 31965, 39066, 47633, 58125, 71031, 86699, 105758, 129156, 157730, 192457, 234914, 286886, 350187, 427371, 521800, 637073, 777558, 949171, 1158873, 1414631, 1726729, 2108044, 2573504, 3141360, 3834773, 4681548, 5714864, 6976133, 8516321, 10396412, 12690997, 15492454, 18912733, 23087409, 28183451, 34405187, 42000142, 51270860, 62588638, 76405329, 93271002, 113859498, 138993967, 169676331, 207130500, 252853465, 308670298, 376806831, 459983965, 561523763, 685477129, 836790796, 1021507728, 1247000892, 1522267925, 1858298524, 2268508620, 2769268817, 3380566449, 4126807144, 5037777437, 6149835266, 7507373593, 9164584581, 11187612703, 13657208859, 16671958174, 20352197284, 24844821562, 30329167033, 37024155458, 45197018846, 55173988595, 67353322491, 82221174304, 100371007441, 122527311086, 149574496795, 182592181745, 222898318527, 272101807881, 332166678540, 405490500272, 495000126408, 604268486421, 737657178812, 900490626680, 1099268612829, 1341925665233, 1638147805492, 1999759239509, 2441194278062, 2980073470725, 3637907045001, 4440953517571, 5421267748787, 6617980515726, 8078860562572, 9862221266358, 12039248264513, 14696841078298, 17941081828930, 21901469530871, 26736089342811, 32637922907228, 39842551359801, 48637558873682, 59374012250039, 72480474267029, 88480110233483, 108011571123721, 131854486517068, 160960584500512, 196491681357204, 239866057640789, 292815071017580, 357452265857716, 436357738997993, 532681128658369, 650267336875296, 793810004855709, 969038867656362, 1182948465533665, 1444077341731005, 1762848872512071, 2151987333190027, 2627025807264670, 3206926214243076, 3914836205702098, 4779013140454697, 5833952021507746, 7121762419945174, 8693849346156795, 10612965161962443, 12955714441452920, 15815611766101969, 19306814508119238, 23568679603415363, 28771326207554889, 35122426274221207, 42875494111534601, 52340005810970252, 63893752481776096, 77997920385755808, 95215499922504853, 116233758292746348, 141891672867531904, 173213420308260661, 211449258215251201]
len(predicted_full) = 200, len(input_sequence + seq_pred) = 200
is_manual_check: False
