test results being evaluated: data/test_linrec15.tsv
csv file used: ../linear_database_newbl.csv
The sequence ID inspected: A081374
csv results file used: ../linear_database_newbl.csv
Results we are looking at now:
('Could you give me a recursive equation in a form of a Python code for the following number sequence: 1,2,2,5,10,22,43,86,170,341,682,1366,2731,5462,10922', 'Certainly, the Python code is the following: lambda a_n: -10 + a_n[-1] * 2 + n * n')

Experiment type: Evaluation of the results of llms.
Ground truth: 
[1, 2, 2, 5, 10, 22, 43, 86, 170, 341, 682, 1366, 2731, 5462, 10922, 21845, 43690, 87382, 174763, 349526, 699050, 1398101, 2796202, 5592406, 11184811, 22369622, 44739242, 89478485, 178956970, 357913942, 715827883, 1431655766, 2863311530, 5726623061, 11453246122, 22906492246, 45812984491, 91625968982, 183251937962, 366503875925, 733007751850, 1466015503702, 2932031007403, 5864062014806, 11728124029610, 23456248059221, 46912496118442, 93824992236886, 187649984473771, 375299968947542, 750599937895082, 1501199875790165, 3002399751580330, 6004799503160662, 12009599006321323, 24019198012642646, 48038396025285290, 96076792050570581, 192153584101141162, 384307168202282326, 768614336404564651, 1537228672809129302, 3074457345618258602, 6148914691236517205, 12297829382473034410, 24595658764946068822, 49191317529892137643, 98382635059784275286, 196765270119568550570, 393530540239137101141, 787061080478274202282, 1574122160956548404566, 3148244321913096809131, 6296488643826193618262, 12592977287652387236522, 25185954575304774473045, 50371909150609548946090, 100743818301219097892182, 201487636602438195784363, 402975273204876391568726, 805950546409752783137450, 1611901092819505566274901, 3223802185639011132549802, 6447604371278022265099606, 12895208742556044530199211, 25790417485112089060398422, 51580834970224178120796842, 103161669940448356241593685, 206323339880896712483187370, 412646679761793424966374742, 825293359523586849932749483, 1650586719047173699865498966, 3301173438094347399730997930, 6602346876188694799461995861, 13204693752377389598923991722, 26409387504754779197847983446, 52818775009509558395695966891, 105637550019019116791391933782, 211275100038038233582783867562, 422550200076076467165567735125, 845100400152152934331135470250, 1690200800304305868662270940502, 3380401600608611737324541881003, 6760803201217223474649083762006, 13521606402434446949298167524010, 27043212804868893898596335048021, 54086425609737787797192670096042, 108172851219475575594385340192086, 216345702438951151188770680384171, 432691404877902302377541360768342, 865382809755804604755082721536682, 1730765619511609209510165443073365, 3461531239023218419020330886146730, 6923062478046436838040661772293462, 13846124956092873676081323544586923, 27692249912185747352162647089173846, 55384499824371494704325294178347690, 110768999648742989408650588356695381, 221537999297485978817301176713390762, 443075998594971957634602353426781526, 886151997189943915269204706853563051, 1772303994379887830538409413707126102, 3544607988759775661076818827414252202, 7089215977519551322153637654828504405, 14178431955039102644307275309657008810, 28356863910078205288614550619314017622, 56713727820156410577229101238628035243, 113427455640312821154458202477256070486, 226854911280625642308916404954512140970, 453709822561251284617832809909024281941, 907419645122502569235665619818048563882, 1814839290245005138471331239636097127766, 3629678580490010276942662479272194255531, 7259357160980020553885324958544388511062, 14518714321960041107770649917088777022122, 29037428643920082215541299834177554044245, 58074857287840164431082599668355108088490, 116149714575680328862165199336710216176982, 232299429151360657724330398673420432353963, 464598858302721315448660797346840864707926, 929197716605442630897321594693681729415850, 1858395433210885261794643189387363458831701, 3716790866421770523589286378774726917663402, 7433581732843541047178572757549453835326806, 14867163465687082094357145515098907670653611, 29734326931374164188714291030197815341307222, 59468653862748328377428582060395630682614442, 118937307725496656754857164120791261365228885, 237874615450993313509714328241582522730457770, 475749230901986627019428656483165045460915542, 951498461803973254038857312966330090921831083, 1902996923607946508077714625932660181843662166, 3805993847215893016155429251865320363687324330, 7611987694431786032310858503730640727374648661, 15223975388863572064621717007461281454749297322, 30447950777727144129243434014922562909498594646, 60895901555454288258486868029845125818997189291, 121791803110908576516973736059690251637994378582, 243583606221817153033947472119380503275988757162, 487167212443634306067894944238761006551977514325, 974334424887268612135789888477522013103955028650, 1948668849774537224271579776955044026207910057302, 3897337699549074448543159553910088052415820114603, 7794675399098148897086319107820176104831640229206, 15589350798196297794172638215640352209663280458410, 31178701596392595588345276431280704419326560916821, 62357403192785191176690552862561408838653121833642, 124714806385570382353381105725122817677306243667286, 249429612771140764706762211450245635354612487334571, 498859225542281529413524422900491270709224974669142, 997718451084563058827048845800982541418449949338282, 1995436902169126117654097691601965082836899898676565, 3990873804338252235308195383203930165673799797353130, 7981747608676504470616390766407860331347599594706262, 15963495217353008941232781532815720662695199189412523, 31926990434706017882465563065631441325390398378825046, 63853980869412035764931126131262882650780796757650090, 127707961738824071529862252262525765301561593515300181, 255415923477648143059724504525051530603123187030600362, 510831846955296286119449009050103061206246374061200726, 1021663693910592572238898018100206122412492748122401451, 2043327387821185144477796036200412244824985496244802902, 4086654775642370288955592072400824489649970992489605802, 8173309551284740577911184144801648979299941984979211605, 16346619102569481155822368289603297958599883969958423210, 32693238205138962311644736579206595917199767939916846422, 65386476410277924623289473158413191834399535879833692843, 130772952820555849246578946316826383668799071759667385686, 261545905641111698493157892633652767337598143519334771370, 523091811282223396986315785267305534675196287038669542741, 1046183622564446793972631570534611069350392574077339085482, 2092367245128893587945263141069222138700785148154678170966, 4184734490257787175890526282138444277401570296309356341931, 8369468980515574351781052564276888554803140592618712683862, 16738937961031148703562105128553777109606281185237425367722, 33477875922062297407124210257107554219212562370474850735445, 66955751844124594814248420514215108438425124740949701470890, 133911503688249189628496841028430216876850249481899402941782, 267823007376498379256993682056860433753700498963798805883563, 535646014752996758513987364113720867507400997927597611767126]
Predicted:    
[1, 2, 2, 5, 10, 22, 43, 86, 170, 341, 682, 1366, 2731, 5462, 10922, 22059, 44364, 89007, 178328, 357007, 714404, 1429239, 2858952, 5718423, 11437412, 22875439, 45751544, 91503807, 183008388, 366017607, 732036104, 1464073159, 2928147332, 5856295743, 11712592632, 23425186479, 46850374244, 93700749847, 187401501128, 374803003767, 749606009124, 1499212019919, 2998424041592, 5996848085023, 11993696171972, 23987392345959, 47974784694024, 95949569390247, 191899138782788, 383798277567967, 767596555138424, 1535193110279439, 3070386220561572, 6140772441125943, 12281544882254792, 24563089764512599, 49126179529028324, 98252359058059887, 196504718116123128, 393009436232249727, 786018872464503044, 1572037744929009799, 3144075489858023432, 6288150979716050823, 12576301959432105732, 25152603918864215679, 50305207837728435704, 100610415675456875887, 201220831350913756388, 402441662701827517527, 804883325403655039944, 1609766650807310084919, 3219533301614620175012, 6439066603229240355343, 12878133206458480716152, 25756266412916961437919, 51512532825833922881604, 103025065651667845769127, 206050131303335691544328, 412100262606671383094887, 824200525213342766196164, 1648401050426685532398879, 3296802100853371064804472, 6593604201706742129615823, 13187208403413484259238692, 26374416806826968518484599, 52748833613653937036976584, 105497667227307874073960727, 210995334454615748147929188, 421990668909231496295866287, 843981337818462992591740664, 1687962675636925985183489599, 3375925351273851970366987652, 6751850702547703940733983943, 13503701405095407881467976712, 27007402810190815762935962439, 54014805620381631525871934084, 108029611240763263051743877567, 216059222481526526103487764728, 432118444963053052206975539247, 864236889926106104413951088484, 1728473779852212208827902187159, 3456947559704424417655804384712, 6913895119408848835311608780023, 13827790238817697670623217570852, 27655580477635395341246435152719, 55311160955270790682492870316664, 110622321910541581364985740644767, 221244643821083162729971481301188, 442489287642166325459942962614247, 884978575284332650919885925240584, 1769957150568665301839771850493479, 3539914301137330603679543700999492, 7079828602274661207359087402011743, 14159657204549322414718174804036472, 28319314409098644829436349608086159, 56638628818197289658872699216185764, 113277257636394579317745398432385207, 226554515272789158635490796864784328, 453109030545578317270981593729582807, 906218061091156634541963187459180004, 1812436122182313269083926374918374639, 3624872244364626538167852749836764152, 7249744488729253076335705499673543423, 14499488977458506152671410999347102212, 28998977954917012305342821998694220039, 57997955909834024610685643997388455944, 115995911819668049221371287994776928007, 231991823639336098442742575989553872388, 463983647278672196885485151979107761407, 927967294557344393770970303958215539704, 1855934589114688787541940607916431096559, 3711869178229377575083881215832862210532, 7423738356458755150167762431665724438743, 14847476712917510300335524863331448895432, 29694953425835020600671049726662897809079, 59389906851670041201342099453325795636644, 118779813703340082402684198906651591292047, 237559627406680164805368397813303182603128, 475119254813360329610736795626606365225567, 950238509626720659221473591253212730470724, 1900477019253441318442947182506425460961319, 3800954038506882636885894365012850921942792, 7601908077013765273771788730025701843906023, 15203816154027530547543577460051403687832772, 30407632308055061095087154920102807375686559, 60815264616110122190174309840205614751394424, 121630529232220244380348619680411229502810447, 243261058464440488760697239360822459005642788, 486522116928880977521394478721644918011307767, 973044233857761955042788957443289836022638024, 1946088467715523910085577914886579672045298839, 3892176935431047820171155829773159344090620772, 7784353870862095640342311659546318688181264943, 15568707741724191280684623319092637376362553592, 31137415483448382561369246638185274752725131199, 62274830966896765122738493276370549505450286724, 124549661933793530245476986552741099010900598087, 249099323867587060490953973105482198021801221128, 498198647735174120981907946210964396043602467527, 996397295470348241963815892421928792087204960644, 1992794590940696483927631784843857584174409947199, 3985589181881392967855263569687715168348819920632, 7971178363762785935710527139375430336697639867823, 15942356727525571871421054278750860673395279762532, 31884713455051143742842108557501721346790559552279, 63769426910102287485684217115003442693581119132104, 127538853820204574971368434230006885387162238292087, 255077707640409149942736868460013770774324476612388, 510155415280818299885473736920027541548648953253327, 1020310830561636599770947473840055083097297906535544, 2040621661123273199541894947680110166194595813100319, 4081243322246546399083789895360220332389191626230212, 8162486644493092798167579790720440664778383252490343, 16324973288986185596335159581440881329556766505010952, 32649946577972371192670319162881762659113533010052519, 65299893155944742385340638325763525318227066020136004, 130599786311889484770681276651527050636454132040303327, 261199572623778969541362553303054101272908264080638328, 522399145247557939082725106606108202545816528161308687, 1044798290495115878165450213212216405091633056322649764, 2089596580990231756330900426424432810183266112645332279, 4179193161980463512661800852848865620366532225290697672, 8358386323960927025323601705697731240733064450581428823, 16716772647921854050647203411395462481466128901162891492, 33433545295843708101294406822790924962932257802325817199, 66867090591687416202588813645581849925864515604651668984, 133734181183374832405177627291163699851729031209303372927, 267468362366749664810355254582327399703458062418606781188, 534936724733499329620710509164654799406916124837213598087, 1069873449466998659241421018329309598813832249674427232264, 2139746898933997318482842036658619197627664499348854500999, 4279493797867994636965684073317238395255328998697709038852, 8558987595735989273931368146634476790510657997395418114943, 17117975191471978547862736293268953581021315994790836267512, 34235950382943957095725472586537907162042631989581672573039, 68471900765887914191450945173075814324085263979163345184484, 136943801531775828382901890346151628648170527958326690407767, 273887603063551656765803780692303257296341055916653380854728, 547775206127103313531607561384606514592682111833306761749047]
len(predicted_full) = 200, len(input_sequence + seq_pred) = 200
is_manual_check: False
