test results being evaluated: data/test_linrec15.tsv
csv file used: ../linear_database_newbl.csv
The sequence ID inspected: A081553
csv results file used: ../linear_database_newbl.csv
Results we are looking at now:
('Could you give me a recursive equation in a form of a Python code for the following number sequence: 1,21,303,4006,50010,600015,7000021,80000028,900000036', 'Certainly, the Python code is the following: lambda a_n: -5 % 7 * -10 + 7 + 7 + a_n[-1] * 9')

Experiment type: Evaluation of the results of llms.
Ground truth: 
[1, 21, 303, 4006, 50010, 600015, 7000021, 80000028, 900000036, 10000000045, 110000000055, 1200000000066, 13000000000078, 140000000000091, 1500000000000105, 16000000000000120, 170000000000000136, 1800000000000000153, 19000000000000000171, 200000000000000000190, 2100000000000000000210, 22000000000000000000231, 230000000000000000000253, 2400000000000000000000276, 25000000000000000000000300, 260000000000000000000000325, 2700000000000000000000000351, 28000000000000000000000000378, 290000000000000000000000000406, 3000000000000000000000000000435, 31000000000000000000000000000465, 320000000000000000000000000000496, 3300000000000000000000000000000528, 34000000000000000000000000000000561, 350000000000000000000000000000000595, 3600000000000000000000000000000000630, 37000000000000000000000000000000000666, 380000000000000000000000000000000000703, 3900000000000000000000000000000000000741, 40000000000000000000000000000000000000780, 410000000000000000000000000000000000000820, 4200000000000000000000000000000000000000861, 43000000000000000000000000000000000000000903, 440000000000000000000000000000000000000000946, 4500000000000000000000000000000000000000000990, 46000000000000000000000000000000000000000001035, 470000000000000000000000000000000000000000001081, 4800000000000000000000000000000000000000000001128, 49000000000000000000000000000000000000000000001176, 500000000000000000000000000000000000000000000001225, 5100000000000000000000000000000000000000000000001275, 52000000000000000000000000000000000000000000000001326, 530000000000000000000000000000000000000000000000001378, 5400000000000000000000000000000000000000000000000001431, 55000000000000000000000000000000000000000000000000001485, 560000000000000000000000000000000000000000000000000001540, 5700000000000000000000000000000000000000000000000000001596, 58000000000000000000000000000000000000000000000000000001653, 590000000000000000000000000000000000000000000000000000001711, 6000000000000000000000000000000000000000000000000000000001770, 61000000000000000000000000000000000000000000000000000000001830, 620000000000000000000000000000000000000000000000000000000001891, 6300000000000000000000000000000000000000000000000000000000001953, 64000000000000000000000000000000000000000000000000000000000002016, 650000000000000000000000000000000000000000000000000000000000002080, 6600000000000000000000000000000000000000000000000000000000000002145, 67000000000000000000000000000000000000000000000000000000000000002211, 680000000000000000000000000000000000000000000000000000000000000002278, 6900000000000000000000000000000000000000000000000000000000000000002346, 70000000000000000000000000000000000000000000000000000000000000000002415, 710000000000000000000000000000000000000000000000000000000000000000002485, 7200000000000000000000000000000000000000000000000000000000000000000002556, 73000000000000000000000000000000000000000000000000000000000000000000002628, 740000000000000000000000000000000000000000000000000000000000000000000002701, 7500000000000000000000000000000000000000000000000000000000000000000000002775, 76000000000000000000000000000000000000000000000000000000000000000000000002850, 770000000000000000000000000000000000000000000000000000000000000000000000002926, 7800000000000000000000000000000000000000000000000000000000000000000000000003003, 79000000000000000000000000000000000000000000000000000000000000000000000000003081, 800000000000000000000000000000000000000000000000000000000000000000000000000003160, 8100000000000000000000000000000000000000000000000000000000000000000000000000003240, 82000000000000000000000000000000000000000000000000000000000000000000000000000003321, 830000000000000000000000000000000000000000000000000000000000000000000000000000003403, 8400000000000000000000000000000000000000000000000000000000000000000000000000000003486, 85000000000000000000000000000000000000000000000000000000000000000000000000000000003570, 860000000000000000000000000000000000000000000000000000000000000000000000000000000003655, 8700000000000000000000000000000000000000000000000000000000000000000000000000000000003741, 88000000000000000000000000000000000000000000000000000000000000000000000000000000000003828, 890000000000000000000000000000000000000000000000000000000000000000000000000000000000003916, 9000000000000000000000000000000000000000000000000000000000000000000000000000000000000004005, 91000000000000000000000000000000000000000000000000000000000000000000000000000000000000004095, 920000000000000000000000000000000000000000000000000000000000000000000000000000000000000004186, 9300000000000000000000000000000000000000000000000000000000000000000000000000000000000000004278, 94000000000000000000000000000000000000000000000000000000000000000000000000000000000000000004371, 950000000000000000000000000000000000000000000000000000000000000000000000000000000000000000004465, 9600000000000000000000000000000000000000000000000000000000000000000000000000000000000000000004560, 97000000000000000000000000000000000000000000000000000000000000000000000000000000000000000000004656, 980000000000000000000000000000000000000000000000000000000000000000000000000000000000000000000004753, 9900000000000000000000000000000000000000000000000000000000000000000000000000000000000000000000004851, 100000000000000000000000000000000000000000000000000000000000000000000000000000000000000000000000004950, 1010000000000000000000000000000000000000000000000000000000000000000000000000000000000000000000000005050, 10200000000000000000000000000000000000000000000000000000000000000000000000000000000000000000000000005151, 103000000000000000000000000000000000000000000000000000000000000000000000000000000000000000000000000005253, 1040000000000000000000000000000000000000000000000000000000000000000000000000000000000000000000000000005356, 10500000000000000000000000000000000000000000000000000000000000000000000000000000000000000000000000000005460, 106000000000000000000000000000000000000000000000000000000000000000000000000000000000000000000000000000005565, 1070000000000000000000000000000000000000000000000000000000000000000000000000000000000000000000000000000005671, 10800000000000000000000000000000000000000000000000000000000000000000000000000000000000000000000000000000005778, 109000000000000000000000000000000000000000000000000000000000000000000000000000000000000000000000000000000005886, 1100000000000000000000000000000000000000000000000000000000000000000000000000000000000000000000000000000000005995, 11100000000000000000000000000000000000000000000000000000000000000000000000000000000000000000000000000000000006105, 112000000000000000000000000000000000000000000000000000000000000000000000000000000000000000000000000000000000006216, 1130000000000000000000000000000000000000000000000000000000000000000000000000000000000000000000000000000000000006328, 11400000000000000000000000000000000000000000000000000000000000000000000000000000000000000000000000000000000000006441, 115000000000000000000000000000000000000000000000000000000000000000000000000000000000000000000000000000000000000006555, 1160000000000000000000000000000000000000000000000000000000000000000000000000000000000000000000000000000000000000006670, 11700000000000000000000000000000000000000000000000000000000000000000000000000000000000000000000000000000000000000006786, 118000000000000000000000000000000000000000000000000000000000000000000000000000000000000000000000000000000000000000006903, 1190000000000000000000000000000000000000000000000000000000000000000000000000000000000000000000000000000000000000000007021, 12000000000000000000000000000000000000000000000000000000000000000000000000000000000000000000000000000000000000000000007140, 121000000000000000000000000000000000000000000000000000000000000000000000000000000000000000000000000000000000000000000007260, 1220000000000000000000000000000000000000000000000000000000000000000000000000000000000000000000000000000000000000000000007381, 12300000000000000000000000000000000000000000000000000000000000000000000000000000000000000000000000000000000000000000000007503, 124000000000000000000000000000000000000000000000000000000000000000000000000000000000000000000000000000000000000000000000007626, 1250000000000000000000000000000000000000000000000000000000000000000000000000000000000000000000000000000000000000000000000007750, 12600000000000000000000000000000000000000000000000000000000000000000000000000000000000000000000000000000000000000000000000007875, 127000000000000000000000000000000000000000000000000000000000000000000000000000000000000000000000000000000000000000000000000008001, 1280000000000000000000000000000000000000000000000000000000000000000000000000000000000000000000000000000000000000000000000000008128, 12900000000000000000000000000000000000000000000000000000000000000000000000000000000000000000000000000000000000000000000000000008256, 130000000000000000000000000000000000000000000000000000000000000000000000000000000000000000000000000000000000000000000000000000008385, 1310000000000000000000000000000000000000000000000000000000000000000000000000000000000000000000000000000000000000000000000000000008515, 13200000000000000000000000000000000000000000000000000000000000000000000000000000000000000000000000000000000000000000000000000000008646, 133000000000000000000000000000000000000000000000000000000000000000000000000000000000000000000000000000000000000000000000000000000008778, 1340000000000000000000000000000000000000000000000000000000000000000000000000000000000000000000000000000000000000000000000000000000008911, 13500000000000000000000000000000000000000000000000000000000000000000000000000000000000000000000000000000000000000000000000000000000009045, 136000000000000000000000000000000000000000000000000000000000000000000000000000000000000000000000000000000000000000000000000000000000009180, 1370000000000000000000000000000000000000000000000000000000000000000000000000000000000000000000000000000000000000000000000000000000000009316, 13800000000000000000000000000000000000000000000000000000000000000000000000000000000000000000000000000000000000000000000000000000000000009453, 139000000000000000000000000000000000000000000000000000000000000000000000000000000000000000000000000000000000000000000000000000000000000009591, 1400000000000000000000000000000000000000000000000000000000000000000000000000000000000000000000000000000000000000000000000000000000000000009730, 14100000000000000000000000000000000000000000000000000000000000000000000000000000000000000000000000000000000000000000000000000000000000000009870, 142000000000000000000000000000000000000000000000000000000000000000000000000000000000000000000000000000000000000000000000000000000000000000010011, 1430000000000000000000000000000000000000000000000000000000000000000000000000000000000000000000000000000000000000000000000000000000000000000010153, 14400000000000000000000000000000000000000000000000000000000000000000000000000000000000000000000000000000000000000000000000000000000000000000010296, 145000000000000000000000000000000000000000000000000000000000000000000000000000000000000000000000000000000000000000000000000000000000000000000010440, 1460000000000000000000000000000000000000000000000000000000000000000000000000000000000000000000000000000000000000000000000000000000000000000000010585, 14700000000000000000000000000000000000000000000000000000000000000000000000000000000000000000000000000000000000000000000000000000000000000000000010731, 148000000000000000000000000000000000000000000000000000000000000000000000000000000000000000000000000000000000000000000000000000000000000000000000010878, 1490000000000000000000000000000000000000000000000000000000000000000000000000000000000000000000000000000000000000000000000000000000000000000000000011026, 15000000000000000000000000000000000000000000000000000000000000000000000000000000000000000000000000000000000000000000000000000000000000000000000000011175, 151000000000000000000000000000000000000000000000000000000000000000000000000000000000000000000000000000000000000000000000000000000000000000000000000011325, 1520000000000000000000000000000000000000000000000000000000000000000000000000000000000000000000000000000000000000000000000000000000000000000000000000011476, 15300000000000000000000000000000000000000000000000000000000000000000000000000000000000000000000000000000000000000000000000000000000000000000000000000011628, 154000000000000000000000000000000000000000000000000000000000000000000000000000000000000000000000000000000000000000000000000000000000000000000000000000011781, 1550000000000000000000000000000000000000000000000000000000000000000000000000000000000000000000000000000000000000000000000000000000000000000000000000000011935, 15600000000000000000000000000000000000000000000000000000000000000000000000000000000000000000000000000000000000000000000000000000000000000000000000000000012090, 157000000000000000000000000000000000000000000000000000000000000000000000000000000000000000000000000000000000000000000000000000000000000000000000000000000012246, 1580000000000000000000000000000000000000000000000000000000000000000000000000000000000000000000000000000000000000000000000000000000000000000000000000000000012403, 15900000000000000000000000000000000000000000000000000000000000000000000000000000000000000000000000000000000000000000000000000000000000000000000000000000000012561, 160000000000000000000000000000000000000000000000000000000000000000000000000000000000000000000000000000000000000000000000000000000000000000000000000000000000012720, 1610000000000000000000000000000000000000000000000000000000000000000000000000000000000000000000000000000000000000000000000000000000000000000000000000000000000012880, 16200000000000000000000000000000000000000000000000000000000000000000000000000000000000000000000000000000000000000000000000000000000000000000000000000000000000013041, 163000000000000000000000000000000000000000000000000000000000000000000000000000000000000000000000000000000000000000000000000000000000000000000000000000000000000013203, 1640000000000000000000000000000000000000000000000000000000000000000000000000000000000000000000000000000000000000000000000000000000000000000000000000000000000000013366, 16500000000000000000000000000000000000000000000000000000000000000000000000000000000000000000000000000000000000000000000000000000000000000000000000000000000000000013530, 166000000000000000000000000000000000000000000000000000000000000000000000000000000000000000000000000000000000000000000000000000000000000000000000000000000000000000013695, 1670000000000000000000000000000000000000000000000000000000000000000000000000000000000000000000000000000000000000000000000000000000000000000000000000000000000000000013861, 16800000000000000000000000000000000000000000000000000000000000000000000000000000000000000000000000000000000000000000000000000000000000000000000000000000000000000000014028, 169000000000000000000000000000000000000000000000000000000000000000000000000000000000000000000000000000000000000000000000000000000000000000000000000000000000000000000014196, 1700000000000000000000000000000000000000000000000000000000000000000000000000000000000000000000000000000000000000000000000000000000000000000000000000000000000000000000014365, 17100000000000000000000000000000000000000000000000000000000000000000000000000000000000000000000000000000000000000000000000000000000000000000000000000000000000000000000014535, 172000000000000000000000000000000000000000000000000000000000000000000000000000000000000000000000000000000000000000000000000000000000000000000000000000000000000000000000014706, 1730000000000000000000000000000000000000000000000000000000000000000000000000000000000000000000000000000000000000000000000000000000000000000000000000000000000000000000000014878, 17400000000000000000000000000000000000000000000000000000000000000000000000000000000000000000000000000000000000000000000000000000000000000000000000000000000000000000000000015051, 175000000000000000000000000000000000000000000000000000000000000000000000000000000000000000000000000000000000000000000000000000000000000000000000000000000000000000000000000015225, 1760000000000000000000000000000000000000000000000000000000000000000000000000000000000000000000000000000000000000000000000000000000000000000000000000000000000000000000000000015400, 17700000000000000000000000000000000000000000000000000000000000000000000000000000000000000000000000000000000000000000000000000000000000000000000000000000000000000000000000000015576, 178000000000000000000000000000000000000000000000000000000000000000000000000000000000000000000000000000000000000000000000000000000000000000000000000000000000000000000000000000015753, 1790000000000000000000000000000000000000000000000000000000000000000000000000000000000000000000000000000000000000000000000000000000000000000000000000000000000000000000000000000015931, 18000000000000000000000000000000000000000000000000000000000000000000000000000000000000000000000000000000000000000000000000000000000000000000000000000000000000000000000000000000016110, 181000000000000000000000000000000000000000000000000000000000000000000000000000000000000000000000000000000000000000000000000000000000000000000000000000000000000000000000000000000016290, 1820000000000000000000000000000000000000000000000000000000000000000000000000000000000000000000000000000000000000000000000000000000000000000000000000000000000000000000000000000000016471, 18300000000000000000000000000000000000000000000000000000000000000000000000000000000000000000000000000000000000000000000000000000000000000000000000000000000000000000000000000000000016653, 184000000000000000000000000000000000000000000000000000000000000000000000000000000000000000000000000000000000000000000000000000000000000000000000000000000000000000000000000000000000016836, 1850000000000000000000000000000000000000000000000000000000000000000000000000000000000000000000000000000000000000000000000000000000000000000000000000000000000000000000000000000000000017020, 18600000000000000000000000000000000000000000000000000000000000000000000000000000000000000000000000000000000000000000000000000000000000000000000000000000000000000000000000000000000000017205, 187000000000000000000000000000000000000000000000000000000000000000000000000000000000000000000000000000000000000000000000000000000000000000000000000000000000000000000000000000000000000017391, 1880000000000000000000000000000000000000000000000000000000000000000000000000000000000000000000000000000000000000000000000000000000000000000000000000000000000000000000000000000000000000017578, 18900000000000000000000000000000000000000000000000000000000000000000000000000000000000000000000000000000000000000000000000000000000000000000000000000000000000000000000000000000000000000017766, 190000000000000000000000000000000000000000000000000000000000000000000000000000000000000000000000000000000000000000000000000000000000000000000000000000000000000000000000000000000000000000017955, 1910000000000000000000000000000000000000000000000000000000000000000000000000000000000000000000000000000000000000000000000000000000000000000000000000000000000000000000000000000000000000000018145, 19200000000000000000000000000000000000000000000000000000000000000000000000000000000000000000000000000000000000000000000000000000000000000000000000000000000000000000000000000000000000000000018336, 193000000000000000000000000000000000000000000000000000000000000000000000000000000000000000000000000000000000000000000000000000000000000000000000000000000000000000000000000000000000000000000018528, 1940000000000000000000000000000000000000000000000000000000000000000000000000000000000000000000000000000000000000000000000000000000000000000000000000000000000000000000000000000000000000000000018721, 19500000000000000000000000000000000000000000000000000000000000000000000000000000000000000000000000000000000000000000000000000000000000000000000000000000000000000000000000000000000000000000000018915, 196000000000000000000000000000000000000000000000000000000000000000000000000000000000000000000000000000000000000000000000000000000000000000000000000000000000000000000000000000000000000000000000019110, 1970000000000000000000000000000000000000000000000000000000000000000000000000000000000000000000000000000000000000000000000000000000000000000000000000000000000000000000000000000000000000000000000019306, 19800000000000000000000000000000000000000000000000000000000000000000000000000000000000000000000000000000000000000000000000000000000000000000000000000000000000000000000000000000000000000000000000019503, 199000000000000000000000000000000000000000000000000000000000000000000000000000000000000000000000000000000000000000000000000000000000000000000000000000000000000000000000000000000000000000000000000019701, 2000000000000000000000000000000000000000000000000000000000000000000000000000000000000000000000000000000000000000000000000000000000000000000000000000000000000000000000000000000000000000000000000000019900]
Predicted:    
[1, 21, 303, 4006, 50010, 600015, 7000021, 80000028, 900000036, 8100000318, 72900002856, 656100025698, 5904900231276, 53144102081478, 478296918733296, 4304672268599658, 38742050417396916, 348678453756572238, 3138106083809150136, 28242954754282351218, 254186592788541160956, 2287679335096870448598, 20589114015871834037376, 185302026142846506336378, 1667718235285618557027396, 15009464117570567013246558, 135085177058135103119219016, 1215766593523215928072971138, 10941899341708943352656740236, 98477094075380490173910662118, 886293846678424411565195959056, 7976644620105819704086763631498, 71789801580952377336780872683476, 646108214228571396031027854151278, 5814973928057142564279250687361496, 52334765352514283078513256186253458, 471012888172628547706619305676281116, 4239115993553656929359573751086530038, 38152043941982912364236163759778770336, 343368395477846211278125473838008933018, 3090315559300615901503129264542080397156, 27812840033705543113528163380878723574398, 250315560303349888021753470427908512169576, 2252840042730148992195781233851176609526178, 20275560384571340929762031104660589485735596, 182480043461142068367858279941945305371620358, 1642320391150278615310724519477507748344583216, 14780883520352507537796520675297569735101248938, 133027951683172567840168686077678127615911240436, 1197251565148553110561518174699103148543201163918, 10775264086336977995053663572291928336888810475256, 96977376777032801955482972150627355031999294277298, 872796390993295217599346749355646195287993648495676, 7855167518939656958394120744200815757591942836461078, 70696507670456912625547086697807341818327485528149696, 636268569034112213629923780280266076364947369753347258, 5726417121307009922669314022522394687284526327780125316, 51537754091763089304023826202701552185560736950021127838, 463839786825867803736214435824313969670046632550190150536, 4174558081432810233625929922418825727030419692951711354818, 37571022732895292102633369301769431543273777236565402193356, 338139204596057628923700323715924883889463995129088619740198, 3043252841364518660313302913443323955005175956161797577661776, 27389275572280667942819726220989915595046583605456178198955978, 246503480150526011485377535988909240355419252449105603790603796, 2218531321354734103368397823900183163198773272041950434115434158, 19966781892192606930315580415101648468788959448377553907038907416, 179701037029733462372840223735914836219100635035397985163350166738, 1617309333267601161355562013623233525971905715318581866470151500636, 14555783999408410452200058122609101733747151437867236798231363505718, 131002055994675694069800523103481915603724362940805131184082271551456, 1179018503952081246628204707931337240433519266467246180656740443963098, 10611166535568731219653842371382035163901673398205215625910663995667876, 95500498820118580976884581342438316475115060583846940633195975961010878, 859504489381067228791961232081944848276035545254622465698763783649097896, 7735540404429605059127651088737503634484319907291602191288874052841881058, 69619863639866445532148859798637532710358879165624419721599866475576929516, 626578772758798009789339738187737794393229912490619777494398798280192365638, 5639208954829182088104057643689640149539069212415577997449589184521731290736, 50752880593462638792936518793206761345851622911740201977046302660695581616618, 456775925341163749136428669138860852112664606205661817793416723946260234549556, 4110983328070473742227858022249747669013981455850956360140750515516342110945998, 36998849952634263680050722200247729021125833102658607241266754639647078998513976, 332989649573708373120456499802229561190132497923927465171400791756823710986625778, 2996906846163375358084108498220066050711192481315347186542607125811413398879631996, 26972161615470378222756976483980594456400732331838124678883464132302720589916687958, 242749454539233404004812788355825350107606590986543122109951177190724485309250191616, 2184745090853100636043315095202428150968459318878888098989560594716520367783251724538, 19662705817677905724389835856821853358716133869909992890906045352448683310049265520836, 176964352359101151519508522711396680228445204829189936018154408172038149790443389687518, 1592679171231910363675576704402570122056006843462709424163389673548343348113990507187656, 14334112541087193273080190339623131098504061591164384817470507061935090133025914564688898, 129007012869784739457721713056608179886536554320479463357234563557415811197233231082200076, 1161063115828062655119495417509473618978828988884315170215111072016742300775099079739800678, 10449568042452563896075458757585262570809460899958836531935999648150680706975891717658206096, 94046112382073075064679128818267363137285148099629528787423996833356126362783025458923854858, 846415011438657675582112159364406268235566332896665759086815971500205137265047229130314693716, 7617735102947919080239009434279656414120096996069991831781343743501846235385425062172832243438, 68559615926531271722151084908516907727080872964629926486032093691516616118468825559555490190936, 617036543338781445499359764176652169543727856681669338374288843223649545066219430035999411718418, 5553328890049033009494237877589869525893550710135024045368599589012845905595974870323994705465756, 49979960010441297085448140898308825733041956391215216408317396301115613150363773832915952349191798, 449819640093971673769033268084779431597377607520936947674856566710040518353273964496243571142726176, 4048376760845745063921299412763014884376398467688432529073709100390364665179465680466192140284535578, 36435390847611705575291694714867133959387586209195892761663381903513281986615191124195729262560820196, 327918517628505350177625252433804205634488275882763034854970437131619537879536720117761563363047381758, 2951266658656548151598627271904237850710394482944867313694733934184575840915830481059854070267426435816, 26561399927908933364387645447138140656393550346503805823252605407661182568242474329538686632406837922338, 239052599351180400279488809024243265907541953118534252409273448668950643114182268965848179691661541301036, 2151473394160623602515399281218189393167877578066808271683461038020555788027640420692633617224953871709318, 19363260547445612422638593530963704538510898202601274445151149342185002092248763786233702555024584845383856, 174269344927010511803747341778673340846598083823411470006360344079665018830238874076103322995221263608454698, 1568424104343094606233726076008060067619382754410703230057243096716985169472149866684929906956991372476092276, 14115816939087851456103534684072540608574444789696329070515187870452866525249348800164369162612922352284830478, 127042352451790663104931812156652865477170003107266961634636690834075798727244139201479322463516301170563474296, 1143381172066115967944386309409875789294530027965402654711730217506682188545197252813313902171646710535071268658, 10290430548595043711499476784688882103650770251688623892405571957560139696906775275319825119544820394815641417916, 92613874937355393403495291062199938932856932265197615031650147618041257272160977477878426075903383553340772761238, 833524874436198540631457619559799450395712390386778535284851328562371315449448797300905834683130451980066954851136, 7501723869925786865683118576038195053561411513481006817563661957061341839045039175708152512148174067820602593660218, 67515514829332081791148067184343755482052703621329061358072957613552076551405352581373372609333566610385423342941956, 607639633463988736120332604659093799338474332591961552222656618521968688962648173232360353484002099493468810086477598, 5468756701175898625082993441931844194046268993327653970003909566697718200663833559091243181356018895441219290778298376, 49218810310583087625746940977386597746416420939948885730035186100279463805974502031821188632204170058970973617004685378, 442969292795247788631722468796479379717747788459539971570316674902515174253770518286390697689837530530738762553042168396, 3986723635157230097685502219168314417459730096135859744132850074122636568283934664577516279208537774776648862977379515558, 35880512716415070879169519972514829757137570865222737697195650667103729114555411981197646512876839972989839766796415640016, 322924614447735637912525679752633467814238137787004639274760856003933562030998707830778818615891559756908557901167740760138, 2906321530029620741212731117773701210328143240083041753472847704035402058278988370477009367543024037812177021110509666841236, 26156893770266586670914580059963310892953289160747375781255629336318618524510895334293084307887216340309593189994587001571118, 235412043932399280038231220539669798036579602446726382031300664026867566720598058008637758770984947062786338709951283014140056, 2118708395391593520344080984857028182329216422020537438281705976241808100485382522077739828938864523565077048389561547127260498, 19068375558524341683096728863713253640962947798184836944535353786176272904368442698699658460449780712085693435506053924145344476, 171615380026719075147870559773419282768666530183663532500818184075586456139315984288296926144048026408771240919554485317308100278, 1544538420240471676330835037960773544917998771652971792507363656680278105253843858594672335296432237678941168275990367855772902496, 13900845782164245086977515341646961904261988944876746132566272910122502947284594727352051017667890139110470514483913310701956122458, 125107612039478205782797638074822657138357900503890715193096456191102526525561352546168459159011011251994234630355219796317605102116, 1125968508355303852045178742673403914245221104535016436737868105719922738730052172915516132431099101267948111673196978166858445919038, 10133716575197734668406608684060635228206989940815147930640812951479304648570469556239645191879891911411533005058772803501726013271336, 91203449176779612015659478156545717053862909467336331375767316563313741837134226006156806726919027202703797045528955231515534119442018, 820831042591016508140935303408911453484766185206026982381905849069823676534208034055411260542271244824334173409760597083639807074978156, 7387479383319148573268417730680203081362895666854242841437152641628413088807872306498701344880441203419007560687845373752758263674803398, 66487314449872337159415759576121827732266061001688185572934373774655717799270850758488312103923970830771068046190608363774824373073230576, 598385830048851034434741836185096449590394549015193670156409363971901460193437656826394808935315737476939612415715475273973419357659075178, 5385472470439659309912676525665868046313550941136743031407684275747113141740938911437553280417841637292456511741439277465760774218931676596, 48469252233956933789214088730992812416821958470230687282669158481724018275668450202937979523760574735632108605672953497191846967970385089358, 436223270105612404102926798578935311751397626232076185544022426335516164481016051826441815713845172620688977451056581474726622711733465804216, 3926009430950511636926341187210417805762578636088685669896201837019645480329144466437976341424606553586200797059509233272539604405601192237938, 35334084878554604732337070684893760251863207724798171029065816533176809322962300197941787072821458982275807173535583099452856439650410730141436, 318006763906991442591033636164043842266768869523183539261592348798591283906660701781476083655393130840482264561820247895075707956853696571272918, 2862060875162922983319302725476394580400919825708651853354331139187321555159946316033284752898538177564340381056382231055681371611683269141456256, 25758547876466306849873724529287551223608278431377866680188980252685893996439516844299562776086843598079063429507440079501132344505149422273106298, 231826930888196761648863520763587961012474505882400800121700822274173045967955651598696064984781592382711570865566960715510191100546344800457956676, 2086442377993770854839771686872291649112270552941607201095307400467557413711600864388264584863034331444404137790102646439591719904917103204121610078, 18777981401943937693557945181850624842010434976474464809857766604208016723404407779494381263767308982999637240110923817956325479144253928837094490696, 169001832617495439242021506636655623578093914788270183288719899437872150510639670015449431373905780846996735160998314361606929312298285359533850416258, 1521016493557458953178193559729900612202845233094431649598479094940849354595757030139044882365152027622970616448984829254462363810684568235804653746316, 13689148442017130578603742037569105509825607097849884846386311854467644191361813271251403941286368248606735548040863463290161274296161114122241883716838, 123202335978154175207433678338121949588430463880648963617476806690208797722256319441262635471577314237460619932367771169611451468665450027100176953451536, 1108821023803387576866903105043097546295874174925840672557291260211879179500306874971363719244195828137145579391309940526503063217989050243901592581063818, 9979389214230488191802127945387877916662867574332566053015621341906912615502761874742273473197762453234310214521789464738527568961901452195114333229574356, 89814502928074393726219151508490901249965808168993094477140592077162213539524856872680461258779862079108791930696105182646748120657113069756028999066169198, 808330526352669543535972363576418111249692273520937850294265328694459921855723711854124151329018758711979127376264946643820733085914017627804260991595522776, 7274974737174025891823751272187763001247230461688440652648387958250139296701513406687117361961168828407812146386384519794386597773226158650238348924359704978, 65474772634566233026413761449689867011225074155195965873835491624251253670313620660184056257650519455670309317477460678149479379959035427852145140319237344796, 589272953711096097237723853047208803101025667396763692864519424618261283032822585941656506318854675101032783857297146103345314419631318850669306262873136103158, 5303456583399864875139514677424879227909231006570873235780674821564351547295403273474908556869692075909295054715674314930107829776681869656023756365858224928416, 47731109250598783876255632096823913051183079059137859122026073394079163925658629461274177011827228683183655492441068834370970467990136826904213807292724024355738, 429579983255389054886300688871415217460647711532240732098234660546712475330927665151467593106445058148652899431969619509338734211911231442137924265634516219201636, 3866219849298501493976706199842736957145829403790166588884111944920412277978348986363208337958005523337876094887726575584048607907201082979241318390710645972814718, 34795978643686513445790355798584632614312464634111499299957007504283710501805140877268875041622049710040884853989539180256437471164809746813171865516395813755332456, 313163807793178621012113202187261693528812181707003493699613067538553394516246267895419875374598447390367963685905852622307937240483287721318546789647562323797992098, 2818474270138607589109018819685355241759309635363031443296517607846980550646216411058778878371386026513311673173152673600771435164349589491866921106828060914181928876, 25366268431247468301981169377168197175833786718267282989668658470622824955815947699529009905342474238619805058558374062406942916479146305426802289961452548227637359878, 228296415881227214717830524394513774582504080464405546907017926235605424602343529295761089148082268147578245527025366561662486248312316748841220609653072934048736238896, 2054667742931044932460474719550623971242536724179649922163161336120448821421091763661849802332740413328204209743228299054962376234810850739570985486877656406438626150058, 18492009686379404392144272475955615741182830517616849299468452025084039392789825872956648220994663719953837887689054691494661386113297656656138869381898907657947635350516, 166428087177414639529298452283600541670645474658551643695216068225756354535108432856609833988951973479584540989201492223451952475019678909905249824437090168921528718154638, 1497852784596731755763686070552404875035809271926964793256944614031807190815975895709488505900567761316260868902813430011067572275177110189147248419933811520293758463391736, 13480675061370585801873174634971643875322283447342683139312501526286264717343783061385396553105109851846347820125320870099608150476593991702325235779404303682643826170525618, 121326075552335272216858571714744794877900551026084148253812513736576382456094047552468568977945988666617130381127887830896473354289345925320927122014638733143794435534730556, 1091934679971017449951727145432703153901104959234757334284312623629187442104846427972217120801513897999554173430150990478068260188604113327888344098131748598294149919812574998, 9827412119739157049565544308894328385109944633112816008558813612662686978943617851749954087213625081995987560871358914302614341697437019950995096883185737384647349278313174976, 88446709077652413446089898780048955465989501698015344077029322513964182810492560665749586784922625737963888047842230228723529075276933179558955871948671636461826143504818574778, 796020381698871721014809089020440599193905515282138096693263902625677645294433045991746281064303631641674992430580072058511761677492398616030602847538044728156435291543367172996, 7164183435289845489133281801183965392745149637539242870239375123631098807649897413925716529578732684775074931875220648526605855097431587544275425627842402553407917623890304556958, 64477650917608609402199536210655688534706346737853185832154376112679889268849076725331448766208594162975674386876985836739452695876884287898478830650581622980671258615012741012616, 580298858258477484619795825895901196812357120640678672489389385014119003419641690527983038895877347466781069481892872530655074262891958591086309475855234606826041327535114669113538, 5222689724326297361578162433063110771311214085766108052404504465127071030776775214751847350062896127201029625337035852775895668366027627319776785282697111461434371947816032022021836, 47004207518936676254203461897567996941800926771894972471640540186143639276990976932766626150566065144809266628033322674983061015294248645877991067544274003152909347530344288198196518, 423037867670430086287831157078111972476208340947054752244764861675292753492918792394899635355094586303283399652299904074847549137648237812901919607898466028376184127773098593783768656, 3807340809033870776590480413703007752285875068523492770202883755077634781436269131554096718195851276729550596870699136673627942238834140316117276471086194255385657149957887344053917898, 34266067281304836989314323723327069770572875616711434931825953795698713032926422183986870463762661490565955371836292230062651480149507262845055488239775748298470914349620986096485261076, 308394605531743532903828913509943627935155880550402914386433584161288417296337799655881834173863953415093598346526630070563863321345565365605499394157981734686238229146588874868367349678, 2775551449785691796134460221589492651416402924953626229477902257451595755667040196902936507564775580735842385118739670635074769892110088290449494547421835612176144062319299873815306147096, 24979963048071226165210141994305433862747626324582636065301120317064361801003361772126428568082980226622581466068657035715672929028990794614045450926796520509585296560873698864337755323858, 224819667432641035486891277948748904764728636921243724587710082853579256209030255949137857112746822039603233194617913321441056361260917151526409058341168684586267669047863289779039797914716, 2023377006893769319382021501538740142882557732291193521289390745682213305881272303542240714014721398356429098751561219892969507251348254363737681525070518161276409021430769608011358181232438, 18210393062043923874438193513848661285943019590620741691604516711139919752931450731880166426132492585207861888764050979036725565262134289273639133725634663451487681192876926472102223631091936, 163893537558395314869943741624637951573487176315586675224440650400259277776383056586921497835192433266870756998876458811330530087359208603462752203530711971063389130735892338248920012679827418]
len(predicted_full) = 200, len(input_sequence + seq_pred) = 200
is_manual_check: False
