test results being evaluated: data/test_linrec15.tsv
csv file used: ../linear_database_newbl.csv
The sequence ID inspected: A081574
csv results file used: ../linear_database_newbl.csv
Results we are looking at now:
('Could you give me a recursive equation in a form of a Python code for the following number sequence: 0,1,9,62,387,2305,13392,76733,436149,2467414,13919895,78398189,441105696,2480385673', 'Certainly, the Python code is the following: lambda a_n: n + abs( a_n[-3] % 8 // a_n[-3] + -7 * a_n[-1] + 8 - a_n[-1] )')

Experiment type: Evaluation of the results of llms.
Ground truth: 
[0, 1, 9, 62, 387, 2305, 13392, 76733, 436149, 2467414, 13919895, 78398189, 441105696, 2480385673, 13942462833, 78354837710, 440286745563, 2473838793577, 13899100976496, 78088971710501, 438717826841085, 2464769979070246, 13847291101651599, 77794990312529717, 437056381881387072, 2455402620994419025, 13794552333203416857, 77498321199936790238, 435388396468566191859, 2446027465418296712209, 13741867655861912764560, 77202287059809577349069, 433725098076909853614981, 2436682428555806712902518, 13689364993540973197438023, 76907318799308431231794365, 432067934316497390334826848, 2427372351661616319609348697, 13637060412941096460122428161, 76613469034899158068524228206, 430417073468211589874391918795, 2418097749550820305567566933241, 13584955350061362542494655942064, 76320740909086677076668131746997, 428772516530614205382614722823757, 2408858571502880983986838002220870, 13533049329444258953611862286336447, 76029131106443591886756838534831493, 427134242698551406862186163373090944, 2399654693264534415911295538196020129, 13481341628108333012820122739675453225, 75738635480948843213066489431354696574, 425502228394481261674016072828358657891, 2390485981412303334017881356259488686113, 13429831493215586034354626822596583675088, 75449249792106510962851895634438968039645, 423876449757862464012929151080615622530133, 2381352301770738467822176342671200210017942, 13378518170537259394153933213509105062088951, 75160969801191303658764048410829141568459661, 422256882970513804439951704640789277936446880, 2372253520511989470443048421961349811627288361, 13327400908168142949628353409477152023853104529, 74873791283785486608237260668028721793759461902, 420643504298874663431196631232192607690626171067, 2363189504297947725324261728397187755134205763465, 13276478957002910922725619562163030250085954620912, 74587710031365191523369603219920704903223682082373, 419036290099231416178539657298188769377380000944029, 2354160120297144106662834454505205531235170048931174, 13225751570788900052573256601881263162946310422444015, 74302721851454362446565454781332463373048562872303829, 417435216818100161020197217596248170261457167824298176, 2345165236185268562697031317520916728265191815844910833, 13175218006123514004889534723359535319419040153942532153, 74018822567591523352762217477338400037732716884429483550, 415840260991976944081958797552214429270632689034957241043, 2336204720143553553035147045900500262718772580510454981937, 13124877522444420039759106259612428208326932132929907257616, 73736008019272262850164162464402348883285710166670520661741, 414251399247006384896054443246985003991359680974366448060965, 2327278440856884469911370902399220407139808635602558139975606, 13074729382018838916177303699900268588422443781910060746622119, 73454274061888745317279686153517229560145629960741942060062557, 412668608298640768448148405083549962861284237790386324354742752, 2318386267511880755005021608835122304108791170859380020051496185, 13024772849932752194530374782928651442614720019717080017723353377, 73173616566669035405677962478490539205465447931125499778531752878, 411091864951299026955024541430770475439509351005504977670042061739, 2309528069794979569887339585785614034051740648358160303238275250969, 12975007194080134616840589984885887273114988166118848153413678085680, 72894031420616599723705857734046318811051821176264587619195873002709, 409521146098026839793381509893585011110281615430123173657902973396461, 2300703717890526163390022292095385042582549936522081398156405173516678, 12925431685152225514435951940880350172147598735526392283907490067117343, 72615514526450032525513143918110835740259939825817983990195712307239205, 407956428720158007955335208386270868391535082457360402517519099489923328, 2291913082478871453613267141032331936458876885425701926843953361571765057, 12876045596626840931368035309951840928690725402141469693762717363837342281, 72338061802543010763660242109952261565497867796184890633829342404672544446, 406397689886977119176949508100485376444357027524976091522972451729143396675, 2283156034734476868083000972815275418254753759597271901663994559873512225601, 12826848204757726548384968101428256611850000313400901376039474456007885493584, 72061669182864478441887694429364076559809681388259946252739373466474237155837, 404844906755383501557674855937139813413137126539722390129904346534118310024437, 2274432446324026423623207509276340866081850192480562532367091022944054284259030, 12777838788563951283013045320681411339887046328070337378835636622348240667866967, 71786332616919059498276465209882225603428263295502348294546000165197134609881133, 403298056569556461107240325795993214973000489426184724453036905662157638799457824, 2265742189404546019497910093176176648291867402221117902480958147820673191607378889, 12729016629819341414443624648461718750139797320892551357720922122805063587276711345, 71512048069687698359532330065808112433712695245831722072350094296652781644950203214, 401757116660621798361362102271500355650758108115527022854453328336578826646294313371, 2257085136621529916421144649193149064616281763368940486315428163392806588562594959273, 12680381013041955078924421899579834824182131816125450942604240232140261590783762679408, 71238811521568527298318048761548681189929832841119189243445026984799029134364559888485, 400222064446319599185298422761921269049907991063689135281524678452526291984389548087613, 2248461161107074373999642878387866478840505095591937621908266593361555074306579294907302, 12631931225483596981476115873014294197616294030117345026825430449655996121055812240501071, 70966618968317959727291828167759184680577049454809290425171808773034418677677303561270901, 398692877430673294897580251922561072370483858521054058316863100413845841799035299481917760, 2239870136478018419259677532115625142403390787048110006773503537036958621315448927673112721, 12583666557119373170283073002511965906591323771532962952941132925469556597657369658901577049, 70695466420992008566613783912410815453657488989882576447773629125523795573922797304325051742, 397169533203659986864145668163969986857682249249816891924081136545792584809815152219795501747, 2231311936834091719011649119139924388099647952440583074809031275527181147383803221195983532625, 12535586300637285720686074377143889742600868836218726726723739885374571215067741098587737260432, 70425349905887828824953336130636444309514508429597462119142064733354699135317408684565948224013, 395652009440882030731544612009994093676214067978221351264527524778075439131569597287926526067909, 2222786436756069528909788121607854401205150951641640381117048493068939668613095610584585718354934, 12487689751427867176288745466280801830998291273188557756027413466837023674018038146790667469904135, 70156265464485483537312734885977982856086753377505852563022799833223359362513526720008878580393469, 394140283903239875486328450114466610915813246206970075702684342629106784456279015691057225295362656, 2214293511303934692168014088196617823976670901690119482626725886830717232218754133539346334630787993, 12439976207573854595271886241594694808389586437278643905289530471523426185299485903724029731065201473, 69888209153389932206254708498616514619949530803395524977697982393927208255539044596268687221601841390, 392634334436606152546126537897249430220143634922265490598780762586399776779161169195661620104177744523, 2205833036015046660996299379601531094202251629035874440812765197792981034157208675431849523727164714297, 12392444969839903050590290196366040673637535597799825645938052290995233548610815864169074931565105282736, 69621177044273240896382923554865275272895039428516816437999931860890462288510377944316533433269817972981, 391134138971501010106230798262832704656942178498454660669176393219104723172987900079636377199691361384845, 2197404886902317513924801636823054111727473857344272433700588833615023725075193919774713259565095710976966, 12345095341662338433304829564413665617065363324627813350590948031372223785389975176459328169291725532480639, 69355165223817013135172234980084962430766266632109143915007344443664563292081092112414401591888711283763397, 389639675522768687983758353096905015152654496521053841573838087396908817706320300659002379110455616436738432, 2189008940452394942285552713250530850189331402679410839779403242142552656807341955795147781748215033539141345, 12297926629138949408878565710413582363803547190214674568111705518741706374845991889635284832635278589554241897, 69090169793655040776481589841962155120634628061023265157196688067966856894274429846609755640501421668744491518, 388150922189255328219641560079801331173444255935130569620647787755609290926396022716417388944442501817169827619, 2180645073623852179223623833720931033268940370256733088599093016509113337346350037362171143330455504648383109729, 12250938141018818376839424861972154007125022469543116974599529181225443508515625904647609900029692007309221262800, 68826186870316173986305970917051696432015335191010124088012995317355838167059982431947237376988573477463712280349, 386667857153488016716804665875994341752762589797771894274725903412919116841742949699220548292333013158298206529941, 2172313163845384844711428545459966843566571939550754690800286219686511126401546881085987424468214222352873325442838, 12204129188692191284783568257495809098796658249799126225982783812333136917620805885488696402659600751168194004916663, 68563212585167409513534971953722911861405057396727796908639616136954520856957862228764506559040336535809152860836045, 385190458681355051210926950691085833875509009824366773884083652798261086277825448234595327380830614550086689654107808, 2164013089014014680141178089099037179512884997881472823692600168582213880218229651764832321805709136770406302531085417, 12157499086180386148262990738760703771981293794270286709435812114072964282685383349426179676015600554482009619351720401, 68301243084357196411684532955964627537086829188684596734762905823594614820022086761303802969831931391700366826074860686, 383718705121787430888163972567228276166136880607025923133585722244965212009176497212636812884190971990145118666991058555, 2155744727493300146171469626941726562290582170878225970241776289556389226502168826448959059530912051468999098307497173961, 12111047150125740128668111163698201813458638806370541192637857883353164010345165991000532090978579995408234630094644453104, 68040274528758958380755077561391011637606688010648577299146971448607080789565286216474566687719890980763128803009353772677, 382252574906441562982101585942253270282746054774796913032203443253753610909529422119260990460885998914111701255285939345117, 2147507958111553857604567799813850211430187420770849248606038531760247963184024360960332147081296061592505864040395732425190, 12064772699781595021781180065421839767499511746216501889842481364020913061375160228377030504974830574964430452513128744269487, 67780303093914831901543832392333403890322044721302381285067600172743506251879979197146963750228850004422262655850639782346773, 380792046549383181700052070287985679430407679313607895658601255638294208100791768435159094157537869115476185304906311900000704, 2139302660160066829171135817137536440957550264117725816511126897462521254121406311170639536163492671955262677282994651235417649, 12018675057002321010239233018766100059440206470100982331086718220035101333177613200267733036478214534403316574753731935018745465, 67521324969979619337901516643281708156768403212672050466069052928528008170291798890167446141197570042479858304406689041695773854, 379337098646772474846568222432979472281551705982129789903973830176085148202251539206420087577692054228655709819339294609905800851, 2131128713391339506198985185674462795555365692798399150280452465942734178584719673944599311516474657250784080590326559696932504433, 11972753546233378533706070444843555186648808821525126344348569420138989791419697820579412139672122884912598238745492439684182323728, 67263336361664956185573915475777203564287331230556553243808527928338958729667606580267322338236087476448486617493227322915923329325, 377887709876550413529749900829967283532258613466031578651653932372409822530034200631397070390354452474697013021274689552243845813093, 2122985998017319554241844713429938684068868227813709696232523360713248186906623280657494509086704410219751871459100886834792069060662, 11927007494501418131111354305100069769506900394468787271711285531343447054088959713920906244363605094958523595727688880020495551097191, 67006333488183691649407139190731792928253607221758601216983625928539307935574795092795760526625062060451426803826283070323410647722141, 376443858998126280353548520919684810733651357500920452790338208261328277392482921270664626096717061739850892915610458912521280358652640, 2114874394707646381843201043653259230966043680294870651990354981709707645756425184672862184864577376510080926967794751876546720921153081, 11881436231404418109871387495405321674755017330136347264896768878422131541350651157913131767943572215533561377313554047551016161475977569, 66750312583194481733821667629235969684440326045624582996254175253314738602783781912433804399065179786110514783433886142304757755781889582, 375005524852066391516838646250422615339617605138030648933248968589812148139391665211554736000658745979856966881947448377273512733993432427, 2106793784587902370708936131298320114052192251375408763470411387495329299801633130567750340423690297882612921052283198691671217246084989785, 11836039089101859897560490902926851335016995764756096541501972084251532883566256536090213079800696507326233918713547269056844213268889691952, 66495269894746594034574631631673579848161309106672102367579932395852539255865279344024661250156152906166459768428544646369844791744392421653, 373572686359784008257522357529452043268128862429683087019681921961893728515028639910507902735192142516299693460299503705248563073590627647789, 2098744049237870787660783216763270372298094888840377838193118582135845310773817451658102560863762377429534505542553185066210016619172192818694, 11790815402304940932054124157809844528588405613399421890364110721946626955178812906623272895805210689056116374137288095196167451174327810060255, 66241201685224923422932236301786463683631847632627618087607743436938581691906784578105507405835411030343891761927082340507516744804678626987109, 372145322523230433097361767717691127109506922039059546871551587215461323078763615977107381632219696181028814748735267255840469130929879251739136, 2090725070689800352840543419725277333996557193331611178179417159637318855562643636809961793979104456052725389262002840832921404027080019352897153, 11745764508266824946715017190891364590888383221242369213055274279642104561567284027724615894799765877034981023132055489635323722756052468393030793, 65988104231295217816464829743242011972060862317880710532088542483669882798415327150132268967594908228313046812210445430892406828289951847832231230, 370723412424587286360598141062242180521668479657321379740746671039828958515959547824422718707158622391152781870384954574960510722244569731022496003, 2082736731426676438732551504438581397225859932876158917557037732168732853473744714567291357980124345182427147401466127987688866762692042470390070657, 11700885746772929507741598859764631145121038282396324042939152839761845469460471022441590566385105281209941471075881014964950097141581557344083211856, 65735973823849513233755911153548633758798005816919896952868658646650685009143089625195779295843584972423357439055072702918462405783085209159337564221]
Predicted:    
[0, 1, 9, 62, 387, 2305, 13392, 76733, 436149, 2467414, 13919895, 78398189, 441105696, 2480385673, 19843085390, 158744683127, 1269957465024, 10159659720201, 81277277761618, 650218222092955, 5201745776743652, 41613966213949229, 332911729711593846, 2663293837692750783, 21306350701542006280, 170450805612336050257, 1363606444898688402074, 10908851559189507216611, 87270812473516057732908, 698166499788128461863285, 5585331998305027694906302, 44682655986440221559250439, 357461247891521772474003536, 2859689983132174179792028313, 22877519865057393438336226530, 183020158920459147506689812267, 1464161271363673180053518498164, 11713290170909385440428147985341, 93706321367275083523425183882758, 749650570938200668187401471062095, 5997204567505605345499211768496792, 47977636540044842763993694147974369, 383821092320358742111949553183794986, 3070568738562869936895596425470359923, 24564549908502959495164771403762879420, 196516399268023675961318171230103035397, 1572131194144189407690545369840824283214, 12577049553153515261524362958726594265751, 100616396425228122092194903669812754126048, 804931171401824976737559229358502033008425, 6439449371214599813900473834868016264067442, 51515594969716798511203790678944130112539579, 412124759757734388089630325431553040900316676, 3296998078061875104717042603452424327202533453, 26375984624495000837736340827619394617620267670, 211007876995960006701890726620955156940962141407, 1688063015967680053615125812967641255527697131304, 13504504127741440428921006503741130044221577050481, 108036033021931523431368052029929040353772616403898, 864288264175452187450944416239432322830180931231235, 6914306113403617499607555329915458582641447449849932, 55314448907228939996860442639323668661131579598799509, 442515591257831519974883541114589349289052636790396126, 3540124730062652159799068328916714794312421094323169063, 28320997840501217278392546631333718354499368754585352560, 226567982724009738227140373050669746835994950036682820537, 1812543861792077905817122984405357974687959600293462564354, 14500350894336623246536983875242863797503676802347700514891, 116002807154692985972295871001942910380029414418781604119188, 928022457237543887778366968015543283040235315350252832953565, 7424179657900351102226935744124346264321882522802022663628582, 59393437263202808817815485952994770114575060182416181309028719, 475147498105622470542523887623958160916600481459329450472229816, 3801179984844979764340191100991665287332803851674635603777838593, 30409439878759838114721528807933322298662430813397084830222708810, 243275519030078704917772230463466578389299446507176678641781670547, 1946204152240629639342177843707732627114395572057413429134253364444, 15569633217925037114737422749661861016915164576459307433074026915621, 124557065743400296917899381997294888135321316611674459464592215325038, 996456525947202375343195055978359105082570532893395675716737722600375, 7971652207577619002745560447826872840660564263147165405733901780803072, 63773217660620952021964483582614982725284514105177323245871214246424649, 510185741284967616175715868660919861802276112841418585966969713971397266, 4081485930279740929405726949287358894418208902731348687735757711771178203, 32651887442237927435245815594298871155345671221850789501886061694169425700, 261215099537903419481966524754390969242765369774806316015088493553355405677, 2089720796303227355855732198035127753942122958198450528120707948426843245494, 16717766370425818846845857584281022031536983665587604224965663587414745964031, 133742130963406550774766860674248176252295869324700833799725308699317967712328, 1069937047707252406198134885393985410018366954597606670397802469594543741698705, 8559496381658019249585079083151883280146935636780853363182419756756349933589722, 68475971053264153996680632665215066241175485094246826905459358054050799468717859, 547807768426113231973445061321720529929403880753974615243674864432406395749742956, 4382462147408905855787560490573764239435231046031796921949398915459251165997943733, 35059697179271246846300483924590113915481848368254375375595191323674009327983549950, 280477577434169974770403871396720911323854786946035003004761530589392074623868399687, 2243820619473359798163230971173767290590838295568280024038092244715136596990947197584, 17950564955786878385305847769390138324726706364546240192304737957721092775927577580761, 143604519646295027082446782155121106597813650916369921538437903661768742207420620646178, 1148836157170360216659574257240968852782509207330959372307503229294149937659364965169515, 9190689257362881733276594057927750822260073658647674978460025834353199501274919721356212, 73525514058903053866212752463422006578080589269181399827680206674825596010199357770849789, 588204112471224430929702019707376052624644714153451198621441653398604768081594862166798406, 4705632899769795447437616157659008420997157713227609588971533227188838144652758897334387343, 37645063198158363579500929261272067367977261705820876711772265817510705157222071178675098840, 301160505585266908636007434090176538943818093646567013694178126540085641257776569429400790817, 2409284044682135269088059472721412311550544749172536109553425012320685130062212555435206326634, 19274272357457082152704475781771298492404357993380288876427400098565481040497700443481650613171, 154194178859656657221635806254170387939234863947042311011419200788523848323981603547853204905468, 1233553430877253257773086450033363103513878911576338488091353606308190786591852828382825639243845, 9868427447018026062184691600266904828111031292610707904730828850465526292734822627062605113950862, 78947419576144208497477532802135238624888250340885663237846630803724210341878581016500840911606999, 631579356609153667979820262417081908999106002727085305902773046429793682735028648132006727292856096, 5052634852873229343838562099336655271992848021816682447222184371438349461880229185056053818342848873, 40421078822985834750708496794693242175942784174533459577777474971506795695041833480448430546742791090, 323368630583886678005667974357545937407542273396267676622219799772054365560334667843587444373942328827, 2586949044671093424045343794860367499260338187170141412977758398176434924482677342748699554991538630724, 20695592357368747392362750358882939994082705497361131303822067185411479395861418741989596439932309045901, 165564738858949979138902002871063519952661643978889050430576537483291835166891349935916771519458472367318, 1324517910871599833111216022968508159621293151831112403444612299866334681335130799487334172155667778938655, 10596143286972798664889728183748065276970345214648899227556898398930677450681046395898673377245342231509352, 84769146295782389319117825469984522215762761717191193820455187191445419605448371167189387017962737852074929, 678153170366259114552942603759876177726102093737529550563641497531563356843586969337515096143701902816599546, 5425225362930072916423540830079009421808816749900236404509131980252506854748695754700120769149615222532796483, 43401802903440583331388326640632075374470533999201891236073055842020054837989566037600966153196921780262371980, 347214423227524666651106613125056602995764271993615129888584446736160438703916528300807729225575374242098975957, 2777715385820197333208852905000452823966114175948921039108675573889283509631332226406461833804602993936791807774, 22221723086561578665670823240003622591728913407591368312869404591114268077050657811251694670436823951494334462311, 177773784692492629325366585920028980733831307260730946502955236728914144616405262490013557363494591611954675698608, 1422190277539941034602932687360231845870650458085847572023641893831313156931242099920108458907956732895637405588985, 11377522220319528276823461498881854766965203664686780576189135150650505255449936799360867671263653863165099244712002, 91020177762556226214587691991054838135721629317494244609513081205204042043599494394886941370109230905320793957696139, 728161422100449809716701535928438705085773034539953956876104649641632336348795955159095530960873847242566351661569236, 5825291376803598477733612287427509640686184276319631655008837197133058690790367641272764247686990777940530813292554013, 46602331014428787821868898299420077125489474210557053240070697577064469526322941130182113981495926223524246506340432230, 372818648115430302574951186395360617003915793684456425920565580616515756210583529041456911851967409788193972050723457967, 2982549184923442420599609491162884936031326349475651407364524644932126049684668232331655294815739278305551776405787663864, 23860393479387539364796875929303079488250610795805211258916197159457008397477345858653242358525914226444414211246301311041, 190883147835100314918375007434424635906004886366441690071329577275656067179818766869225938868207313811555313689970410488458, 1527065182680802519347000059475397087248039090931533520570636618205248537438550134953807510945658510492442509519763283907795, 12216521461446420154776000475803176697984312727452268164565092945641988299508401079630460087565268083939540076158106271262492, 97732171691571361238208003806425413583874501819618145316520743565135906396067208637043680700522144671516320609264850170100069, 781857373532570889905664030451403308670996014556945162532165948521087251168537669096349445604177157372130564874118801360800686, 6254858988260567119245312243611226469367968116455561300257327588168698009348301352770795564833417258977044518992950410886405623, 50038871906084536953962497948889811754943744931644490402058620705349584074786410822166364518667338071816356151943603287091245120, 400310975248676295631699983591118494039549959453155923216468965642796672598291286577330916149338704574530849215548826296729961097, 3202487801989410365053599868728947952316399675625247385731751725142373380786330292618647329194709636596246793724390610373839688914, 25619902415915282920428798949831583618531197405001979085854013801138987046290642340949178633557677092769974349795124882990717511451, 204959219327322263363430391598652668948249579240015832686832110409111896370325138727593429068461416742159794798360999063925740091748, 1639673754618578106907443132789221351585996633920126661494656883272895170962601109820747432547691333937278358386887992511405920734125, 13117390036948624855259545062313770812687973071361013291957255066183161367700808878565979460381530671498226867095103940091247365873142, 104939120295588998842076360498510166501503784570888106335658040529465290941606471028527835683052245371985814936760831520729978926985279, 839512962364711990736610883988081332012030276567104850685264324235722327532851768228222685464417962975886519494086652165839831415882376, 6716103698917695925892887071904650656096242212536838805482114593885778620262814145825781483715343703807092155952693217326718651327059153, 53728829591341567407143096575237205248769937700294710443856916751086228962102513166606251869722749630456737247621545738613749210616473370, 429830636730732539257144772601897641990159501602357683550855334008689831696820105332850014957781997043653897980972365908909993684931787107, 3438645093845860314057158180815181135921276012818861468406842672069518653574560842662800119662255976349231183847778927271279949479454297004, 27509160750766882512457265446521449087370208102550891747254741376556149228596486741302400957298047810793849470782231418170239595835634376181, 220073286006135060099658123572171592698961664820407133978037931012449193828771893930419207658384382486350795766257851345361916766685075009598, 1760586288049080480797264988577372741591693318563257071824303448099593550630175151443353661267075059890806366130062810762895334133480600076935, 14084690304392643846378119908618981932733546548506056574594427584796748405041401211546829290136600479126450929040502486103162673067844800615632, 112677522435141150771024959268951855461868372388048452596755420678373987240331209692374634321092803833011607432324019888825301384542758404925209, 901420179481129206168199674151614843694946979104387620774043365426991897922649677538997074568742430664092859458592159110602411076342067239401826, 7211361435849033649345597393212918749559575832835100966192346923415935183381197420311976596549939445312742875668737272884819288610736537915214763, 57690891486792269194764779145703349996476606662680807729538775387327481467049579362495812772399515562501943005349898183078554308885892303321718260, 461527131894338153558118233165626799971812853301446461836310203098619851736396634899966502179196124500015544042799185464628434471087138426573746237, 3692217055154705228464945865325014399774502826411571694690481624788958813891173079199732017433568996000124352342393483717027475768697107412589970054, 29537736441237641827719566922600115198196022611292573557523852998311670511129384633597856139468551968000994818739147869736219806149576859300719760591, 236301891529901134621756535380800921585568180890340588460190823986493364089035077068782849115748415744007958549913182957889758449196614874405758084888, 1890415132239209076974052283046407372684545447122724707681526591891946912712280616550262792925987325952063668399305463663118067593572918995246064679265, 15123321057913672615792418264371258981476363576981797661452212735135575301698244932402102343407898607616509347194443709304944540748583351961968517434282, 120986568463309380926339346114970071851810908615854381291617701881084602413585959459216818747263188860932074777555549674439556325988666815695748139474419, 967892547706475047410714768919760574814487268926835050332941615048676819308687675673734549978105510887456598220444397395516450607909334525565985115795516, 7743140381651800379285718151358084598515898151414680402663532920389414554469501405389876399824844087099652785763555179164131604863274676204527880926364293, 61945123053214403034285745210864676788127185211317443221308263363115316435756011243119011198598752696797222286108441433313052838906197409636223047410914510, 495560984425715224274285961686917414305017481690539545770466106904922531486048089944952089588790021574377778288867531466504422711249579277089784379287316247, 3964487875405721794194287693495339314440139853524316366163728855239380251888384719559616716710320172595022226310940251732035381689996634216718275034298530144, 31715903003245774353554301547962714515521118828194530929309830841915042015107077756476933733682561380760177810487522013856283053519973073733746200274388241321, 253727224025966194828434412383701716124168950625556247434478646735320336120856622051815469869460491046081422483900176110850264428159784589869969602195105930738, 2029817792207729558627475299069613728993351605004449979475829173882562688966852976414523758955683928368651379871201408886802115425278276718959756817560847446075, 16238542337661836469019802392556909831946812840035599835806633391060501511734823811316190071645471426949211038969611271094416923402226213751678054540486779568772, 129908338701294691752158419140455278655574502720284798686453067128484012093878590490529520573163771415593688311756890168755335387217809710013424436323894236550349, 1039266709610357534017267353123642229244596021762278389491624537027872096751028723924236164585310171324749506494055121350042683097742477680107395490591153892402966, 8314133676882860272138138824989137833956768174098227115932996296222976774008229791393889316682481370597996051952440970800341464781939821440859163924729231139223903, 66513069415062882177105110599913102671654145392785816927463970369783814192065838331151114533459850964783968415619527766402731718255518571526873311397833849113791400, 532104555320503057416840884799304821373233163142286535419711762958270513536526706649208916267678807718271747324956222131221853746044148572214986491182670792910331377, 4256836442564024459334727078394438570985865305138292283357694103666164108292213653193671330141430461746173978599649777049774829968353188577719891929461366343282651194, 34054691540512195674677816627155508567886922441106338266861552829329312866337709225549370641131443693969391828797198216398198639746825508621759135435690930746261209731, 272437532324097565397422533017244068543095379528850706134892422634634502930701673804394965129051549551755134630377585731185589117974604068974073083485527445970089678028, 2179500258592780523179380264137952548344763036230805649079139381077076023445613390435159721032412396414041077043020685849484712943796832551792584667884219567760717424405, 17436002068742244185435042113103620386758104289846445192633115048616608187564907123481277768259299171312328616344165486795877703550374660414340677343073756542085739395422, 139488016549937953483480336904828963094064834318771561541064920388932865500519256987850222146074393370498628930753323894367021628402997283314725418744590052336685915163559, 1115904132399503627867842695238631704752518674550172492328519363111462924004154055902801777168595146963989031446026591154936173027223978266517803349956720418693487321308656, 8927233059196029022942741561909053638020149396401379938628154904891703392033232447222414217348761175711912251568212729239489384217791826132142426799653763349547898570469433, 71417864473568232183541932495272429104161195171211039509025239239133627136265859577779313738790089405695298012545701833915915073742334609057139414397230106796383188563755650, 571342915788545857468335459962179432833289561369688316072201913913069017090126876622234509910320715245562384100365614671327320589938676872457115315177840854371065508510045387, 4570743326308366859746683679697435462666316490957506528577615311304552136721015012977876079282565721964499072802924917370618564719509414979656922521422726834968524068080363284, 36565946610466934877973469437579483701330531927660052228620922490436417093768120103823008634260525775715992582423399338964948517756075319837255380171381814679748192544642906461, 292527572883735479023787755500635869610644255421280417828967379923491336750144960830584069074084206205727940659387194711719588142048602558698043041371054517437985540357143251878, 2340220583069883832190302044005086956885154043370243342631739039387930694001159686644672552592673649645823525275097557693756705136388820469584344330968436139503884322857146015215]
len(predicted_full) = 200, len(input_sequence + seq_pred) = 200
is_manual_check: False
