test results being evaluated: data/test_linrec15.tsv
csv file used: ../linear_database_newbl.csv
The sequence ID inspected: A082289
csv results file used: ../linear_database_newbl.csv
Results we are looking at now:
('Could you give me a recursive equation in a form of a Python code for the following number sequence: 2,9,26,59,116,206,340,530,790,1135,1582,2149,2856,3724,4776', 'Certainly, the Python code is the following: lambda a_n: a_n[-1] - n * n - n * -5 - -9')

Experiment type: Evaluation of the results of llms.
Ground truth: 
[2, 9, 26, 59, 116, 206, 340, 530, 790, 1135, 1582, 2149, 2856, 3724, 4776, 6036, 7530, 9285, 11330, 13695, 16412, 19514, 23036, 27014, 31486, 36491, 42070, 48265, 55120, 62680, 70992, 80104, 90066, 100929, 112746, 125571, 139460, 154470, 170660, 188090, 206822, 226919, 248446, 271469, 296056, 322276, 350200, 379900, 411450, 444925, 480402, 517959, 557676, 599634, 643916, 690606, 739790, 791555, 845990, 903185, 963232, 1026224, 1092256, 1161424, 1233826, 1309561, 1388730, 1471435, 1557780, 1647870, 1741812, 1839714, 1941686, 2047839, 2158286, 2273141, 2392520, 2516540, 2645320, 2778980, 2917642, 3061429, 3210466, 3364879, 3524796, 3690346, 3861660, 4038870, 4222110, 4411515, 4607222, 4809369, 5018096, 5233544, 5455856, 5685176, 5921650, 6165425, 6416650, 6675475, 6942052, 7216534, 7499076, 7789834, 8088966, 8396631, 8712990, 9038205, 9372440, 9715860, 10068632, 10430924, 10802906, 11184749, 11576626, 11978711, 12391180, 12814210, 13247980, 13692670, 14148462, 14615539, 15094086, 15584289, 16086336, 16600416, 17126720, 17665440, 18216770, 18780905, 19358042, 19948379, 20552116, 21169454, 21800596, 22445746, 23105110, 23778895, 24467310, 25170565, 25888872, 26622444, 27371496, 28136244, 28916906, 29713701, 30526850, 31356575, 32203100, 33066650, 33947452, 34845734, 35761726, 36695659, 37647766, 38618281, 39607440, 40615480, 41642640, 42689160, 43755282, 44841249, 45947306, 47073699, 48220676, 49388486, 50577380, 51787610, 53019430, 54273095, 55548862, 56846989, 58167736, 59511364, 60878136, 62268316, 63682170, 65119965, 66581970, 68068455, 69579692, 71115954, 72677516, 74264654, 75877646, 77516771, 79182310, 80874545, 82593760, 84340240, 86114272, 87916144, 89746146, 91604569, 93491706, 95407851, 97353300, 99328350, 101333300, 103368450]
Predicted:    
[2, 9, 26, 59, 116, 206, 340, 530, 790, 1135, 1582, 2149, 2856, 3724, 4776, 4635, 4468, 4273, 4048, 3791, 3500, 3173, 2808, 2403, 1956, 1465, 928, 343, -292, -979, -1720, -2517, -3372, -4287, -5264, -6305, -7412, -8587, -9832, -11149, -12540, -14007, -15552, -17177, -18884, -20675, -22552, -24517, -26572, -28719, -30960, -33297, -35732, -38267, -40904, -43645, -46492, -49447, -52512, -55689, -58980, -62387, -65912, -69557, -73324, -77215, -81232, -85377, -89652, -94059, -98600, -103277, -108092, -113047, -118144, -123385, -128772, -134307, -139992, -145829, -151820, -157967, -164272, -170737, -177364, -184155, -191112, -198237, -205532, -212999, -220640, -228457, -236452, -244627, -252984, -261525, -270252, -279167, -288272, -297569, -307060, -316747, -326632, -336717, -347004, -357495, -368192, -379097, -390212, -401539, -413080, -424837, -436812, -449007, -461424, -474065, -486932, -500027, -513352, -526909, -540700, -554727, -568992, -583497, -598244, -613235, -628472, -643957, -659692, -675679, -691920, -708417, -725172, -742187, -759464, -777005, -794812, -812887, -831232, -849849, -868740, -887907, -907352, -927077, -947084, -967375, -987952, -1008817, -1029972, -1051419, -1073160, -1095197, -1117532, -1140167, -1163104, -1186345, -1209892, -1233747, -1257912, -1282389, -1307180, -1332287, -1357712, -1383457, -1409524, -1435915, -1462632, -1489677, -1517052, -1544759, -1572800, -1601177, -1629892, -1658947, -1688344, -1718085, -1748172, -1778607, -1809392, -1840529, -1872020, -1903867, -1936072, -1968637, -2001564, -2034855, -2068512, -2102537, -2136932, -2171699, -2206840, -2242357, -2278252, -2314527, -2351184, -2388225, -2425652, -2463467, -2501672, -2540269]
len(predicted_full) = 200, len(input_sequence + seq_pred) = 200
is_manual_check: False
