test results being evaluated: data/test_linrec15.tsv
csv file used: ../linear_database_newbl.csv
The sequence ID inspected: A083321
csv results file used: ../linear_database_newbl.csv
Results we are looking at now:
('Could you give me a recursive equation in a form of a Python code for the following number sequence: 1,0,-4,18,-64,210,-664,2058,-6304,19170,-58024,175098,-527344,1586130,-4766584', 'Certainly, the Python code is the following: lambda a_n: -6 // 7 + ( a_n[-1] ) * -4')

Experiment type: Evaluation of the results of llms.
Ground truth: 
[1, 0, -4, 18, -64, 210, -664, 2058, -6304, 19170, -58024, 175098, -527344, 1586130, -4766584, 14316138, -42981184, 129009090, -387158344, 1161737178, -3485735824, 10458256050, -31376865304, 94134790218, -282412759264, 847255055010, -2541798719464, 7625463267258, -22876524019504, 68629840493970, -205890058352824, 617671248800298, -1853015893884544, 5559051976620930, -16677164519797384, 50031510739261338, -150094566577522384, 450283768452043890, -1350851442795085144, 4052554603263162378, -12157664359545301024, 36472994178147530850, -109418984733465848104, 328256958598444055418, -984770884591425188464, 2954312671366461609810, -8862938049283756918264, 26588814218220014932458, -79766442795397533152704, 239299328667667576168770, -717897986565952681927624, 2153693960823757952625498, -6461081884723073671561744, 19383245658672820642055730, -58149736985025661180908184, 174449210973091382052206538, -523347632955302943175583584, 1570042898937966423564678690, -4710128696958014458769891944, 14130386091162273752461387578, -42391158274063282009687586224, 127173474823342767533669605650, -381520424472334145610222510904, 1144561273421614122849094920618, -3433683820274065740584139537664, 10301051460840643965826128164610, -30903154382558825385625803597064, 92709463147750263133172248997658, -278128389443398363352106423405904, 834385168330490237961498623043570, -2503155504992061009694854574782424, 7509466514977363620705281135650698, -22528399544934452045357278229558944, 67585198634808078502554704333890530, -202755595904433680240629852292098984, 608266787713319930187821035457151738, -1824800363139997569495326063533164784, 5474401089420068266349704104922913490, -16423203268260355914776564143415578744, 49269609804781369975784596087540412778, -147808829414344714390263595577208591424, 443426488243035352096610401360800480450, -1330279464729108474141470433340750853704, 3990838394187330258127689758538951385818, -11972515182562000445789626192650251806864, 35917545547686020680181992412017550719410, -107752636643058100726172204904186242755864, 323257909929174379549769070048825909462858, -969773729787523293391812120819012090779104, 2909321189362570189660446183802104997118370, -8727963568087711187951358194096452440917224, 26183890704263134801794113867669632221875898, -78551672112789406881262420173769446463876144, 235655016338368225595547417662829438988125330, -706965049015104686690162567271530516157369784, 2120895147045314079877528330380675946858096938, -6362685441135942279246666248274196637346265984, 19088056323407826916968161259086927505582748290, -57264168970223480909360808805789457703836145544, 171792506910670443044995076474425723485684237978, -515377520732011329768810529537391871205404316624, 1546132562196033990574082188840405015112916155250, -4638397686588101974257547766977673848332154876504, 13915193059764305927843245701845939150983277451018, -41745579179292917793670941907363652664923457996064, 125236737537878753401295235325742628418717625274210, -375710212613636260244450525184531226104047378394664, 1127130637840908780814481213968200360007931140328058, -3381391913522726342605702918733814443415371431272304, 10144175740568179028141627309859870057029270314393170, -30432527221704537085073919036896463624654122984332024, 91297581665113611256519831325323097781094993035301098, -273892744995340833772155642405236707157550227270513344, 821678234986022501321659224074244949101181178140760130, -2465034704958067503975362265939804502560604527080720584, 7395104114874202511946855985253552818195935566559042138, -22185312344622607535882106330628937075616050670310887184, 66555937033867822607729395741623368468904639952200183090, -199667811101603467823354340724343219890826895739135592344, 599003433304810403470395329171975888640706638982476863178, -1797010299914431210411850601513820123858571820477570761824, 5391030899743293631236881032537245287448619268492992630050, -16173092699229880893713301553603305694091665419599538579304, 48519278097689642681145221572793056745766611487039737116218, -145557834293068928043446298542345449564283064917601454105264, 436673502879206784130360163274968907346815655665768847829010, -1310020508637620352391123025120771839348379888823235514513464, 3930061525912861057173454145954045752661005510121564485593258, -11790184577738583171520532579045597727214748217668409340885504, 35370553733215749514561938019503714120107708027612659790867970, -106111661199647248543686494623244984237250050832052842909026824, 318334983598941745631060844999202636465604005994588255799926298, -955004950796825236893185257256543276904519724980624221545470544, 2865014852390475710679561216287500565728974588935591572927794930, -8595044557171427132038694537898243167217754594794212535366151384, 25785133671514281396116105391766212441714925440357513239263987338, -77355401014542844188348359731441603205268099633022290984123028384, 232066203043628532565045166306610741376050945522966375485031217890, -696198609130885597695135673144404087648646129816698131520417919144, 2088595827392656793085407367882355989986924975945692404691902288378, -6265787482177970379256222800545355424042748100828273234337003927024, 18797362446533911137768669795432641180292190648467211743533605904850, -56392087339601733413306012173891073357204464637366419311646005962104, 169176262018805200239918042096859519704269179296028826097028394381418, -507528786056415600719754137440951158378119108655945614615265936134464, 1522586358169246802159262434623598673664980467503555116494159314383810, -4567759074507740406477787348472286418056187685582101894779200955112264, 13703277223523221219433362134619840048291055622889178774931048889258458, -41109831670569663658300086582265481733118152000953282505980038715618704, 123329495011708990974900260103608368375844426267431339880313900242542770, -369988485035126972924700781024448951480513219331437004365689268919001624, 1109965455105380918774102344500594547147499539052596982546562943139751498, -3329896365316142756322307036356279026854418379274362886538679102184747744, 9989689095948428268966921114777827851387094662056232537414017852085229730, -29969067287845284806900763355751465095808963034634985367838014647317662184, 89907201863535854420702290090090358370722247200837531614705966124076932538, -269721605590607563262106870315943001278757457796377745866501742736478689584, 809164816771822689786320611039172856169453805776863539644272916937931852690, -2427494450315468069358961833300206273174724282106051223022354128270787125944, 7282483350946404208076885500265994228856898575869074877246133139726344513578, -21847450052839212624230656501528733505236147186709067048096540929006999812224, 65542350158517637872691969506047702153039344478330885977005905806676931979650, -196627050475552913618075908521066109733779839271400027596450283459342661024904, 589881151426658740854227725569044335750663129487014822120215982456651713246618, -1769643454279976222562683176718825020350636611806673945022378211527202600083664, 5308930362839928667688049530179859087249204282111280792390595162896102720938610, -15926791088519786003064148590586345314142201739716360291818706545317298004191064, 47780373265559358009192445771852572047215783005914116704749961749209873695323658, -143341119796678074027577337315744788351225704591272421772837569474145580451471904, 430023359390034222082732011947608509472833824920877408635688076875468660085417570, -1290070078170102666248196035843573817256814897056752512541414967532469817718256424, 3870210234510307998744588107532218029447071535758498110892946376409537128078776698, -11610630703530923996233764322599647243694468296451975479216242076852866734084344944, 34831892110592771988701292967804928041789912267708888730723532125807110901949064530, -104495676331778315966103878903426756746782751559832590778320208167918354105239252984, 313487028995334947898311636710304215483174284192909621507259848084749105114501877738, -940461086986004843694934910130960536935174911605552562866377991416235400941073870784, 2821383260958014531084804730392977391776828852870305085288330868572682374018358087490, -8464149782874043593254414191179123737273094794718210049243386394365999464445347212744, 25392449348622130779763242573537754335704500856369219734486946760393903078116587538778, -76177348045866392339289727720614029254883935513536838376974415435773518603910854417424, 228532044137599177017869183161843620260192672429468873477950396616504174550854746854450, -685596132412797531053607549485533925771659749066123337127905490467879761130808607767704, 2056788397238392593160822648456607907297142710753803444771825072640373758348914557711818, -6170365191715177779482467945369835981855755059372277201091692420394590224959721141952864, 18511095575145533338447403836109532465495919032338565336827511666130708574705118363493410, -55533286725436600015342211508328646436345064805459163477587403808286001523767264965749864, 166599860176309800046026634524986037388749809833264425366971949044645756170605614647788858, -499799580528929400138079903574958308325678660333567145969335322373512771710424483444445104, 1499398741586788200414239710724875317295894442668249177644844917599689321528488729335492370, -4498196224760364601242719132174626736525400251339843012408212653757369977379896746010791224, 13494588674281093803728157396523881778851634600689719996171993763188713957728551354041001898, -40483766022843281411184472189571648475105771495409541906410692893399349924363376294140262144, 121451298068529844233553416568714951702419049872909389555021501887864465875445573346455299330, -364353894205589532700660249706144867661460620392089696336643352078926229831047608967434923784, 1093061682616768598101980749118434628092788802722992144353087749067444353902564604758442822938, -3279185047850305794305942247355303934495180291262422543745578632863664390526537369987604571984, 9837555143550917382917826742065911903919168639974159852609366669913655829217299221387365922290, -29512665430652752148753480226197735912624761452296264000573361552386292802927271887011202179544, 88537996291958256446260440678593208139608795421636360887210607742449529039332564106731815363978]
Predicted:    
[1, 0, -4, 18, -64, 210, -664, 2058, -6304, 19170, -58024, 175098, -527344, 1586130, -4766584, 19066335, -76265341, 305061363, -1220245453, 4880981811, -19523927245, 78095708979, -312382835917, 1249531343667, -4998125374669, 19992501498675, -79970005994701, 319880023978803, -1279520095915213, 5118080383660851, -20472321534643405, 81889286138573619, -327557144554294477, 1310228578217177907, -5240914312868711629, 20963657251474846515, -83854629005899386061, 335418516023597544243, -1341674064094390176973, 5366696256377560707891, -21466785025510242831565, 85867140102040971326259, -343468560408163885305037, 1373874241632655541220147, -5495496966530622164880589, 21981987866122488659522355, -87927951464489954638089421, 351711805857959818552357683, -1406847223431839274209430733, 5627388893727357096837722931, -22509555574909428387350891725, 90038222299637713549403566899, -360152889198550854197614267597, 1440611556794203416790457070387, -5762446227176813667161828281549, 23049784908707254668647313126195, -92199139634829018674589252504781, 368796558539316074698357010019123, -1475186234157264298793428040076493, 5900744936629057195173712160305971, -23602979746516228780694848641223885, 94411918986064915122779394564895539, -377647675944259660491117578259582157, 1510590703777038641964470313038328627, -6042362815108154567857881252153314509, 24169451260432618271431525008613258035, -96677805041730473085726100034453032141, 386711220166921892342904400137812128563, -1546844880667687569371617600551248514253, 6187379522670750277486470402204994057011, -24749518090683001109945881608819976228045, 98998072362732004439783526435279904912179, -395992289450928017759134105741119619648717, 1583969157803712071036536422964478478594867, -6335876631214848284146145691857913914379469, 25343506524859393136584582767431655657517875, -101374026099437572546338331069726622630071501, 405496104397750290185353324278906490520286003, -1621984417591001160741413297115625962081144013, 6487937670364004642965653188462503848324576051, -25951750681456018571862612753850015393298304205, 103807002725824074287450451015400061573193216819, -415228010903296297149801804061600246292772867277, 1660912043613185188599207216246400985171091469107, -6643648174452740754396828864985603940684365876429, 26574592697810963017587315459942415762737463505715, -106298370791243852070349261839769663050949854022861, 425193483164975408281397047359078652203799416091443, -1700773932659901633125588189436314608815197664365773, 6803095730639606532502352757745258435260790657463091, -27212382922558426130009411030981033741043162629852365, 108849531690233704520037644123924134964172650519409459, -435398126760934818080150576495696539856690602077637837, 1741592507043739272320602305982786159426762408310551347, -6966370028174957089282409223931144637707049633242205389, 27865480112699828357129636895724578550828198532968821555, -111461920450799313428518547582898314203312794131875286221, 445847681803197253714074190331593256813251176527501144883, -1783390727212789014856296761326373027253004706110004579533, 7133562908851156059425187045305492109012018824440018318131, -28534251635404624237700748181221968436048075297760073272525, 114137006541618496950802992724887873744192301191040293090099, -456548026166473987803211970899551494976769204764161172360397, 1826192104665895951212847883598205979907076819056644689441587, -7304768418663583804851391534392823919628307276226578757766349, 29219073674654335219405566137571295678513229104906315031065395, -116876294698617340877622264550285182714052916419625260124261581, 467505178794469363510489058201140730856211665678501040497046323, -1870020715177877454041956232804562923424846662714004161988185293, 7480082860711509816167824931218251693699386650856016647952741171, -29920331442846039264671299724873006774797546603424066591810964685, 119681325771384157058685198899492027099190186413696266367243858739, -478725303085536628234740795597968108396760745654785065468975434957, 1914901212342146512938963182391872433587042982619140261875901739827, -7659604849368586051755852729567489734348171930476561047503606959309, 30638419397474344207023410918269958937392687721906244190014427837235, -122553677589897376828093643673079835749570750887624976760057711348941, 490214710359589507312374574692319342998283003550499907040230845395763, -1960858841438358029249498298769277371993132014201999628160923381583053, 7843435365753432116997993195077109487972528056807998512643693526332211, -31373741463013728467991972780308437951890112227231994050574774105328845, 125494965852054913871967891121233751807560448908927976202299096421315379, -501979863408219655487871564484935007230241795635711904809196385685261517, 2007919453632878621951486257939740028920967182542847619236785542741046067, -8031677814531514487805945031758960115683868730171390476947142170964184269, 32126711258126057951223780127035840462735474920685561907788568683856737075, -128506845032504231804895120508143361850941899682742247631154274735426948301, 514027380130016927219580482032573447403767598730968990524617098941707793203, -2056109520520067708878321928130293789615070394923875962098468395766831172813, 8224438082080270835513287712521175158460281579695503848393873583067324691251, -32897752328321083342053150850084700633841126318782015393575494332269298765005, 131591009313284333368212603400338802535364505275128061574301977329077195060019, -526364037253137333472850413601355210141458021100512246297207909316308780240077, 2105456149012549333891401654405420840565832084402048985188831637265235120960307, -8421824596050197335565606617621683362263328337608195940755326549060940483841229, 33687298384200789342262426470486733449053313350432783763021306196243761935364915, -134749193536803157369049705881946933796213253401731135052085224784975047741459661, 538996774147212629476198823527787735184853013606924540208340899139900190965838643, -2155987096588850517904795294111150940739412054427698160833363596559600763863354573, 8623948386355402071619181176444603762957648217710792643333454386238403055453418291, -34495793545421608286476724705778415051830592870843170573333817544953612221813673165, 137983174181686433145906898823113660207322371483372682293335270179814448887254692659, -551932696726745732583627595292454640829289485933490729173341080719257795549018770637, 2207730786906982930334510381169818563317157943733962916693364322877031182196075082547, -8830923147627931721338041524679274253268631774935851666773457291508124728784300330189, 35323692590511726885352166098717097013074527099743406667093829166032498915137201320755, -141294770362046907541408664394868388052298108398973626668375316664129995660548805283021, 565179081448187630165634657579473552209192433595894506673501266656519982642195221132083, -2260716325792750520662538630317894208836769734383578026694005066626079930568780884528333, 9042865303171002082650154521271576835347078937534312106776020266504319722275123538113331, -36171461212684008330600618085086307341388315750137248427104081066017278889100494152453325, 144685844850736033322402472340345229365553263000548993708416324264069115556401976609813299, -578743379402944133289609889361380917462213052002195974833665297056276462225607906439253197, 2314973517611776533158439557445523669848852208008783899334661188225105848902431625757012787, -9259894070447106132633758229782094679395408832035135597338644752900423395609726503028051149, 37039576281788424530535032919128378717581635328140542389354579011601693582438906012112204595, -148158305127153698122140131676513514870326541312562169557418316046406774329755624048448818381, 592633220508614792488560526706054059481306165250248678229673264185627097319022496193795273523, -2370532882034459169954242106824216237925224661000994712918693056742508389276089984775181094093, 9482131528137836679816968427296864951700898644003978851674772226970033557104359939100724376371, -37928526112551346719267873709187459806803594576015915406699088907880134228417439756402897505485, 151714104450205386877071494836749839227214378304063661626796355631520536913669759025611590021939, -606856417800821547508285979346999356908857513216254646507185422526082147654679036102446360087757, 2427425671203286190033143917387997427635430052865018586028741690104328590618716144409785440351027, -9709702684813144760132575669551989710541720211460074344114966760417314362474864577639141761404109, 38838810739252579040530302678207958842166880845840297376459867041669257449899458310556567045616435, -155355242957010316162121210712831835368667523383361189505839468166677029799597833242226268182465741, 621420971828041264648484842851327341474670093533444758023357872666708119198391332968905072729862963, -2485683887312165058593939371405309365898680374133779032093431490666832476793565331875620290919451853, 9942735549248660234375757485621237463594721496535116128373725962667329907174261327502481163677807411, -39770942196994640937503029942484949854378885986140464513494903850669319628697045310009924654711229645, 159083768787978563750012119769939799417515543944561858053979615402677278514788181240039698618844918579, -636335075151914255000048479079759197670062175778247432215918461610709114059152724960158794475379674317, 2545340300607657020000193916319036790680248703112989728863673846442836456236610899840635177901518697267, -10181361202430628080000775665276147162720994812451958915454695385771345824946443599362540711606074789069, 40725444809722512320003102661104588650883979249807835661818781543085383299785774397450162846424299156275, -162901779238890049280012410644418354603535916999231342647275126172341533199143097589800651385697196625101, 651607116955560197120049642577673418414143667996925370589100504689366132796572390359202605542788786500403, -2606428467822240788480198570310693673656574671987701482356402018757464531186289561436810422171155146001613, 10425713871288963153920794281242774694626298687950805929425608075029858124745158245747241688684620584006451, -41702855485155852615683177124971098778505194751803223717702432300119432498980632982988966754738482336025805, 166811421940623410462732708499884395114020779007212894870809729200477729995922531931955867018953929344103219, -667245687762493641850930833999537580456083116028851579483238916801910919983690127727823468075815717376412877, 2668982751049974567403723335998150321824332464115406317932955667207643679934760510911293872303262869505651507, -10675931004199898269614893343992601287297329856461625271731822668830574719739042043645175489213051478022606029, 42703724016799593078459573375970405149189319425846501086927290675322298878956168174580701956852205912090424115, -170814896067198372313838293503881620596757277703386004347709162701289195515824672698322807827408823648361696461, 683259584268793489255353174015526482387029110813544017390836650805156782063298690793291231309635294593446785843, -2733038337075173957021412696062105929548116443254176069563346603220627128253194763173164925238541178373787143373, 10932153348300695828085650784248423718192465773016704278253386412882508513012779052692659700954164713495148573491, -43728613393202783312342603136993694872769863092066817113013545651530034052051116210770638803816658853980594293965, 174914453572811133249370412547974779491079452368267268452054182606120136208204464843082555215266635415922377175859, -699657814291244532997481650191899117964317809473069073808216730424480544832817859372330220861066541663689508703437, 2798631257164978131989926600767596471857271237892276295232866921697922179331271437489320883444266166654758034813747, -11194525028659912527959706403070385887429084951569105180931467686791688717325085749957283533777064666619032139254989, 44778100114639650111838825612281543549716339806276420723725870747166754869300342999829134135108258666476128557019955, -179112400458558600447355302449126174198865359225105682894903482988667019477201371999316536540433034665904514228079821, 716449601834234401789421209796504696795461436900422731579613931954668077908805487997266146161732138663618056912319283, -2865798407336937607157684839186018787181845747601690926318455727818672311635221951989064584646928554654472227649277133, 11463193629347750428630739356744075148727382990406763705273822911274689246540887807956258338587714218617888910597108531]
len(predicted_full) = 200, len(input_sequence + seq_pred) = 200
is_manual_check: False
