test results being evaluated: data/test_linrec15.tsv
csv file used: ../linear_database_newbl.csv
The sequence ID inspected: A083709
csv results file used: ../linear_database_newbl.csv
Results we are looking at now:
('Could you give me a recursive equation in a form of a Python code for the following number sequence: 1,0,4,5,13,17,33,41,66,82,117,142,191,226,290', 'Certainly, the Python code is the following: lambda a_n: a_n[-2] // 2 - -2 + a_n[-2] + n')

Experiment type: Evaluation of the results of llms.
Ground truth: 
[1, 0, 4, 5, 13, 17, 33, 41, 66, 82, 117, 142, 191, 226, 290, 339, 419, 483, 583, 663, 784, 884, 1027, 1148, 1317, 1460, 1656, 1825, 2049, 2245, 2501, 2725, 3014, 3270, 3593, 3882, 4243, 4566, 4966, 5327, 5767, 6167, 6651, 7091, 7620, 8104, 8679, 9208, 9833, 10408, 11084, 11709, 12437, 13113, 13897, 14625, 15466, 16250, 17149, 17990, 18951, 19850, 20874, 21835, 22923, 23947, 25103, 26191, 27416, 28572, 29867, 31092, 32461, 33756, 35200, 36569, 38089, 39533, 41133, 42653, 44334, 45934, 47697, 49378, 51227, 52990, 54926, 56775, 58799, 60735, 62851, 64875, 67084, 69200, 71503, 73712, 76113, 78416, 80916, 83317, 85917, 88417, 91121, 93721, 96530, 99234, 102149, 104958, 107983, 110898, 114034, 117059, 120307, 123443, 126807, 130055, 133536, 136900, 140499, 143980, 147701, 151300, 155144, 158865, 162833, 166677, 170773, 174741, 178966, 183062, 187417, 191642, 196131, 200486, 205110, 209599, 214359, 218983, 223883, 228643, 233684, 238584, 243767, 248808, 254137, 259320, 264796, 270125, 275749, 281225, 287001, 292625, 298554, 304330, 310413, 316342, 322583, 328666, 335066, 341307, 347867, 354267, 360991, 367551, 374440, 381164, 388219, 395108, 402333, 409388, 416784, 424009, 431577, 438973, 446717, 454285, 462206, 469950, 478049, 485970, 494251, 502350, 510814, 519095, 527743, 536207, 545043, 553691, 562716, 571552, 580767, 589792, 599201, 608416, 618020, 627429, 637229, 646833, 656833, 666633]
Predicted:    
[1, 0, 4, 5, 13, 17, 33, 41, 66, 82, 117, 142, 191, 226, 290, 356, 453, 553, 699, 850, 1070, 1298, 1629, 1972, 2469, 2985, 3731, 4506, 5626, 6790, 8471, 10218, 12740, 15362, 19146, 23080, 28757, 34659, 43175, 52029, 64804, 78086, 97250, 117174, 145921, 175808, 218929, 263761, 328443, 395692, 492716, 593591, 739128, 890441, 1108748, 1335718, 1663180, 2003636, 2494830, 3005515, 3742307, 4508335, 5613524, 6762567, 8420352, 10143917, 12630596, 15215944, 18945964, 22823987, 28419018, 34236053, 42628601, 51354154, 63942977, 77031308, 95914543, 115547041, 143871894, 173320642, 215807923, 259981046, 323711968, 389971654, 485568038, 584957568, 728352145, 877436441, 1092528307, 1316154752, 1638792552, 1974232221, 2458188922, 2961348426, 3687283479, 4442022736, 5530925316, 6663034203, 8296388074, 9994551405, 12444582213, 14991827210, 18666873423, 22487740920, 28000310240, 33731611487, 42000465468, 50597417339, 63000698312, 75896126119, 94501047580, 113844189291, 141751571484, 170766284051, 212627357342, 256149426193, 318941036131, 384224139408, 478411554316, 576336209233, 717617331596, 864504313972, 1076425997518, 1296756471083, 1614638996403, 1945134706751, 2421958494732, 2917702060255, 3632937742228, 4376553090513, 5449406613474, 6564829635902, 8174109920345, 9847244453988, 12261164880653, 14770866681119, 18391747321117, 22156300021817, 27587620981815, 33234450032866, 41381431472864, 49851675049442, 62072147209440, 74777512574308, 93108220814306, 112166268861609, 139662331221607, 168249403292562, 209493496832560, 252374104938994, 314240245248992, 378561157408644, 471360367873642, 567841736113121, 707040551810619, 851762604169838, 1060560827716086, 1277643906254916, 1590841241574289, 1916465859382535, 2386261862361595, 2874698789073965, 3579392793542556, 4312048183611112, 5369089190314000, 6468072275416835, 8053633785471168, 9702108413125421, 12080450678206922, 14553162619688302, 18120676017310555, 21829743929532626, 27181014025966006, 32744615894299114, 40771521038949185, 49116923841448848, 61157281558423955, 73675385762173451, 91735922337636112, 110513078643260357, 137603883506454350, 165769617964890718, 206405825259681709, 248654426947336262, 309608737889522749, 372981640421004580, 464413106834284311, 559472460631507059, 696619660251426656, 839208690947260779, 1044929490377140176, 1258813036420891361, 1567394235565710458, 1888219554631337236, 2351091353348565883, 2832329331947006051, 3526637030022849022, 4248493997920509275, 5289955545034273733, 6372740996880764113]
len(predicted_full) = 200, len(input_sequence + seq_pred) = 200
is_manual_check: False
