test results being evaluated: data/test_linrec15.tsv
csv file used: ../linear_database_newbl.csv
The sequence ID inspected: A085350
csv results file used: ../linear_database_newbl.csv
Results we are looking at now:
('Could you give me a recursive equation in a form of a Python code for the following number sequence: 1,5,23,101,431,1805,7463,30581,124511,504605,2038103,8211461,33022991,132623405,532087943', 'Certainly, the Python code is the following: lambda a_n: 5 * ( a_n[-1] ) - n - 3')

Experiment type: Evaluation of the results of llms.
Ground truth: 
[1, 5, 23, 101, 431, 1805, 7463, 30581, 124511, 504605, 2038103, 8211461, 33022991, 132623405, 532087943, 2133134741, 8546887871, 34230598205, 137051532983, 548593552421, 2195536471151, 8785632669005, 35152991029223, 140643345176501, 562667523884831, 2250952525075805, 9004657388912663, 36021171421478981, 144092311283400911, 576392121926058605, 2305637118081599303, 9222754363458491861, 36891635127230251391, 147568393529109857405, 590279133177005985143, 2361133209889723607141, 9444582871103993428271, 37778481579051270712205, 151114376600110973846183, 604458857252161568376821, 2417839481563799292483551, 9671370083920656226863005, 38685516808679002078238423, 154742176653705139825312901, 618969034871787953838329231, 2475877124258053998964549805, 9903511451344922546691897863, 39614054668317809839268687381, 158456245262085598314578037311, 633825060814785470130822012605, 2535300482558471111140817640503, 10141202648131872136415859332261, 40564812746221451621221203639791, 162259257445967695711558113491405, 649037049167116450526252350762343, 2596148254818202805145069093439541, 10384593193722022229700455444928671, 41538373298235721946162358993226205, 166153494762985786866731047613439383, 664613983762071844713169025375361221, 2658455949178673470591410606266255951, 10633823839105852157581845939359457005, 42535295483596883455975994300321127623, 170141182315907958300849808829934409301, 680564730408193106634236730205687333631, 2722258925066456246829459405480598423805, 10889035710566876448195375075895940963063, 43556142873170660175414112665504405655781, 174224571585392103849554287747779548033711, 696898286619696804841910662248403968366605, 2787593147313172387698723182765473202161703, 11150372591755845055788134332377464794732661, 44601490374532846738132262133456575137188191, 178405961520659786497468222945666448423525405, 713623846150224344624690415018186237318419543, 2854495384803652974403214229779306280146631941, 11417981539822878685326214628236909113205389071, 45671926161116315104444931640306688430678140205, 182687704649939661507199945943303909656282312583, 730750818616181849297060441919447106425838505621, 2923003274513997006993023742116482829105481788351, 11692013098203796857386440891782014526628310451005, 46768052393258613917788801337076307737132391696823, 187072209574364735135884318658149979840387016465701, 748288838301449778937724614562134166037120414898031, 2993155353217771630933460478037139404175198706697805, 11972621412907004069281527971514365836780945968108263, 47890485651735768913769170064154888007364237296384181, 191561942607266333565005854790911826010178309457390111, 766247770430035107989810942766524125982877318645120605, 3064991081723049753148606341874726969758001517027162903, 12259964326900926976162513079924799276511482795448693061, 49039857307629891795354315456976871298484361363814896591, 196159429230598118853530051239740507771252736001319959405, 784637716922628130430458573194461098816956815643460956743, 3138550867691219486770849397484341598463664877488387184341, 12554203470766998842230442904056858003442172354697178809471, 50216813883074358054362907558585906842531227953019605454205, 200867255532316520273775038061419051856412527414771092465783, 803469022129323345264070375726902480884512956467162381810021, 3213876088517465173563192173351288743914640366292883563080751, 12855504354070376071773500704736191436788327086444236359845005, 51422017416283050419656198852937875130542605209595051761946023, 205688069665136840076311383513730828672338311429834526015482101, 822752278660561275498305298360861299139856917493701060965022431, 3291009114642286847572400486361259149910938685297893114569371805, 13164036458569272627027139824198478459698287787160839070405333463, 52656145834277466218321172933054239418956750286551156118004872581, 210624583337110992003922532640997934416317798559928023981170106511, 842498333348447349407603653290334667886743586480882294452132274605, 3369993333393799541806155181340367462211391522647039773390884644103, 13479973333575228599751842429898556220838817620758690880310605213461, 53919893334301005696589034833205483999335025073546358881483620764991, 215679573337204296679101134673655713345279364065720221606658082793405, 862718293348818008394639524717124185424935247577485244668803130373943, 3450873173395274498613263056936000737831194364253754053401724919096741, 13803492693581105389557167101946514939719137578846455437786436869189871, 55213970774324443743541013030393595724059630680880139423684359055168205, 220855883097297841530101085989396990791787763820003510712353270955898983, 883423532389191565788215445561055786853798778569462901902260588029274421, 3533694129556766862156295087054626618475138284146198184767584864734133151, 14134776518227069245635480262649716887080382646189832470545966996787639005, 56539106072908282373572820793892498787861019113574449076610750600703875223, 226156424291633145667383982405450888870062542040743153889723650243475458501, 904625697166532631188814027311446236636105564922308688308736544495881706831, 3618502788666130670313090402314712990011988449967242971484472008549466445805, 14474011154664523117925864488465636090450652370702996540686465525895684638663, 57896044618658093781723966591482896753010705195314060126991594578676195120981, 231584178474632379056957392278792644185667107918762462400703575739985150182911, 926336713898529528018014146853753748263541293087568515281025895235781709828605, 3705346855594118147442610320630764507616783756587830058158738357770650166605303, 14821387422376472695882102482170306574154990779063988223738857761565170648293861, 59285549689505891101863393527622971927683530374393956868267144037708392538793391, 237142198758023565362458524907317124603924823271989839393003715125176699992027405, 948568795032094264314848952019744209095271398411201393331820277423736189478671143, 3794275180128377065854440365250403968419801909614531680606697360464032926446369141, 15177100720513508289202895132515897269795356586367305044265038194163396211380530271, 60708402882054033234166981544606433267529873189196755142574899033575378362307282205, 242833611528216133168734129222054265635164833287969625466843834905066893999584612183, 971334446112864533371135126019102660235795354745426316557008055932563717649404898821, 3885337784451458135573136331469067434028589483762348710296930372667143295550818945551, 15541351137805832548558332808054240115370582129391325173394415937479238457062873833005, 62165404551223330213030693678750871599251001100591091690197747090348949652830289484423, 248661618204893320908514862054605219810310022151441739750651238382691786085057540394901, 994646472819573283803235710237226079481158141852999077972185703594655106761439308951231, 3978585891278293135720471627005319918644386727153692668797485064570284314309384677919805, 15914343565113172544404472866190526476736809387839859745916167008856128919028421038023863, 63657374260452690182185650539269846313425024989034706195843348287149490661486331131129381, 254629497041810760742445879380602606473133462269164626419909433903772887602063265461619311, 1018517988167243043010893349192980089550833936015735910589245857880616325276606884657782605, 4074071952668972172166902891783629349178236004880175857085807798319039625711489007065046503, 16296287810675888689037600052169644369637644801972400072529704293665881476661140433561934261, 65185151242703554757260365663783958397324681555244690222678236475832694828090114950152981791, 260740604970814219032371359020451976345621033263044030688391203806838286076697119448327661405, 1042962419883256876139475125177756333651451054178371932146599588937875664599798456736457848343, 4171849679533027504587869567998870619412704980092075156765502676883070219278223763775273001541, 16687398718132110018441385473859018332071522210504062911599323670926983559749984865589416830671, 66749594872528440074035263501026680891548195712423538500009233573892042286911208893822641796205, 266998379490113760296950218820878546255979103460916014560872750966120493291378643869685490605383, 1067993517960455041190228369733829653093275375677329639925998453876138945596716000361926732683221, 4271974071841820164768195962286265016581178388210315304751516165539526699680468276097261241517951, 17087896287367280659094631299197899278948944209344251454148631712263019550602685928337707898427005, 68351585149469122636444067546950114753668468806885976522022227999366816458053182185196820390773623, 273406340597876490545972897238276011928291951136070818204372015448411480599140044156325247954291301, 1093625362391505962184481470104530706454022032269864009166337372146478566697342122871914890990755631, 4374501449566023848739695523872402802038650812256198245711897419644412199691714330227501261483793805, 17498005798264095394964091025852451136822291298555019609987233471753142597473894837129530138497489063, 69992023193056381579872290894498324333292229342810758321367865266539051786016691897176695831676897781, 279968092772225526319536943951258856691178109817015072929728255204735651332430105234682509159768415711, 1119872371088902105278291116924832104838740016605376410651683403234680937894810433876657214138256136605, 4479489484355608421113594491058718453577042798433453999405044760185938749274511774320410389050571967703, 17917957937422433684455668034313043916974419389769661068015112482485399990183857213722986153694930134661, 71671831749689734737826542347486685975896422147186179483245250255166534939992859204215978407257647330191, 286687326998758938951317780020650274827581922353067323566535401996340944697743727864836015006464369695405, 1146749307995035755805305951974711692082316390705237111166804810912388193604291784603260364158158819905543, 4586997231980143023221328303575178546645231666699851895369208852430626018857117757844790369029539302993941, 18347988927920572092885626701329709521528824978436117933582804236065723808748322889674408213308869282091071, 73391955711682288371543447266405824090958994848654602790649123423292554434952847133583373064807613338710205, 293567822846729153486176610448884254378367064199348804331550213130259195339690055258990712893946861985878583, 1174271291386916613944714905945319891557061511211586396833062010832303714158396221209934513479936673836627621, 4697085165547666455778885016230628188359025808088919125852831518263015655032492885361653039632194373025850351, 18788340662190665823115616242270558619828442522083397118973076497853465015326695543012357115666120525141421005, 75153362648762663292462693501126372078490787957516750322577557265818067246896954176746663334076511199679742823, 300613450595050653169851459600637901111494205437616486830365982886484890544358332721078357950542132096061147701, 1202453802380202612679407895190948842838569982573114403941631193015577426847744878926588545644876790276271120031, 4809815209520810450717637751128987086532059412760402985627026556471223301401914159833179524107631946781164067805, 19239260838083241802870569515611523491661576098445448052089611579111633987640460571713194121014902144152895034263, 76957043352332967211482333595732819403246319735993300537102962376126758296660254083994204557812731647696296426181, 307828173409331868845929500982791453922785324970607727134645397683547700224936251727401102452510295804039334572111, 1231312693637327475383718503730746344620541437962334483497282235271312802014630713083877262473819290855919784890605, 4925250774549309901534875514321726965270366166089048658865230874696617211403179970858327607886611486342966479368903, 19701003098197239606139506555483132621446065907075326810089229299620566855646691239001766105520448914129727936895061, 78804012392788958424558039716521204766878067356458703764241834600984561452688679022712431444003804562792497805838591, 315216049571155833698232199349850841910793680610307004628622090611445127901060458290965826841781244969990749398129405, 1260864198284623334792928918850701436173018955994644587229452619068301157875159059764211610564423060036425272116842743, 5043456793138493339171716039756699950281608524638828055062703246140766570313387918857891351849586480615087912040346341, 20173827172553973356686865252088482417895032200536061338685491294165752097691806714834700136174028643868512118880311471, 80695308690215893426747464287538977521885923108086492710046000105471065840081991977548204731023162739698529887678024205, 322781234760863573706989866987711053638461075350172712906096105208308435708272263264821031483073795451467563787182431783, 1291124939043454294827959497463509645206596450154171077822120735192506259876921939123168763609238615283890587858140732021]
Predicted:    
[1, 5, 23, 101, 431, 1805, 7463, 30581, 124511, 504605, 2038103, 8211461, 33022991, 132623405, 532087943, 2660439697, 13302198466, 66510992310, 332554961529, 1662774807623, 8313874038092, 41569370190436, 207846850952155, 1039234254760749, 5196171273803718, 25980856369018562, 129904281845092781, 649521409225463875, 3247607046127319344, 16238035230636596688, 81190176153182983407, 405950880765914917001, 2029754403829574584970, 10148772019147872924814, 50743860095739364624033, 253719300478696823120127, 1268596502393484115600596, 6342982511967420578002940, 31714912559837102890014659, 158574562799185514450073253, 792872813995927572250366222, 3964364069979637861251831066, 19821820349898189306259155285, 99109101749490946531295776379, 495545508747454732656478881848, 2477727543737273663282394409192, 12388637718686368316411972045911, 61943188593431841582059860229505, 309715942967159207910299301147474, 1548579714835796039551496505737318, 7742898574178980197757482528686537, 38714492870894900988787412643432631, 193572464354474504943937063217163100, 967862321772372524719685316085815444, 4839311608861862623598426580429077163, 24196558044309313117992132902145385757, 120982790221546565589960664510726928726, 604913951107732827949803322553634643570, 3024569755538664139749016612768173217789, 15122848777693320698745083063840866088883, 75614243888466603493725415319204330444352, 378071219442333017468627076596021652221696, 1890356097211665087343135382980108261108415, 9451780486058325436715676914900541305542009, 47258902430291627183578384574502706527709978, 236294512151458135917891922872513532638549822, 1181472560757290679589459614362567663192749041, 5907362803786453397947298071812838315963745135, 29536814018932266989736490359064191579818725604, 147684070094661334948682451795320957899093627948, 738420350473306674743412258976604789495468139667, 3692101752366533373717061294883023947477340698261, 18460508761832666868585306474415119737386703491230, 92302543809163334342926532372075598686933517456074, 461512719045816671714632661860377993434667587280293, 2307563595229083358573163309301889967173337936401387, 11537817976145416792865816546509449835866689682006856, 57689089880727083964329082732547249179333448410034200, 288445449403635419821645413662736245896667242050170919, 1442227247018177099108227068313681229483336210250854513, 7211136235090885495541135341568406147416681051254272482, 36055681175454427477705676707842030737083405256271362326, 180278405877272137388528383539210153685417026281356811545, 901392029386360686942641917696050768427085131406784057639, 4506960146931803434713209588480253842135425657033920288108, 22534800734659017173566047942401269210677128285169601440452, 112674003673295085867830239712006346053385641425848007202171, 563370018366475429339151198560031730266928207129240036010765, 2816850091832377146695755992800158651334641035646200180053734, 14084250459161885733478779964000793256673205178231000900268578, 70421252295809428667393899820003966283366025891155004501342797, 352106261479047143336969499100019831416830129455775022506713891, 1760531307395235716684847495500099157084150647278875112533569360, 8802656536976178583424237477500495785420753236394375562667846704, 44013282684880892917121187387502478927103766181971877813339233423, 220066413424404464585605936937512394635518830909859389066696167017, 1100332067122022322928029684687561973177594154549296945333480834986, 5501660335610111614640148423437809865887970772746484726667404174830, 27508301678050558073200742117189049329439853863732423633337020874049, 137541508390252790366003710585945246647199269318662118166685104370143, 687707541951263951830018552929726233235996346593310590833425521850612, 3438537709756319759150092764648631166179981732966552954167127609252956, 17192688548781598795750463823243155830899908664832764770835638046264675, 85963442743907993978752319116215779154499543324163823854178190231323269, 429817213719539969893761595581078895772497716620819119270890951156616238, 2149086068597699849468807977905394478862488583104095596354454755783081082, 10745430342988499247344039889526972394312442915520477981772273778915405301, 53727151714942496236720199447634861971562214577602389908861368894577026395, 268635758574712481183600997238174309857811072888011949544306844472885131864, 1343178792873562405918004986190871549289055364440059747721534222364425659208, 6715893964367812029590024930954357746445276822200298738607671111822128295927, 33579469821839060147950124654771788732226384111001493693038355559110641479521, 167897349109195300739750623273858943661131920555007468465191777795553207397490, 839486745545976503698753116369294718305659602775037342325958888977766036987334, 4197433727729882518493765581846473591528298013875186711629794444888830184936553, 20987168638649412592468827909232367957641490069375933558148972224444150924682647, 104935843193247062962344139546161839788207450346879667790744861122220754623413116, 524679215966235314811720697730809198941037251734398338953724305611103773117065460, 2623396079831176574058603488654045994705186258671991694768621528055518865585327179, 13116980399155882870293017443270229973525931293359958473843107640277594327926635773, 65584901995779414351465087216351149867629656466799792369215538201387971639633178742, 327924509978897071757325436081755749338148282333998961846077691006939858198165893586, 1639622549894485358786627180408778746690741411669994809230388455034699290990829467805, 8198112749472426793933135902043893733453707058349974046151942275173496454954147338899, 40990563747362133969665679510219468667268535291749870230759711375867482274770736694368, 204952818736810669848328397551097343336342676458749351153798556879337411373853683471712, 1024764093684053349241641987755486716681713382293746755768992784396687056869268417358431, 5123820468420266746208209938777433583408566911468733778844963921983435284346342086792025, 25619102342101333731041049693887167917042834557343668894224819609917176421731710433959994, 128095511710506668655205248469435839585214172786718344471124098049585882108658552169799838, 640477558552533343276026242347179197926070863933591722355620490247929410543292760848999057, 3202387792762666716380131211735895989630354319667958611778102451239647052716463804244995151, 16011938963813333581900656058679479948151771598339793058890512256198235263582319021224975620, 80059694819066667909503280293397399740758857991698965294452561280991176317911595106124877964, 400298474095333339547516401466986998703794289958494826472262806404955881589557975530624389683, 2001492370476666697737582007334934993518971449792474132361314032024779407947789877653121948277, 10007461852383333488687910036674674967594857248962370661806570160123897039738949388265609741246, 50037309261916667443439550183373374837974286244811853309032850800619485198694746941328048706090, 250186546309583337217197750916866874189871431224059266545164254003097425993473734706640243530309, 1250932731547916686085988754584334370949357156120296332725821270015487129967368673533201217651403, 6254663657739583430429943772921671854746785780601481663629106350077435649836843367666006088256872, 31273318288697917152149718864608359273733928903007408318145531750387178249184216838330030441284216, 156366591443489585760748594323041796368669644515037041590727658751935891245921084191650152206420935, 781832957217447928803742971615208981843348222575185207953638293759679456229605420958250761032104529, 3909164786087239644018714858076044909216741112875926039768191468798397281148027104791253805160522498, 19545823930436198220093574290380224546083705564379630198840957343991986405740135523956269025802612342, 97729119652180991100467871451901122730418527821898150994204786719959932028700677619781345129013061561, 488645598260904955502339357259505613652092639109490754971023933599799660143503388098906725645065307655, 2443227991304524777511696786297528068260463195547453774855119667998998300717516940494533628225326538124, 12216139956522623887558483931487640341302315977737268874275598339994991503587584702472668141126632690468, 61080699782613119437792419657438201706511579888686344371377991699974957517937923512363340705633163452187, 305403498913065597188962098287191008532557899443431721856889958499874787589689617561816703528165817260781, 1527017494565327985944810491435955042662789497217158609284449792499373937948448087809083517640829086303750, 7635087472826639929724052457179775213313947486085793046422248962496869689742240439045417588204145431518594, 38175437364133199648620262285898876066569737430428965232111244812484348448711202195227087941020727157592813, 190877186820665998243101311429494380332848687152144826160556224062421742243556010976135439705103635787963907, 954385934103329991215506557147471901664243435760724130802781120312108711217780054880677198525518178939819376, 4771929670516649956077532785737359508321217178803620654013905601560543556088900274403385992627590894699096720, 23859648352583249780387663928686797541606085894018103270069528007802717780444501372016929963137954473495483439, 119298241762916248901938319643433987708030429470090516350347640039013588902222506860084649815689772367477417033, 596491208814581244509691598217169938540152147350452581751738200195067944511112534300423249078448861837387085002, 2982456044072906222548457991085849692700760736752262908758691000975339722555562671502116245392244309186935424846, 14912280220364531112742289955429248463503803683761314543793455004876698612777813357510581226961221545934677124065, 74561401101822655563711449777146242317519018418806572718967275024383493063889066787552906134806107729673385620159, 372807005509113277818557248885731211587595092094032863594836375121917465319445333937764530674030538648366928100628, 1864035027545566389092786244428656057937975460470164317974181875609587326597226669688822653370152693241834640502972, 9320175137727831945463931222143280289689877302350821589870909378047936632986133348444113266850763466209173202514691, 46600875688639159727319656110716401448449386511754107949354546890239683164930666742220566334253817331045866012573285, 233004378443195798636598280553582007242246932558770539746772734451198415824653333711102831671269086655229330062866254, 1165021892215978993182991402767910036211234662793852698733863672255992079123266668555514158356345433276146650314331098, 5825109461079894965914957013839550181056173313969263493669318361279960395616333342777570791781727166380733251571655317, 29125547305399474829574785069197750905280866569846317468346591806399801978081666713887853958908635831903666257858276411, 145627736526997374147873925345988754526404332849231587341732959031999009890408333569439269794543179159518331289291381880, 728138682634986870739369626729943772632021664246157936708664795159995049452041667847196348972715895797591656446456909224, 3640693413174934353696848133649718863160108321230789683543323975799975247260208339235981744863579478987958282232284545943, 18203467065874671768484240668248594315800541606153948417716619878999876236301041696179908724317897394939791411161422729537, 91017335329373358842421203341242971579002708030769742088583099394999381181505208480899543621589486974698957055807113647506, 455086676646866794212106016706214857895013540153848710442915496974996905907526042404497718107947434873494785279035568237350, 2275433383234333971060530083531074289475067700769243552214577484874984529537630212022488590539737174367473926395177841186569, 11377166916171669855302650417655371447375338503846217761072887424374922647688151060112442952698685871837369631975889205932663, 56885834580858349276513252088276857236876692519231088805364437121874613238440755300562214763493429359186848159879446029663132, 284429172904291746382566260441384286184383462596155444026822185609373066192203776502811073817467146795934240799397230148315476, 1422145864521458731912831302206921430921917312980777220134110928046865330961018882514055369087335733979671203996986150741577195, 7110729322607293659564156511034607154609586564903886100670554640234326654805094412570276845436678669898356019984930753707885789, 35553646613036468297820782555173035773047932824519430503352773201171633274025472062851384227183393349491780099924653768539428758, 177768233065182341489103912775865178865239664122597152516763866005858166370127360314256921135916966747458900499623268842697143602, 888841165325911707445519563879325894326198320612985762583819330029290831850636801571284605679584833737294502498116344213485717821, 4444205826629558537227597819396629471630991603064928812919096650146454159253184007856423028397924168686472512490581721067428588915, 22221029133147792686137989096983147358154958015324644064595483250732270796265920039282115141989620843432362562452908605337142944384, 111105145665738963430689945484915736790774790076623220322977416253661353981329600196410575709948104217161812812264543026685714721728, 555525728328694817153449727424578683953873950383116101614887081268306769906648000982052878549740521085809064061322715133428573608447, 2777628641643474085767248637122893419769369751915580508074435406341533849533240004910264392748702605429045320306613575667142868042041, 13888143208217370428836243185614467098846848759577902540372177031707669247666200024551321963743513027145226601533067878335714340210010, 69440716041086852144181215928072335494234243797889512701860885158538346238331000122756609818717565135726133007665339391678571701049854, 347203580205434260720906079640361677471171218989447563509304425792691731191655000613783049093587825678630665038326696958392858505249073, 1736017901027171303604530398201808387355856094947237817546522128963458655958275003068915245467939128393153325191633484791964292526245167, 8680089505135856518022651991009041936779280474736189087732610644817293279791375015344576227339695641965766625958167423959821462631225636, 43400447525679282590113259955045209683896402373680945438663053224086466398956875076722881136698478209828833129790837119799107313156127980, 217002237628396412950566299775226048419482011868404727193315266120432331994784375383614405683492391049144165648954185598995536565780639699, 1085011188141982064752831498876130242097410059342023635966576330602161659973921876918072028417461955245720828244770927994977682828903198293]
len(predicted_full) = 200, len(input_sequence + seq_pred) = 200
is_manual_check: False
