test results being evaluated: data/test_linrec15.tsv
csv file used: ../linear_database_newbl.csv
The sequence ID inspected: A087289
csv results file used: ../linear_database_newbl.csv
Results we are looking at now:
('Could you give me a recursive equation in a form of a Python code for the following number sequence: 3,9,33,129,513,2049,8193,32769,131073,524289,2097153,8388609,33554433,134217729,536870913', 'Certainly, the Python code is the following: lambda a_n: ( 5 ) - 4 // 9 + abs( a_n[-1] ) * 4')

Experiment type: Evaluation of the results of llms.
Ground truth: 
[3, 9, 33, 129, 513, 2049, 8193, 32769, 131073, 524289, 2097153, 8388609, 33554433, 134217729, 536870913, 2147483649, 8589934593, 34359738369, 137438953473, 549755813889, 2199023255553, 8796093022209, 35184372088833, 140737488355329, 562949953421313, 2251799813685249, 9007199254740993, 36028797018963969, 144115188075855873, 576460752303423489, 2305843009213693953, 9223372036854775809, 36893488147419103233, 147573952589676412929, 590295810358705651713, 2361183241434822606849, 9444732965739290427393, 37778931862957161709569, 151115727451828646838273, 604462909807314587353089, 2417851639229258349412353, 9671406556917033397649409, 38685626227668133590597633, 154742504910672534362390529, 618970019642690137449562113, 2475880078570760549798248449, 9903520314283042199192993793, 39614081257132168796771975169, 158456325028528675187087900673, 633825300114114700748351602689, 2535301200456458802993406410753, 10141204801825835211973625643009, 40564819207303340847894502572033, 162259276829213363391578010288129, 649037107316853453566312041152513, 2596148429267413814265248164610049, 10384593717069655257060992658440193, 41538374868278621028243970633760769, 166153499473114484112975882535043073, 664613997892457936451903530140172289, 2658455991569831745807614120560689153, 10633823966279326983230456482242756609, 42535295865117307932921825928971026433, 170141183460469231731687303715884105729, 680564733841876926926749214863536422913, 2722258935367507707706996859454145691649, 10889035741470030830827987437816582766593, 43556142965880123323311949751266331066369, 174224571863520493293247799005065324265473, 696898287454081973172991196020261297061889, 2787593149816327892691964784081045188247553, 11150372599265311570767859136324180752990209, 44601490397061246283071436545296723011960833, 178405961588244985132285746181186892047843329, 713623846352979940529142984724747568191373313, 2854495385411919762116571938898990272765493249, 11417981541647679048466287755595961091061972993, 45671926166590716193865151022383844364247891969, 182687704666362864775460604089535377456991567873, 730750818665451459101842416358141509827966271489, 2923003274661805836407369665432566039311865085953, 11692013098647223345629478661730264157247460343809, 46768052394588893382517914646921056628989841375233, 187072209578355573530071658587684226515959365500929, 748288838313422294120286634350736906063837462003713, 2993155353253689176481146537402947624255349848014849, 11972621413014756705924586149611790497021399392059393, 47890485652059026823698344598447161988085597568237569, 191561942608236107294793378393788647952342390272950273, 766247770432944429179173513575154591809369561091801089, 3064991081731777716716694054300618367237478244367204353, 12259964326927110866866776217202473468949912977468817409, 49039857307708443467467104868809893875799651909875269633, 196159429230833773869868419475239575503198607639501078529, 784637716923335095479473677900958302012794430558004314113, 3138550867693340381917894711603833208051177722232017256449, 12554203470773361527671578846415332832204710888928069025793, 50216813883093446110686315385661331328818843555712276103169, 200867255532373784442745261542645325315275374222849104412673, 803469022129495137770981046170581301261101496891396417650689, 3213876088517980551083924184682325205044405987565585670602753, 12855504354071922204335696738729300820177623950262342682411009, 51422017416287688817342786954917203280710495801049370729644033, 205688069665150755269371147819668813122841983204197482918576129, 822752278660603021077484591278675252491367932816789931674304513, 3291009114642412084309938365114701009965471731267159726697218049, 13164036458569648337239753460458804039861886925068638906788872193, 52656145834278593348959013841835216159447547700274555627155488769, 210624583337114373395836055367340864637790190801098222508621955073, 842498333348457493583344221469363458551160763204392890034487820289, 3369993333393829974333376885877453834204643052817571560137951281153, 13479973333575319897333507543509815336818572211270286240551805124609, 53919893334301279589334030174039261347274288845081144962207220498433, 215679573337205118357336120696157045389097155380324579848828881993729, 862718293348820473429344482784628181556388621521298319395315527974913, 3450873173395281893717377931138512726225554486085193277581262111899649, 13803492693581127574869511724554050904902217944340773110325048447598593, 55213970774324510299478046898216203619608871777363092441300193790394369, 220855883097298041197912187592864814478435487109452369765200775161577473, 883423532389192164791648750371459257913741948437809479060803100646309889, 3533694129556768659166595001485837031654967793751237916243212402585239553, 14134776518227074636666380005943348126619871175004951664972849610340958209, 56539106072908298546665520023773392506479484700019806659891398441363832833, 226156424291633194186662080095093570025917938800079226639565593765455331329, 904625697166532776746648320380374280103671755200316906558262375061821325313, 3618502788666131106986593281521497120414687020801267626233049500247285301249, 14474011154664524427946373126085988481658748083205070504932198000989141204993, 57896044618658097711785492504343953926634992332820282019728792003956564819969, 231584178474632390847141970017375815706539969331281128078915168015826259279873, 926336713898529563388567880069503262826159877325124512315660672063305037119489, 3705346855594118253554271520278013051304639509300498049262642688253220148477953, 14821387422376473014217086081112052205218558037201992197050570753012880593911809, 59285549689505892056868344324448208820874232148807968788202283012051522375647233, 237142198758023568227473377297792835283496928595231875152809132048206089502588929, 948568795032094272909893509191171341133987714380927500611236528192824358010355713, 3794275180128377091639574036764685364535950857523710002444946112771297432041422849, 15177100720513508366558296147058741458143803430094840009779784451085189728165691393, 60708402882054033466233184588234965832575213720379360039119137804340758912662765569, 242833611528216133864932738352939863330300854881517440156476551217363035650651062273, 971334446112864535459730953411759453321203419526069760625906204869452142602604249089, 3885337784451458141838923813647037813284813678104279042503624819477808570410416996353, 15541351137805832567355695254588151253139254712417116170014499277911234281641667985409, 62165404551223330269422781018352605012557018849668464680057997111644937126566671941633, 248661618204893321077691124073410420050228075398673858720231988446579748506266687766529, 994646472819573284310764496293641680200912301594695434880927953786318994025066751066113, 3978585891278293137243057985174566720803649206378781739523711815145275976100267004264449, 15914343565113172548972231940698266883214596825515126958094847260581103904401068017057793, 63657374260452690195888927762793067532858387302060507832379389042324415617604272068231169, 254629497041810760783555711051172270131433549208242031329517556169297662470417088272924673, 1018517988167243043134222844204689080525734196832968125318070224677190649881668353091698689, 4074071952668972172536891376818756322102936787331872501272280898708762599526673412366794753, 16296287810675888690147565507275025288411747149327490005089123594835050398106693649467179009, 65185151242703554760590262029100101153646988597309960020356494379340201592426774597868716033, 260740604970814219042361048116400404614587954389239840081425977517360806369707098391474864129, 1042962419883256876169444192465601618458351817556959360325703910069443225478828393565899456513, 4171849679533027504677776769862406473833407270227837441302815640277772901915313574263597826049, 16687398718132110018711107079449625895333629080911349765211262561111091607661254297054391304193, 66749594872528440074844428317798503581334516323645399060845050244444366430645017188217565216769, 266998379490113760299377713271194014325338065294581596243380200977777465722580068752870260867073, 1067993517960455041197510853084776057301352261178326384973520803911109862890320275011481043468289, 4271974071841820164790043412339104229205409044713305539894083215644439451561281100045924173873153, 17087896287367280659160173649356416916821636178853222159576332862577757806245124400183696695492609, 68351585149469122636640694597425667667286544715412888638305331450311031224980497600734786781970433, 273406340597876490546562778389702670669146178861651554553221325801244124899921990402939147127881729, 1093625362391505962186251113558810682676584715446606218212885303204976499599687961611756588511526913, 4374501449566023848745004454235242730706338861786424872851541212819905998398751846447026354046107649, 17498005798264095394980017816940970922825355447145699491406164851279623993595007385788105416184430593, 69992023193056381579920071267763883691301421788582797965624659405118495974380029543152421664737722369, 279968092772225526319680285071055534765205687154331191862498637620473983897520118172609686658950889473, 1119872371088902105278721140284222139060822748617324767449994550481895935590080472690438746635803557889, 4479489484355608421114884561136888556243290994469299069799978201927583742360321890761754986543214231553, 17917957937422433684459538244547554224973163977877196279199912807710334969441287563047019946172856926209, 71671831749689734737838152978190216899892655911508785116799651230841339877765150252188079784691427704833, 286687326998758938951352611912760867599570623646035140467198604923365359511060601008752319138765710819329, 1146749307995035755805410447651043470398282494584140561868794419693461438044242404035009276555062843277313, 4586997231980143023221641790604173881593129978336562247475177678773845752176969616140037106220251373109249, 18347988927920572092886567162416695526372519913346248989900710715095383008707878464560148424881005492436993, 73391955711682288371546268649666782105490079653384995959602842860381532034831513858240593699524021969747969, 293567822846729153486185074598667128421960318613539983838411371441526128139326055432962374798096087878991873, 1174271291386916613944740298394668513687841274454159935353645485766104512557304221731849499192384351515967489, 4697085165547666455778961193578674054751365097816639741414581943064418050229216886927397996769537406063869953, 18788340662190665823115844774314696219005460391266558965658327772257672200916867547709591987078149624255479809, 75153362648762663292463379097258784876021841565066235862633311089030688803667470190838367948312598497021919233, 300613450595050653169853516389035139504087366260264943450533244356122755214669880763353471793250393988087676929, 1202453802380202612679414065556140558016349465041059773802132977424491020858679523053413887173001575952350707713, 4809815209520810450717656262224562232065397860164239095208531909697964083434718092213655548692006303809402830849, 19239260838083241802870625048898248928261591440656956380834127638791856333738872368854622194768025215237611323393, 76957043352332967211482500195592995713046365762627825523336510555167425334955489475418488779072100860950445293569, 307828173409331868845930000782371982852185463050511302093346042220669701339821957901673955116288403443801781174273, 1231312693637327475383720003129487931408741852202045208373384168882678805359287831606695820465153613775207124697089, 4925250774549309901534880012517951725634967408808180833493536675530715221437151326426783281860614455100828498788353, 19701003098197239606139520050071806902539869635232723333974146702122860885748605305707133127442457820403313995153409, 78804012392788958424558080200287227610159478540930893335896586808491443542994421222828532509769831281613255980613633, 315216049571155833698232320801148910440637914163723573343586347233965774171977684891314130039079325126453023922454529, 1260864198284623334792929283204595641762551656654894293374345388935863096687910739565256520156317300505812095689818113, 5043456793138493339171717132818382567050206626619577173497381555743452386751642958261026080625269202023248382759272449, 20173827172553973356686868531273530268200826506478308693989526222973809547006571833044104322501076808092993531037089793, 80695308690215893426747474125094121072803306025913234775958104891895238188026287332176417290004307232371974124148359169, 322781234760863573706989896500376484291213224103652939103832419567580952752105149328705669160017228929487896496593436673, 1291124939043454294827959586001505937164852896414611756415329678270323811008420597314822676640068915717951585986373746689]
Predicted:    
[3, 9, 33, 129, 513, 2049, 8193, 32769, 131073, 524289, 2097153, 8388609, 33554433, 134217729, 536870913, 2147483657, 8589934633, 34359738537, 137438954153, 549755816617, 2199023266473, 8796093065897, 35184372263593, 140737489054377, 562949956217513, 2251799824870057, 9007199299480233, 36028797197920937, 144115188791683753, 576460755166735017, 2305843020666940073, 9223372082667760297, 36893488330671041193, 147573953322684164777, 590295813290736659113, 2361183253162946636457, 9444733012651786545833, 37778932050607146183337, 151115728202428584733353, 604462912809714338933417, 2417851651238857355733673, 9671406604955429422934697, 38685626419821717691738793, 154742505679286870766955177, 618970022717147483067820713, 2475880090868589932271282857, 9903520363474359729085131433, 39614081453897438916340525737, 158456325815589755665362102953, 633825303262359022661448411817, 2535301213049436090645793647273, 10141204852197744362583174589097, 40564819408790977450332698356393, 162259277635163909801330793425577, 649037110540655639205323173702313, 2596148442162622556821292694809257, 10384593768650490227285170779237033, 41538375074601960909140683116948137, 166153500298407843636562732467792553, 664614001193631374546250929871170217, 2658456004774525498185003719484680873, 10633824019098101992740014877938723497, 42535296076392407970960059511754893993, 170141184305569631883840238047019575977, 680564737222278527535360952188078303913, 2722258948889114110141443808752313215657, 10889035795556456440565775235009252862633, 43556143182225825762263100940037011450537, 174224572728903303049052403760148045802153, 696898290915613212196209615040592183208617, 2787593163662452848784838460162368732834473, 11150372654649811395139353840649474931337897, 44601490618599245580557415362597899725351593, 178405962474396982322229661450391598901406377, 713623849897587929288918645801566395605625513, 2854495399590351717155674583206265582422502057, 11417981598361406868622698332825062329690008233, 45671926393445627474490793331300249318760032937, 182687705573782509897963173325200997275040131753, 730750822295130039591852693300803989100160527017, 2923003289180520158367410773203215956400642108073, 11692013156722080633469643092812863825602568432297, 46768052626888322533878572371251455302410273729193, 187072210507553290135514289485005821209641094916777, 748288842030213160542057157940023284838564379667113, 2993155368120852642168228631760093139354257518668457, 11972621472483410568672914527040372557417030074673833, 47890485889933642274691658108161490229668120298695337, 191561943559734569098766632432645960918672481194781353, 766247774238938276395066529730583843674689924779125417, 3064991096955753105580266118922335374698759699116501673, 12259964387823012422321064475689341498795038796466006697, 49039857551292049689284257902757365995180155185864026793, 196159430205168198757137031611029463980720620743456107177, 784637720820672795028548126444117855922882482973824428713, 3138550883282691180114192505776471423691529931895297714857, 12554203533130764720456770023105885694766119727581190859433, 50216814132523058881827080092423542779064478910324763437737, 200867256530092235527308320369694171116257915641299053750953, 803469026120368942109233281478776684465031662565196215003817, 3213876104481475768436933125915106737860126650260784860015273, 12855504417925903073747732503660426951440506601043139440061097, 51422017671703612294990930014641707805762026404172557760244393, 205688070686814449179963720058566831223048105616690231040977577, 822752282747257796719854880234267324892192422466760924163910313, 3291009130989031186879419520937069299568769689867043696655641257, 13164036523956124747517678083748277198275078759468174786622565033, 52656146095824498990070712334993108793100315037872699146490260137, 210624584383297995960282849339972435172401260151490796585961040553, 842498337533191983841131397359889740689605040605963186343844162217, 3369993350132767935364525589439558962758420162423852745375376648873, 13479973400531071741458102357758235851033680649695410981501506595497, 53919893602124286965832409431032943404134722598781643926006026381993, 215679574408497147863329637724131773616538890395126575704024105527977, 862718297633988591453318550896527094466155561580506302816096422111913, 3450873190535954365813274203586108377864622246322025211264385688447657, 13803492762143817463253096814344433511458488985288100845057542753790633, 55213971048575269853012387257377734045833955941152403380230171015162537, 220855884194301079412049549029510936183335823764609613520920684060650153, 883423536777204317648198196118043744733343295058438454083682736242600617, 3533694147108817270592792784472174978933373180233753816334730944970402473, 14134776588435269082371171137888699915733492720935015265338923779881609897, 56539106353741076329484684551554799662933970883740061061355695119526439593, 226156425414964305317938738206219198651735883534960244245422780478105758377, 904625701659857221271754952824876794606943534139840976981691121912423033513, 3618502806639428885087019811299507178427774136559363907926764487649692134057, 14474011226557715540348079245198028713711096546237455631707057950598768536233, 57896044906230862161392316980792114854844386184949822526828231802395074144937, 231584179624923448645569267923168459419377544739799290107312927209580296579753, 926336718499693794582277071692673837677510178959197160429251708838321186319017, 3705346873998775178329108286770695350710040715836788641717006835353284745276073, 14821387495995100713316433147082781402840162863347154566868027341413138981104297, 59285549983980402853265732588331125611360651453388618267472109365652555924417193, 237142199935921611413062930353324502445442605813554473069888437462610223697668777, 948568799743686445652251721413298009781770423254217892279553749850440894790675113, 3794275198974745782609006885653192039127081693016871569118214999401763579162700457, 15177100795898983130436027542612768156508326772067486276472859997607054316650801833, 60708403183595932521744110170451072626033307088269945105891439990428217266603207337, 242833612734383730086976440681804290504133228353079780423565759961712869066412829353, 971334450937534920347905762727217162016532913412319121694263039846851476265651317417, 3885337803750139681391623050908868648066131653649276486777052159387405905062605269673, 15541351215000558725566492203635474592264526614597105947108208637549623620250421078697, 62165404860002234902265968814541898369058106458388423788432834550198494481001684314793, 248661619440008939609063875258167593476232425833553695153731338200793977924006737259177, 994646477760035758436255501032670373904929703334214780614925352803175911696026949036713, 3978585911040143033745022004130681495619718813336859122459701411212703646784107796146857, 15914343644160572134980088016522725982478875253347436489838805644850814587136431184587433, 63657374576642288539920352066090903929915501013389745959355222579403258348545724738349737, 254629498306569154159681408264363615719662004053558983837420890317613033394182898953398953, 1018517993226276616638725633057454462878648016214235935349683561270452133576731595813595817, 4074071972905106466554902532229817851514592064856943741398734245081808534306926383254383273, 16296287891620425866219610128919271406058368259427774965594936980327234137227705533017533097, 65185151566481703464878440515677085624233473037711099862379747921308936548910822132070132393, 260740606265926813859513762062708342496933892150844399449518991685235746195643288528280529577, 1042962425063707255438055048250833369987735568603377597798075966740942984782573154113122118313, 4171849700254829021752220193003333479950942274413510391192303866963771939130292616452488473257, 16687398801019316087008880772013333919803769097654041564769215467855087756521170465809953893033, 66749595204077264348035523088053335679215076390616166259076861871420351026084681863239815572137, 266998380816309057392142092352213342716860305562464665036307447485681404104338727452959262288553, 1067993523265236229568568369408853370867441222249858660145229789942725616417354909811837049154217, 4271974093060944918274273477635413483469764888999434640580919159770902465669419639247348196616873, 17087896372243779673097093910541653933879059555997738562323676639083609862677678556989392786467497, 68351585488975118692388375642166615735516238223990954249294706556334439450710714227957571145869993, 273406341955900474769553502568666462942064952895963816997178826225337757802842856911830284583479977, 1093625367823601899078214010274665851768259811583855267988715304901351031211371427647321138333919913, 4374501471294407596312856041098663407073039246335421071954861219605404124845485710589284553335679657, 17498005885177630385251424164394653628292156985341684287819444878421616499381942842357138213342718633, 69992023540710521541005696657578614513168627941366737151277779513686465997527771369428552853370874537, 279968094162842086164022786630314458052674511765466948605111118054745863990111085477714211413483498153, 1119872376651368344656091146521257832210698047061867794420444472218983455960444341910856845653933992617, 4479489506605473378624364586085031328842792188247471177681777888875933823841777367643427382615735970473, 17917958026421893514497458344340125315371168752989884710727111555503735295367109470573709530462943881897, 71671832105687574057989833377360501261484675011959538842908446222014941181468437882294838121851775527593, 286687328422750296231959333509442005045938700047838155371633784888059764725873751529179352487407102110377, 1146749313691001184927837334037768020183754800191352621486535139552239058903495006116717409949628408441513, 4586997254764004739711349336151072080735019200765410485946140558208956235613980024466869639798513633766057, 18347989019056018958845397344604288322940076803061641943784562232835824942455920097867478559194054535064233, 73391956076224075835381589378417153291760307212246567775138248931343299769823680391469914236776218140256937, 293567824304896303341526357513668613167041228848986271100552995725373199079294721565879656947104872561027753, 1174271297219585213366105430054674452668164915395945084402211982901492796317178886263518627788419490244111017, 4697085188878340853464421720218697810672659661583780337608847931605971185268715545054074511153677960976444073, 18788340755513363413857686880874791242690638646335121350435391726423884741074862180216298044614711843905776297, 75153363022053453655430747523499164970762554585340485401741566905695538964299448720865192178458847375623105193, 300613452088213814621722990093996659883050218341361941606966267622782155857197794883460768713835389502492420777, 1202453808352855258486891960375986639532200873365447766427865070491128623428791179533843074855341558009969683113, 4809815233411421033947567841503946558128803493461791065711460281964514493715164718135372299421366232039878732457, 19239260933645684135790271366015786232515213973847164262845841127858057974860658872541489197685464928159514929833, 76957043734582736543161085464063144930060855895388657051383364511432231899442635490165956790741859712638059719337, 307828174938330946172644341856252579720243423581554628205533458045728927597770541960663827162967438850552238877353, 1231312699753323784690577367425010318880973694326218512822133832182915710391082167842655308651869755402208955509417, 4925250799013295138762309469700041275523894777304874051288535328731662841564328671370621234607479021608835822037673, 19701003196053180555049237878800165102095579109219496205154141314926651366257314685482484938429916086435343288150697, 78804012784212722220196951515200660408382316436877984820616565259706605465029258741929939753719664345741373152602793, 315216051136850888880787806060802641633529265747511939282466261038826421860117034967719759014878657382965492610411177, 1260864204547403555523151224243210566534117062990047757129865044155305687440468139870879036059514629531861970441644713, 5043456818189614222092604896972842266136468251960191028519460176621222749761872559483516144238058518127447881766578857, 20173827272758456888370419587891369064545873007840764114077840706484890999047490237934064576952234072509791527066315433, 80695309091033827553481678351565476258183492031363056456311362825939563996189960951736258307808936290039166108265261737, 322781236364135310213926713406261905032733968125452225825245451303758255984759843806945033231235745160156664433061046953, 1291124945456541240855706853625047620130935872501808903300981805215033023939039375227780132924942980640626657732244187817]
len(predicted_full) = 200, len(input_sequence + seq_pred) = 200
is_manual_check: False
