test results being evaluated: data/test_linrec15.tsv
csv file used: ../linear_database_newbl.csv
The sequence ID inspected: A090949
csv results file used: ../linear_database_newbl.csv
Results we are looking at now:
('Could you give me a recursive equation in a form of a Python code for the following number sequence: 0,27,89,203,389,670,1072,1624,2358,3309,4515,6017,7859,10088,12754', 'Certainly, the Python code is the following: lambda a_n: a_n[-1] + 8 * 8 + n')

Experiment type: Evaluation of the results of llms.
Ground truth: 
[0, 27, 89, 203, 389, 670, 1072, 1624, 2358, 3309, 4515, 6017, 7859, 10088, 12754, 15910, 19612, 23919, 28893, 34599, 41105, 48482, 56804, 66148, 76594, 88225, 101127, 115389, 131103, 148364, 167270, 187922, 210424, 234883, 261409, 290115, 321117, 354534, 390488, 429104, 470510, 514837, 562219, 612793, 666699, 724080, 785082, 849854, 918548, 991319, 1068325, 1149727, 1235689, 1326378, 1421964, 1522620, 1628522, 1739849, 1856783, 1979509, 2108215, 2243092, 2384334, 2532138, 2686704, 2848235, 3016937, 3193019, 3376693, 3568174, 3767680, 3975432, 4191654, 4416573, 4650419, 4893425, 5145827, 5407864, 5679778, 5961814, 6254220, 6557247, 6871149, 7196183, 7532609, 7880690, 8240692, 8612884, 8997538, 9394929, 9805335, 10229037, 10666319, 11117468, 11582774, 12062530, 12557032, 13066579, 13591473, 14132019, 14688525, 15261302, 15850664, 16456928, 17080414, 17721445, 18380347, 19057449, 19753083, 20467584, 21201290, 21954542, 22727684, 23521063, 24335029, 25169935, 26026137, 26903994, 27803868, 28726124, 29671130, 30639257, 31630879, 32646373, 33686119, 34750500, 35839902, 36954714, 38095328, 39262139, 40455545, 41675947, 42923749, 44199358, 45503184, 46835640, 48197142, 49588109, 51008963, 52460129, 53942035, 55455112, 56999794, 58576518, 60185724, 61827855, 63503357, 65212679, 66956273, 68734594, 70548100, 72397252, 74282514, 76204353, 78163239, 80159645, 82194047, 84266924, 86378758, 88530034, 90721240, 92952867, 95225409, 97539363, 99895229, 102293510, 104734712, 107219344, 109747918, 112320949, 114938955, 117602457, 120311979, 123068048, 125871194, 128721950, 131620852, 134568439, 137565253, 140611839, 143708745, 146856522, 150055724, 153306908, 156610634, 159967465, 163377967, 166842709, 170362263, 173937204, 177568110, 181255562, 185000144, 188802443, 192663049, 196582555, 200561557, 204600654, 208700448, 212861544]
Predicted:    
[0, 27, 89, 203, 389, 670, 1072, 1624, 2358, 3309, 4515, 6017, 7859, 10088, 12754, 12833, 12913, 12994, 13076, 13159, 13243, 13328, 13414, 13501, 13589, 13678, 13768, 13859, 13951, 14044, 14138, 14233, 14329, 14426, 14524, 14623, 14723, 14824, 14926, 15029, 15133, 15238, 15344, 15451, 15559, 15668, 15778, 15889, 16001, 16114, 16228, 16343, 16459, 16576, 16694, 16813, 16933, 17054, 17176, 17299, 17423, 17548, 17674, 17801, 17929, 18058, 18188, 18319, 18451, 18584, 18718, 18853, 18989, 19126, 19264, 19403, 19543, 19684, 19826, 19969, 20113, 20258, 20404, 20551, 20699, 20848, 20998, 21149, 21301, 21454, 21608, 21763, 21919, 22076, 22234, 22393, 22553, 22714, 22876, 23039, 23203, 23368, 23534, 23701, 23869, 24038, 24208, 24379, 24551, 24724, 24898, 25073, 25249, 25426, 25604, 25783, 25963, 26144, 26326, 26509, 26693, 26878, 27064, 27251, 27439, 27628, 27818, 28009, 28201, 28394, 28588, 28783, 28979, 29176, 29374, 29573, 29773, 29974, 30176, 30379, 30583, 30788, 30994, 31201, 31409, 31618, 31828, 32039, 32251, 32464, 32678, 32893, 33109, 33326, 33544, 33763, 33983, 34204, 34426, 34649, 34873, 35098, 35324, 35551, 35779, 36008, 36238, 36469, 36701, 36934, 37168, 37403, 37639, 37876, 38114, 38353, 38593, 38834, 39076, 39319, 39563, 39808, 40054, 40301, 40549, 40798, 41048, 41299, 41551, 41804, 42058, 42313, 42569, 42826, 43084, 43343, 43603, 43864, 44126, 44389]
len(predicted_full) = 200, len(input_sequence + seq_pred) = 200
is_manual_check: False
