test results being evaluated: data/test_linrec15.tsv
csv file used: ../linear_database_newbl.csv
The sequence ID inspected: A095344
csv results file used: ../linear_database_newbl.csv
Results we are looking at now:
('Could you give me a recursive equation in a form of a Python code for the following number sequence: 1,1,9,9,49,81,281,601,1729,4129,11049,27561,71761,182001,469049', 'Certainly, the Python code is the following: lambda a_n: 7 * a_n[-2] - 9 * -2')

Experiment type: Evaluation of the results of llms.
Ground truth: 
[1, 1, 9, 9, 49, 81, 281, 601, 1729, 4129, 11049, 27561, 71761, 182001, 469049, 1197049, 3073249, 7861441, 20154441, 51600201, 132217969, 338618769, 867490649, 2221965721, 5691928321, 14579791201, 37347504489, 95666669289, 245056687249, 627723364401, 1607950113401, 4118843571001, 10550644024609, 27026018308609, 69228594407049, 177332667641481, 454247045269681, 1163577715835601, 2980565896914329, 7634876760256729, 19557140347914049, 50096647388940961, 128325208780597161, 328711798336361001, 842012633458749649, 2156859826804193649, 5524910360639192249, 14152349667855966841, 36251991110412735841, 92861389781836603201, 237869354223487546569, 609314913350833959369, 1560792330244784145649, 3998051983648119983121, 10241221304627256565721, 26233429239219736498201, 67198314457728762761089, 172132031414607708753889, 440925289245522759798249, 1129453414903953594813801, 2893154571886044634006801, 7410968231501859013262001, 18983586519046037549289209, 48627459445053473602337209, 124561805521237623799494049, 319071643301451518208842881, 817318865386402013406819081, 2093605438592208086242190601, 5362880900137816139869466929, 13737302654506648484838229329, 35188826255057913044316097049, 90138036873084506983669014361, 230893341893316159160933402561, 591445489385654187095609460001, 1515018856958918823739343070249, 3880800814501535572121780910249, 9940876242337210867079153191249, 25464079500343353155566276832241, 65227584469692196623882889597241, 167083902471065609246147996926201, 427994240349834395741679555315169, 1096329850234096832726271543019969, 2808306811633434415692989764280649, 7193626212569821746598075936360521, 18426853459103559409370034993483121, 47201358309382846395762338738925201, 120908772145797084033242478712857689, 309714205383328469616291833668558489, 793349293966516805749261748519989249, 2032206115499830684214429083194223201, 5205603291365897907211476077274180201, 13334427753365220644069192410051073001, 34156840918828812272915096719147793809, 87494551932289694849191866359352085809, 224121915607604943940852253235943261049, 574100123336763723337619718673351604281, 1470587785767183499101028731617124648481, 3766988279114238392451507606310531065601, 9649339422182972388855622532779029659529, 24717292538639925958661652958021153921929, 63314650227371815514084143089137272560049, 162183820381931519348730754921221888247761, 415442421291418781405067327277770978487961, 1064177702819144858799990346962658531479001, 2725947387984819984420259656073742445430849, 6982658199261399419620221043924376571346849, 17886447751200679357301259668219346353070249, 45817080548246277035782143843916852638457641, 117362871553048994464987182516794238050738641, 300631193746034102608115757892461648604569201, 770082679958230080468064487959638600807523769, 1972607454942366490900527519529485195225800569, 5052938174775286812772785471368039598455895649, 12943367994544752776374895549485980379359097921, 33155120693645900027466037434958138773182680521, 84928592671824911132965619632902060290619072201, 217549075446408511242829769372734615383349794289, 557263446133708155774692247904342856545826083089, 1427459747919342200746011325395281318079225260249, 3656513532454174823844780317012652744262529592601, 9366352524131543626828825618593778016579430633601, 23992406653948242922207946886644388993629549004001, 61457816750474417429523249361019501059947271538409, 157427443366267389118355036907597057034465467554409, 403258710368165058836448034351675061274254553708049, 1032968483833234615309868181982063289412116423925681, 2646003325305894850655660319388763534509134638757881, 6777877260638833311895133047317016692157600334460601, 17361890561862412714517774324872070830194138889492129, 44473399604417745962098306514140137598824540227334529, 113920961851867396820169403813628420919601095785303049, 291814560269538380668562629870188971314899256694641161, 747498407677007967949240245124702654993303639835853361, 1914756648755161490623490764605458540252900666614418001, 4904750279463193362420451745104269160226115225957831449, 12563776874483839324914414803526103321237717892415503449, 32182777992336612774596221783943179962142178796246829249, 82437885490271970074253880998047593247093050365908843041, 211168997459618421172638768133820313095661765550896160041, 540920539420706301469654292126010686084033967014531532201, 1385596529259179986160209364661291938466681029218116172369, 3549278686942005192038826533165334682802816897276242301169, 9091664803978725136679663991810502436669541014148706990649, 23288779551746745904834970124471841167880808603253676195321, 59655438767661646451553626091713850914558972659848504157921, 152810556974648630070893506589601215586082207072863208939201, 391432312045295215877108010956456619244318097712257225570889, 1002674539943889736160682037314861481588646926003710061327689, 2568403788125070599669114081140687958565919316852738963611249, 6579101947900629544311842230400133884920507020867579208922001, 16852717100400911942988298554962885719184184288278535063367001, 43169124892003430120235667476563421258866212371748851899055001, 110579993293607077892188861696414964135602949524862992152523009, 283256492861620798373131531602668649171067799011858399748743009, 725576466036049109941886978388328505713479597111310368358835049, 1858602437482532303434413104799003102397750793158743967353807081, 4760908301626728743201961018352317125251669181603985440789147281, 12195318051556857956939613437548329534842672354238961310204375601, 31238951258063772929747457510957598035849349080654903073360964729, 80020223464291204757505911261150916175220038497610748314178467129, 204976028496546296476495741304981308318617434820230360607622326049, 525056922353711115506519386349584973019497588810673353864336194561, 1344961036339896301412502351569510206293967328091594796294825498761, 3445188725754740763438579896967850098371957683334288211752170277001, 8825032871114325969088589303245890923547826995700667396931472272049, 22605787774133289022842908891117291317035657729037820243940153380049, 57905919258590592899197266104100855011226965711840489831666042468249, 148329070355123748990568901668570020279369596627991770807426655988441, 379952747389486120587357966084973440324277459475353730134090825861441, 973269028809981116549633572759253521441755845987320813363797449815201, 2493080018367925598899065437099147282738865683888735733900160753260969, 6386156133607850065097599728136161368505889067838018987355350552521769, 16358476207079552460693861476532750499461351803392961922955993565565649, 41903100741510952721084260389077395973484908074745037872377395775652721, 107337005569829162563859706295208397971330315288316885564201370037915321, 274949408535872973448196747851517981865269947587297037053710953140526201, 704297430815189623703635573032351573750591208740564579310516433292187489, 1804095064958681517496422564438423501211670999089752727525360245854292289, 4621284788219440012310964856567829796214035834052011044767425979023042249, 11837665048054166082296655114321523801060719830411021954868866962440211401, 30322804200931926131540514540592842985916863166619066133938570878532380401, 77673464393148590460727134997878938190159742488263153953414038728293226001, 198964681196876294986889193160250310133827195154739418489168322242422747609, 509658538769470656829797733151766062894466165107792034302824477155595651609, 1305517263556975836777354505792767303429774945726749708259497766125286642049, 3344151418634858464096545438399831555007639606157917845470795674747669248481, 8566220472862761811205963461570900768726739389064916678508786739248815816681, 21942826147402195667592145215170226988757297813696588060391969438239492810601, 56207708038853242912415999061453830063664255369956254774427116395234756077329, 143979012628462025582784579922134738018693446624742607015994994148192727319729, 368809844783874997232448576167950058273350468104567626113703459729131751629049, 944725895297723099563586895856489010348124254603538054177683436321902660907961, 2419965274433223088493381200528289243441526127021808558632497275238429667424161, 6198868855624115486747728783954245284834023145435960775343231020526040311056001, 15878729953357007840721253586067402258600127653523195009873220121479758980752649, 40674205375853469787712168721884383397936220235267038111246144203583920224976649, 104189125189281501150597183066153992432336730849359818150739024689502956147987249, 266885946692695380301445857953691526024081611790427970595723601503838637047893841, 683642447449821384903834590218307495753428535187867243198679700261850461639842841, 1751186234220602906109618022033073599849754982349579125581574106277205009831418201]
Predicted:    
[1, 1, 9, 9, 49, 81, 281, 601, 1729, 4129, 11049, 27561, 71761, 182001, 469049, 1274025, 3283361, 8918193, 22983545, 62427369, 160884833, 436991601, 1126193849, 3058941225, 7883356961, 21412588593, 55183498745, 149888120169, 386284491233, 1049216841201, 2703991438649, 7344517888425, 18927940070561, 51411625218993, 132495580493945, 359881376532969, 927469063457633, 2519169635730801, 6492283444203449, 17634187450115625, 45445984109424161, 123439312150809393, 318121888765969145, 864075185055665769, 2226853221361784033, 6048526295389660401, 15587972549532488249, 42339684067727622825, 109115807846727417761, 296377788474093359793, 763810654927091924345, 2074644519318653518569, 5346674584489643470433, 14522511635230574630001, 37426722091427504293049, 101657581446614022410025, 261987054639992530051361, 711603070126298156870193, 1833909382479947710359545, 4981221490884087098091369, 12837365677359633972516833, 34868550436188609686639601, 89861559741517437807617849, 244079853053320267806477225, 629030918190622064653324961, 1708558971373241874645340593, 4403216427334354452573274745, 11959912799612693122517384169, 30822514991340481168012923233, 83719389597288851857621689201, 215757604939383368176090462649, 586035727181021963003351824425, 1510303234575683577232633238561, 4102250090267153741023462770993, 10572122642029785040628432669945, 28715750631870076187164239396969, 74004858494208495284399028689633, 201010254423090533310149675778801, 518034009459459466990793200827449, 1407071780961633733171047730451625, 3626238066216216268935552405792161, 9849502466731436132197334113161393, 25383666463513513882548866840545145, 68946517267120052925381338792129769, 177685665244594597177842067883816033, 482625620869840370477669371544908401, 1243799656712162180244894475186712249, 3378379346088882593343685600814358825, 8706597596985135261714261326306985761, 23648655422622178153405799205700511793, 60946183178895946831999829284148900345, 165540587958355247073840594439903582569, 426623282252271627823998804989042302433, 1158784115708486729516884161079325078001, 2986362975765901394767991634923296117049, 8111488809959407106618189127555275546025, 20904540830361309763375941444463072819361, 56780421669715849746327323892886928822193, 146331785812529168343631590111241509735545, 397462951688010948224291267250208501755369, 1024322500687704178405421130778690568148833, 2782240661816076637570038870751459512287601, 7170257504813929248837947915450833977041849, 19475684632712536462990272095260216586013225, 50191802533697504741865635408155837839292961, 136329792428987755240931904666821516102092593, 351342617735882533193059447857090864875050745, 954308547002914286686523332667750612714648169, 2459398324151177732351416134999636054125355233, 6680159829020400006805663328674254289002537201, 17215788269058244126459912944997452378877486649, 46761118803142800047639643300719780023017760425, 120510517883407708885219390614982166652142406561, 327327831621999600333477503105038460161124322993, 843573625183853962196535734304875166564996845945, 2291294821353997202334342521735269221127870260969, 5905015376286977735375750140134126165954977921633, 16039063749477980416340397652146884547895091826801, 41335107634008844147630250980938883161684845451449, 112273446246345862914382783565028191835265642787625, 289345753438061909033411756866572182131793918160161, 785914123724421040400679484955197342846859499513393, 2025420274066433363233882298066005274922557427121145, 5501398866070947282804756394686381399928016496593769, 14177941918465033542637176086462036924457901989848033, 38509792062496630979633294762804669799496115476156401, 99245593429255234798460232605234258471205313928936249, 269568544437476416857433063339632688596472808333094825, 694719154004786643589221628236639809298437197502553761, 1886979811062334918002031443377428820175309658331663793, 4863034078033506505124551397656478665089060382517876345, 13208858677436344426014220103642001741227167608321646569, 34041238546234545535871859783595350655623422677625134433, 92462010742054410982099540725494012188590173258251526001, 238288669823641818751103018485167454589363958743375941049, 647234075194380876874696785078458085320131212807760682025, 1668020688765492731257721129396172182125547711203631587361, 4530638526360666138122877495549206597240918489654324774193, 11676144821358449118804047905773205274878833978425421111545, 31714469684524662966860142468844446180686429427580273419369, 81733013749509143831628335340412436924151837848977947780833, 222001287791672640768020997281911123264805005993061913935601, 572131096246564006821398347382887058469062864942845634465849, 1554009014541708485376146980973377862853635041951433397549225, 4004917673725948047749788431680209409283440054599919441260961, 10878063101791959397633028866813645039975445293660033782844593, 28034423716081636334248519021761465864984080382199436088826745, 76146441712543715783431202067695515279828117055620236479912169, 196240966012571454339739633152330261054888562675396052621787233, 533025091987806010484018414473868606958796819389341655359385201, 1373686762088000180378177432066311827384219938727772368352510649, 3731175643914642073388128901317080248711577735725391587515696425, 9615807334616001262647242024464182791689539571094406578467574561, 26118229507402494513716902309219561740981044150077741112609874993, 67310651342312008838530694171249279541826776997660846049273021945, 182827606551817461596018316164536932186867309050544187788269124969, 471174559396184061869714859198744956792787438983625922344911153633, 1279793245862722231172128213151758525308071163353809314517883874801, 3298221915773288433088004014391214697549512072885381456414378075449, 8958552721039055618204897492062309677156498143476665201625187123625, 23087553410413019031616028100738502882846584510197670194900646528161, 62709869047273389327434282444436167740095487004336656411376309865393, 161612873872891133221312196705169520179926091571383691364304525697145, 438969083330913725292039977111053174180668409030356594879634169057769, 1131290117110237932549185376936186641259482640999685839550131679880033, 3072783583316396077044279839777372219264678863212496164157439183404401, 7919030819771665527844297638553306488816378486997800876850921759160249, 21509485083214772539309958878441605534852752042487473149102074283830825, 55433215738401658694910083469873145421714649408984606137956452314121761, 150566395582503407775169712149091238743969264297412312043714519986815793, 388032510168811610864370584289112017952002545862892242965695166198852345, 1053964769077523854426187985043638671207784850081886184306001639907710569, 2716227571181681276050594090023784125664017821040245700759866163391966433, 7377753383542666980983315895305470698454493950573203290142011479353974001, 19013592998271768932354158630166488879648124747281719905319063143743765049, 51644273684798668866883211267138294889181457654012423030994080355477818025, 133095150987902382526479110411165422157536873230972039337233442006206355361, 361509915793590682068182478869968064224270203578086961216958562488344726193, 931666056915316677685353772878157955102758112616804275360634094043444487545, 2530569410555134774477277352089776449569891425046608728518709937418413083369, 6521662398407216743797476410147105685719306788317629927524438658304111412833, 17713985873885943421340941464628435146989239975326261099630969561928891583601, 45651636788850517206582334871029739800035147518223409492671070608128779889849, 123997901117201603949386590252399046028924679827283827697416786933502241085225, 319561457521953620446076344097208178600246032627563866448697494256901459228961, 867985307820411227645706131766793322202472758790986793881917508534515687596593, 2236930202653675343122534408680457250201722228392947065140882459798310214602745, 6075897154742878593519942922367553255417309311536907557173422559741609813176169, 15658511418575727401857740860763200751412055598750629455986177218588171502219233, 42531280083200150154639600456572872787921165180758352900213957918191268692233201, 109609579930030091813004186025342405259884389191254406191903240530117200515534649, 297718960582401051082477203196010109515448156265308470301497705427338880845632425, 767267059510210642691029302177396836819190724338780843343322683710820403608742561, 2084032724076807357577340422372070766608137093857159292110483937991372165919426993, 5370869416571474498837205115241777857734335070371465903403258785975742825261197945, 14588229068537651503041382956604495366256959657000115044773387565939605161435988969, 37596085916000321491860435806692445004140345492600261323822811501830199776828385633, 102117603479763560521289680696231467563798717599000805313413712961577236130051922801, 263172601412002250443023050646847115028982418448201829266759680512811398437798699449, 714823224358344923649027764873620272946591023193005637193895990731040652910363459625]
len(predicted_full) = 200, len(input_sequence + seq_pred) = 200
is_manual_check: False
