test results being evaluated: data/test_linrec15.tsv
csv file used: ../linear_database_newbl.csv
The sequence ID inspected: A096376
csv results file used: ../linear_database_newbl.csv
Results we are looking at now:
('Could you give me a recursive equation in a form of a Python code for the following number sequence: 2,5,12,23,38,57,80,107,138,173,212,255,302,353,408', 'Certainly, the Python code is the following: lambda a_n: a_n[-1] + 4 + 0 + n - -5')

Experiment type: Evaluation of the results of llms.
Ground truth: 
[2, 5, 12, 23, 38, 57, 80, 107, 138, 173, 212, 255, 302, 353, 408, 467, 530, 597, 668, 743, 822, 905, 992, 1083, 1178, 1277, 1380, 1487, 1598, 1713, 1832, 1955, 2082, 2213, 2348, 2487, 2630, 2777, 2928, 3083, 3242, 3405, 3572, 3743, 3918, 4097, 4280, 4467, 4658, 4853, 5052, 5255, 5462, 5673, 5888, 6107, 6330, 6557, 6788, 7023, 7262, 7505, 7752, 8003, 8258, 8517, 8780, 9047, 9318, 9593, 9872, 10155, 10442, 10733, 11028, 11327, 11630, 11937, 12248, 12563, 12882, 13205, 13532, 13863, 14198, 14537, 14880, 15227, 15578, 15933, 16292, 16655, 17022, 17393, 17768, 18147, 18530, 18917, 19308, 19703, 20102, 20505, 20912, 21323, 21738, 22157, 22580, 23007, 23438, 23873, 24312, 24755, 25202, 25653, 26108, 26567, 27030, 27497, 27968, 28443, 28922, 29405, 29892, 30383, 30878, 31377, 31880, 32387, 32898, 33413, 33932, 34455, 34982, 35513, 36048, 36587, 37130, 37677, 38228, 38783, 39342, 39905, 40472, 41043, 41618, 42197, 42780, 43367, 43958, 44553, 45152, 45755, 46362, 46973, 47588, 48207, 48830, 49457, 50088, 50723, 51362, 52005, 52652, 53303, 53958, 54617, 55280, 55947, 56618, 57293, 57972, 58655, 59342, 60033, 60728, 61427, 62130, 62837, 63548, 64263, 64982, 65705, 66432, 67163, 67898, 68637, 69380, 70127, 70878, 71633, 72392, 73155, 73922, 74693, 75468, 76247, 77030, 77817, 78608, 79403]
Predicted:    
[2, 5, 12, 23, 38, 57, 80, 107, 138, 173, 212, 255, 302, 353, 408, 432, 457, 483, 510, 538, 567, 597, 628, 660, 693, 727, 762, 798, 835, 873, 912, 952, 993, 1035, 1078, 1122, 1167, 1213, 1260, 1308, 1357, 1407, 1458, 1510, 1563, 1617, 1672, 1728, 1785, 1843, 1902, 1962, 2023, 2085, 2148, 2212, 2277, 2343, 2410, 2478, 2547, 2617, 2688, 2760, 2833, 2907, 2982, 3058, 3135, 3213, 3292, 3372, 3453, 3535, 3618, 3702, 3787, 3873, 3960, 4048, 4137, 4227, 4318, 4410, 4503, 4597, 4692, 4788, 4885, 4983, 5082, 5182, 5283, 5385, 5488, 5592, 5697, 5803, 5910, 6018, 6127, 6237, 6348, 6460, 6573, 6687, 6802, 6918, 7035, 7153, 7272, 7392, 7513, 7635, 7758, 7882, 8007, 8133, 8260, 8388, 8517, 8647, 8778, 8910, 9043, 9177, 9312, 9448, 9585, 9723, 9862, 10002, 10143, 10285, 10428, 10572, 10717, 10863, 11010, 11158, 11307, 11457, 11608, 11760, 11913, 12067, 12222, 12378, 12535, 12693, 12852, 13012, 13173, 13335, 13498, 13662, 13827, 13993, 14160, 14328, 14497, 14667, 14838, 15010, 15183, 15357, 15532, 15708, 15885, 16063, 16242, 16422, 16603, 16785, 16968, 17152, 17337, 17523, 17710, 17898, 18087, 18277, 18468, 18660, 18853, 19047, 19242, 19438, 19635, 19833, 20032, 20232, 20433, 20635, 20838, 21042, 21247, 21453, 21660, 21868]
len(predicted_full) = 200, len(input_sequence + seq_pred) = 200
is_manual_check: False
