test results being evaluated: data/test_linrec15.tsv
csv file used: ../linear_database_newbl.csv
The sequence ID inspected: A099012
csv results file used: ../linear_database_newbl.csv
Results we are looking at now:
('Could you give me a recursive equation in a form of a Python code for the following number sequence: 0,1,3,18,81,405,1944,9477,45927,223074,1082565,5255361,25509168,123825753,601059771', 'Certainly, the Python code is the following: lambda a_n: a_n[-1] * -10 // -4 * 3')

Experiment type: Evaluation of the results of llms.
Ground truth: 
[0, 1, 3, 18, 81, 405, 1944, 9477, 45927, 223074, 1082565, 5255361, 25509168, 123825753, 601059771, 2917611090, 14162371209, 68745613437, 333698181192, 1619805064509, 7862698824255, 38166342053346, 185263315578333, 899287025215113, 4365230915850336, 21189275974487025, 102854906166114099, 499268202268725522, 2423498762301203457, 11763910107322140069, 57103219182677251320, 277184848513931014581, 1345483518185888305623, 6531114191183044048098, 31702694237222126894901, 153888110432313777117585, 746988579431940473406864, 3625958732186645414278857, 17600773411447400503498347, 85435948824022010239004754, 414714807175092635248499385, 2013067960941475997896540941, 9771637147400261710926117288, 47432523090674069113847220333, 230242303598624562739876716591, 1117619618611940310244255132770, 5425039588223441995391655847629, 26333695332177788778373263737817, 127826442290544344293644693842112, 620482584861233131886293455166689, 3011885735198598494301682610079075, 14620000469346893669881688926737426, 70966973024828067458360210270923953, 344480923298606245404015831153408693, 1672145527119271343337289385898541656, 8116764891045270238648010638076303205, 39399604417209252805979636387315784519, 191249697271035190565771004904634082402, 928345531567988846951129742199744307877, 4506283870143283255945328270740939665249, 21873961394541749390396152492020517766640, 106178439014914797474696411912730010287161, 515400969595620136937654608166374690761243, 2501808859921093588085231531713694164868178, 12144035306123861996694586068638454711455721, 58948385657661428282850841991338611618180765, 286141474728099042818803800591761927257643784, 1388959895103249983002068979697333286336558237, 6742152957862641334375441144417857204328468767, 32727097929517173850144944250529571190014430434, 158860670409315293559813803051349428408999510205, 771125892593600445330745907408814425937128404521, 3743123711464638978030561949688588133492380805408, 18169504167736320942068399015745094233911298056913, 88196625906390713628480254594432575903165321419411, 428115415228799029364056354925003575814697646770450, 2078115878843913510748491356124903910572580833086049, 10087386373590931796521981262699743914050021320192197, 48965202030368016986302365993223366937303291458351032, 237682083453422437127604929343967796038360066256782869, 1153733068633579464259536081970913690550809821895507895, 5600337956981540326927052610008451235997670061997569506, 27184611488646836159116982567763576922950298583052279573, 131956876078774371419694421193366791892829926307134964273, 640532131634144639691136106689972567985042466168875408976, 3109208279611403261850658110810218830990596735270840905385, 15092414023541511542772199292640409604837172401332401396939, 73260116587127163984972520875213198293426887821434772339282, 355612075973255095839867356259403281323815215076295929590297, 1726177277203909763384354756655128628612287635621800739824429, 8379040515371025152711870476300015417751199842552065585785960, 40672717040948263328594804238796203910764188248252403415777741, 197429515761184016360191247003088750492053363327725800519406863, 958343000652086419037926979158432086673037784217449032300220258, 4651894643806915404355502160503095014447593622601879301575322541, 22580770937289523984407849293935173823400120925762679195427949945, 109609364606130810592423067326333376600228705380704951300461752704, 532055032253998147636939845624416694211287204473978966660236807617, 2582649378217171738242627142810250472035919961848281461684866197187, 12536443424937498543460340039050501664009344725810655084996729860114, 60853174678767041274564664402443759240351313834066498410153985355025, 295387514860738610714837053558785792697138044034495390995432524806101, 1433841116691119203615593140298351211254575956610084658677683442613528, 6960010983820005107280312902924125768037970266140712494991943051095493, 33784603001680088154381276971457538205405094407912899413074980136808231, 163993907859420310428666647040689746528557015619005110694152427870284130, 796043150593381724675431433865187083434316896528231426800132104842126469, 3864074622514927967884294124961768969059963830155740276647768165358936577, 18756612222885219425731765279671990658088743559221303671144493439655947952, 91046508271290009988153942963671892695805905149065573503263393807198273049, 441949034819837004796047716408063594010216407480188453550090622378498350715, 2145265678901121104281528635897237816292902368782155522179642411400279509586, 10413338350081896356009015355364285794970654773668162648489742835607323685193, 50547406160355779006560803789167997731548085640043887645086010209424486641853, 245362263631804404223763549565782565349380149883145126771665716148739373092296, 1191013446338615223730337882799859675632073220409830369120771240331038499053565, 5781300711702085309204885594491622115040641010177797248307305166331769854991359, 28063023152153792941187697728673603425810582014221865067008856661974656056456162, 136220775861780146606407063536445409312797515134265770435792316482909896864290717, 661229535954724576289910470167398658770687783530794096910456659406501595100977609, 3209675590620195048327394982330204660127240986800774224653500826565693857081549280, 15580092595453106331591379178497201909317913012179469546154612414355595927153446321, 75627358101941074429720692376463447669098907917745376660345344682158032495194282483, 367102907664901180273484489735865160191157940862851355896427545775674460829963864338, 1781954945912173210687939700595766509595363993848262457632390739466445674946640135361, 8649791006720630254525179509410085970506513449310449575965020130380407172309595185125, 41986967533371449659766995833592156497877816292565710846586577046339232591448546773624, 203809021660600021270027603085467243228192069921491178723444912312441362325131996986997, 989309772782143110747985771758731138165476556397564933789613930354377180298432911923607, 4802210513291829523674205743045398603550158298486115409879846001875103801821486708653794, 23310419494914776567754489174964776054139763903036430633746063378814706028150356333273845, 113151153104370795416331319212302915594370716395484330590156804153320052300844449377705681, 549247234767345375358784360211591731270370024313780867474184982869292511155886555132581648, 2666102082241373284823334953545501434160446520500701577733966185987758004175259709797096073, 12941531359630228232699064102540829883914669780326132540469563403786906612928758125584523051, 62819512819063044261507206889532002559188028025484711821014385885250541876363611764927433810, 304932320693861186878813197591463476632796112099389328327269228289833785145449658425043008889, 1480172577453150958990004454780178452931080588527530391370937157836756232323621481159475930957, 7184908618604203558879332142663706648488406774477095129058234528118772763279911369303814872872, 34876279052890969307548036521012726021844945620179058909513138004887124380752327438346727997229, 169293014726110739952558098847011537901930497830831032890063524767730328011776184638774517847535, 821765555654350943625606625230149147902396004074104628855808816347175103462099500861444105517666, 3988933799498049490449842765313551284824562492699793182577998171951098262492284164333302977180813, 19362691399383306963979987923011996185595251514766321207436273862977870718635748000752905881201433, 93988478393632366305988548656857950120206816978597102265510805136493496518337801481258444438231616, 456229657775346861593785537277681816030977714568688197663458880176281326022735136450551486245507745, 2214585278868731881535253549744766999174794496513438513379973886757285446733245622682980458680607779, 10749822756584317398949830484733437341803182920658509319111051581858388274404353096103904752251393042, 52180735779571539130666773401903215017982699230596474577752919726390733843812269892458538384879649137, 253290612147973473982548794568310581130176743977716007605258223415897696001075987542310757924901484789, 1229498458460064274123647344322060678552374525008516294015550947785209692597538391659059119238621296600, 5968110884711954088213881184080977265828714270824992950493976854098708341802299062857974179039977252901, 28969818780276440731754469651141477904457513537551625497621889092363012258784742713505454610267523428103, 140622454303236908989188339610153229105830969050079813047311458963977411852574919706238131442162365560418, 682595731932198693553355245690732988457610528988204068620531378723199345886787443540263485818894807534181, 3313389284525728261562760793563578027325310308415330523287397266845394744333536607976933640436145712646305, 16083529440966973026668479591907330978094425686139828187446974209044978345981696815793172293678490405746544, 78071091883632473434070285917794195180211069834157459271927498028743487736946919919171919644960782631056377, 378965040619600177542227174080548564343483040677730831502805261967635268324676031099654309577988761544888027, 1839534948811492793533314095501793449652348750540609627955763268161597194606550372571510205538613328314171474, 8929290212010879978479986853230317428048393617721406367392537162193508998741735397611419402817738838846506665, 43343685175336075077239787419207093331016319608029705753779480900034901747684159545977850058300736471367063261, 210394667434106145038039243936694136845484501383581774567871277159846286231728097216436324800261858963719749768, 1021277168880343110809275818582946250515600380623012675487629159579852974424341727563109624925492205133462818653, 4957383513547984637770180651179085983156161654321273997573728973178175499358578057637255797978833346073866203871, 24063645060567041910594024320783774204108888388570936072109849355753203267894809720979754018265929884422763979490, 116807386803632987471713698822963096460732120054604274194493108825863189297911631681674564236607289767933087773309, 566994965956002339610487315355943257219176355660951247232467970679368397304788182533841478874215238263604139135337, 2752251379100703906076885235474497639804118147474292209447841891470873895595569232736595514752111322702210207365792, 13359708830906132774725041544626982234384941643371437853435737410526937262529801341014359854124271112479067874315409, 64849388904624733478867091753151425461391888257382943445337789254818676847949527117672439195141815241757095489238355, 314785546192029395409126649161097116493640139562491771016935004459198465906616793422146556272543885737582897336553746, 1528001138717710787537183773261654178633447413003921804058845116670963489351396124325491621573907994388562551412806433, 7417073331881396921293691162234836584343103495074191351328950390145676661213739513775793871174618954803933730267403013, 36003230244103587851715727446059397360730337202257870290516457220475701387803783660256806207689028813908864153517466936, 174763350719243335846790402798291721341278943062441333033509925172738194114335006604752563463638657034961996032959027925, 848319124354662298205812755409409740270409864007644831715177890502495894833239072756568946260117230430065765480534286199, 4117827529537176917238551891412854712882740079584906492447122998062131431528732277712479909953099604604855260738234109922, 19988354707803491435567970472923251801081909014823522962777970008708857348085348487946560246200353887685157671539510905557, 97025511889245066561850878441485447819190387760734727320358017008685754928014635963251999928178958104499170361262639705969, 470971728037966622605664369580765609667308344415615888626075781104436980916812044281275042000340059302663930127643517267920, 2286144791117105466873651014715665859374638523093460211761449496391482737102567856513093125354630800848484323634294309157481, 11097179925693016004071932370373888065129690669020923632919030519114381039559011968070754754066952936269428342051674582883723, 53866842897132997214078656243562656929760818714903912804610137024866487752600146612830102390392536016444643938863672531068498, 261475148022636135678883360064052963375449672165900051110101685746628892613831547551127099957780184475758786895056088839159001, 1269227030142105381963357986384222802494196384931835368571796290463685067614895962168852221386873377575278156134941319297093485, 6160957422630041367000024199729145077861636204288606565706304043110715236369171814466700563780641793007663550460328757443711464, 29905915539169072538670294476645440456032676077252338014265078743505311317641579102919771683823785777200494056595458146004975757, 145166363421177589919011101227498627068852754070354473134151972618512371080247283638959620125497133468670454123929333255008330447, 704652330116054422605065953972304845310852346906334461530841626547084915099516062843156805530905472400815808881147123079069773154, 3420454261138761577086297772964402179552231827352193642799892633207866085020773741280106997722190618420481513758805368532284293485, 16603233754460774534704486904643950146454366604213591082177252538547362490957965789428732242944721106868786821206740213308480838841, 80593789613631177797890140670611470055333186258810516031730791314512882238060861039807159708333878886390694087449468956716001157888, 391210472631040504206010804153629961484088858214353867834787646790464909132804275224280069311504126620991163653209068789924331023233, 1898975524415802112799043678496393114950265250972356247789940062202010667540960575031104645309517289840489737746672426980217003490691, 9217820826926770876251228272871848998207595476846253553882909007720216184818120202111834559732089009110389686118898900049969989681170, 44744242200522531643945077925083085029175173689289966891758187582978744562323005781615445486981922635895576698076748542971863000459729, 217193114043908532818096288231095896071393880359486182660220743818418179350332099163852847498534568989680237269300335729365318908509717, 1054277521936428383249794566019035453476758204282068250006485919702063239111903349526097551878441010692100902090591744074842723729666712, 5117570592204461945112250292136969425072819536081580393961444453471953331488698941052968283122134152983424841695478253788816041365587589]
Predicted:    
[0, 1, 3, 18, 81, 405, 1944, 9477, 45927, 223074, 1082565, 5255361, 25509168, 123825753, 601059771, 4507948281, 33809612106, 253572090795, 1901790680961, 14263430107206, 106975725804045, 802317943530336, 6017384576477520, 45130384323581400, 338477882426860500, 2538584118201453750, 19039380886510903125, 142795356648831773436, 1070965174866238300770, 8032238811496787255775, 60241791086225904418311, 451813433146694283137331, 3388600748600207123529981, 25414505614501553426474856, 190608792108761650698561420, 1429565940815712380239210650, 10721744556117842851794079875, 80413084170883821388455599061, 603098131281628660413416992956, 4523235984612214953100627447170, 33924269884591612148254705853775, 254432024134437091111910293903311, 1908240181008278183339327204274831, 14311801357562086375044954032061231, 107338510181715647812837155240459231, 805038826362867358596278664303444231, 6037791197721505189472089982275831731, 45283433982911288921040674867068737981, 339625754871834666907805061503015534856, 2547193161538760001808537961272616511420, 19103948711540700013564034709544623835650, 143279615336555250101730260321584678767375, 1074597115024164375762976952411885090755311, 8059478362681232818222327143089138180664831, 60446087720109246136667453573168536354986231, 453345657900819346025005901798764022662396731, 3400092434256145095187544263490730169967975481, 25500693256921088213906581976180476274759816106, 191255199426908161604299364821353572060698620795, 1434413995701811212032245236160151790455239655961, 10758104967763584090241839271201138428414297419706, 80685787258226880676813794534008538213107230647795, 605143404436701605076103459005064036598304229858461, 4538575533275262038070775942537980274487281723938456, 34039316499564465285530819569034852058654612929538420, 255294873746733489641481146767761390439909596971538150, 1914711553100501172311108600758210428299321977286536125, 14360336648253758792333314505686578212244914829649020936, 107702524861903190942499858792649336591836861222367657020, 807768936464273932068748940944870024438776459167757427650, 6058267023482054490515617057086525183290823443758180707375, 45437002676115408678867127928148938874681175828186355305311, 340777520070865565091503459461117041560108818711397664789831, 2555831400531491738186275945958377811700816140335482485923731, 19168735503986188036397069594687833587756121052516118644427981, 143765516279896410272978021960158751908170907893870889833209856, 1078241372099223077047335164701190639311281809204031673749073920, 8086810290744173077855013735258929794834613569030237553118054400, 60651077180581298083912603014441973461259601767726781648385408000, 454883078854359735629344522608314800959447013257950862362890560000, 3411623091407698017220083919562361007195852599434631467721679200000, 25587173185557735129150629396717707553968894495759736007912594000000, 191903798891683013468629720475382806654766708718198020059344455000000, 1439278491687622601014722903565371049910750315386485150445083412500000, 10794588687657169507610421776740282874330627365398638628338125593750000, 80959415157428771307078163325552121557479705240489789712535941953125000, 607195613680715784803086224941640911681097789303673422844019564648437500, 4553967102605368386023146687062306837608233419777550671330146734863281250, 34154753269540262895173600152967301282061750648331630034976100511474609375, 256160649521551971713802001147254759615463129862487225262320753836059570311, 1921204871411639787853515008604410697115973473968654189467405653770446777331, 14409036535587298408901362564533080228369801054764906421005542403278350829981, 108067774016904738066760219233998101712773507910736798157541568024587631224856, 810508305126785535500701644254985762845801309330525986181561760184407234186420, 6078812288450891516255262331912393221343509819978944896361713201383054256398150, 45591092163381686371914467489342949160076323649842086722712849010372906922986125, 341933191225362647789358506170072118700572427373815650420346367577796801922395936, 2564498934190219858420188796275540890254293205303617378152597756833476014417969520, 19233742006426648938151415972066556676907199039777130336144483176251070108134771400, 144253065048199867036135619790499175076803992798328477521083623821883025811010785500, 1081897987861499002771017148428743813076029945987463581408127178664122693582580891250, 8114234908961242520782628613215578598070224594905976860560953839980920201869356684375, 60856761817209318905869714599116839485526684461794826454207153799856901514020175132811, 456425713629069891794022859493376296141450133463461198406553653498926761355151313496081, 3423192852218024188455171446200322221060876000975958988049152401241950710163634851220606, 25673946391635181413413785846502416657956570007319692410368643009314630326227261384154545, 192554597937263860600603393848768124934674275054897693077764822569859727446704460381159086, 1444159484529478954504525453865760937010057062911732698083236169273947955850283452858693145, 10831196133971092158783940903993207027575427971837995235624271269554609668877125896440198586, 81233971004783191190879556779949052706815709788784964267182034521659572516578444223301489395, 609254782535873933931596675849617895301117823415887232003865258912446793874338331674761170461, 4569410869019054504486975068872134214758383675619154240028989441843350954057537487560708778456, 34270581517642908783652313016541006610687877567143656800217420813825132155431531156705315838420, 257029361382321815877392347624057549580159081753577426001630656103688491165736483675289868788150, 1927720210367413619080442607180431621851193113151830695012229920777663683743023627564674015911125, 14457901577755602143103319553853237163883948348638730212591724405832477628072677206735055119333436, 108434261833167016073274896653899278729129612614790476594437933043743582210545079050512913395000770, 813256963748752620549561724904244590468472094610928574458284497828076866579088092878846850462505775, 6099427228115644654121712936781834428513540709581964308437133733710576499343160696591351378468793311, 45745704210867334905912847025863758213851555321864732313278503002829323745073705224435135338515949831, 343092781581505011794346352693978186603886664913985492349588772521219928088052789183263515038869623731, 2573195861861287588457597645204836399529149986854891192621915793909149460660395918874476362791522177981, 19298968963959656913431982339036272996468624901411683944664368454318620954952969391558572720936416334856, 144742267229697426850739867542772047473514686760587629584982763407389657162147270436689295407023122511420, 1085567004222730701380549006570790356051360150704407221887370725555422428716104528275169715552673418835650, 8141752531670480260354117549280927670385201130283054164155280441665668215370783962063772866645050641267375, 61063143987528601952655881619606957527889008477122906231164603312492511615280879715478296499837879809505311, 457973579906464514644919112147052181459167563578421796733734524843693837114606597866087223748784098571289831, 3434801849298483859836893341102891360943756726838163475503008936327703778359549483995654178115880739284673731, 25761013869738628948776700058271685207078175451286226066272567022457778337696621129967406335869105544635052981, 193207604023039717115825250437037639053086315884646695497044252668433337532724658474755547519018291584762897356, 1449057030172797878368689378277782292898147369134850216227831895013250031495434938560666606392637186885721730170, 10867927726295984087765170337083367196736105268511376621708739212599375236215762039204999547944778901642912976275, 81509457947219880658238777528125253975520789513835324662815544094495314271618215294037496609585841762321847322061, 611320934604149104936790831460939404816405921353764934971116580708714857037136614705281224571893813217413854915456, 4584907009531118287025931235957045536123044410153237012283374355315361427778524610289609184289203599130603911865920, 34386802571483387152694484269677841520922833076149277592125307664865210708338934577172068882169026993479529338994400, 257901019286125403645208632022583811406921248071119581940939807486489080312542009328790516616267702451096470042458000, 1934257644645940527339064740169378585551909360533396864557048556148668102344065069965928874622007768383223525318435000, 14506932334844553955042985551270339391639320204000476484177864171115010767580488024744466559665058262874176439888262500, 108801992511334154662822391634527545437294901530003573631333981283362580756853660185583499197487936971556323299161968750, 816014943835006159971167937258956590779711761475026802235004859625219355676402451391876243981159527286672424743714765625, 6120112078762546199783759529442174430847838211062701016762536447189145167573018385439071829858696454650043185577860742186, 45900840590719096498378196470816308231358786582970257625719023353918588756797637890793038723940223409875323891833955566395, 344256304430393223737836473531122311735190899372276932192892675154389415675982284180947790429551675574064929188754666747961, 2581922283227949178033773551483417338013931745292076991446695063657920617569867131357108428221637566805486968915660000609706, 19364417124209618835253301636125630035104488089690577435850212977434404631774003485178313211662281751041152266867450004572795, 145233128431572141264399762270942225263283660672679330768876597330758034738305026138837349087467113132808642001505875034295961, 1089248463236791059482998217032066689474627455045094980766574479980685260537287696041280118156003348496064815011294062757219706, 8169363474275932946122486627740500171059705912838212355749308599855139454029657720309600886170025113720486112584705470679147795, 61270226057069497095918649708053751282947794346286592668119814498913545905222432902322006646275188352903645844385291030093608461, 459526695428021228219389872810403134622108457597149445010898608741851594289168246767415049847063912646777343832889682725702063456, 3446450215710159211645424046078023509665813431978620837581739565563886957168761850755612873852979344850830078746672620442765475920, 25848376617826194087340680345585176322493600739839656281863046741729152178765713880667096553897345086381225590600044653320741069400, 193862824633696455655055102591888822418702005548797422113972850562968641340742854105003224154230088147859191929500334899905558020500, 1453971184752723417412913269439166168140265041615980665854796379222264810055571405787524181156725661108943939471252511749291685153750, 10904783885645425630596849520793746261051987812119854993910972844166986075416785543406431358675442458317079546034393838119687638653125, 81785879142340692229476371405953096957889908590898912454332296331252395565625891575548235190065818437378096595257953785897657289898436, 613394093567555191721072785544648227184174314431741843407492222484392966742194186816611763925493638280335724464434653394232429674238270, 4600455701756663937908045891584861703881307358238063825556191668632947250566456401124588229441202287102517933483259900456743222556787025, 34503417763174979534310344186886462779109805186785478691671437514747104379248423008434411720809017153268884501124449253425574169175902686, 258775633223812346507327581401648470843323538900891090187535781360603282844363172563258087906067628649516633758433369400691806268819270145, 1940817249178592598804956860512363531324926541756683176406518360204524621332723794224435659295507214871374753188250270505188547016144526086, 14556129368839444491037176453842726484936949063175123823048887701533934659995428456683267444716304111535310648911877028788914102621083945645, 109170970266295833682778823403820448637027117973813428672866657761504509949965713425124505835372280836514829866839077715916855769658129592336, 818782276997218752620841175528653364777703384803600715046499933211283824624742850688433793765292106273861224001293082869376418272435971942520, 6140867077479140644656308816464900235832775386027005362848749499084628684685571380163253453239690797053959180009698121520323137043269789568900, 46056503081093554834922316123486751768745815395202540221365621243134715135141785351224400899297680977904693850072735911402423527824523421766750, 345423773108201661261917370926150638265593615464019051660242159323510363513563390134183006744732607334285203875545519335518176458683925663250625, 2590678298311512459464380281946129786991952115980142887451816194926327726351725426006372550585494555007139029066591395016386323440129442474379686, 19430087237336343445982852114595973402439640869851071655888621461947457947637940695047794129391209162553542717999435462622897425800970818557847645, 145725654280022575844871390859469800518297306523883037419164660964605934607284555212858455970434068719151570384995765969671730693507281139183857336, 1092942407100169318836535431446023503887229798929122780643734957234544509554634164096438419778255515393636777887468244772537980201304608543878930020, 8197068053251269891274015735845176279154223491968420854828012179259083821659756230723288148336916365452275834156011835794034851509784564079091975150, 61478010399384524184555118018838822093656676189763156411210091344443128662448171730424661112526872740892068756170088768455261386323384230593189813625, 461085077995383931384163385141291165702425071423223673084075685083323464968361287978184958343951545556690515671275665763414460397425381729448923602186, 3458138084965379485381225388559683742768188035674177548130567638124925987262709659836387187579636591675178867534567493225608452980690362970866927016395, 25936035637240346140359190414197628070761410267556331610979257285936944904470322448772903906847274437563841506509256199192063397355177722281501952622961, 194520267279302596052693928106482210530710577006672487082344429644527086783527418365796779301354558281728811298819421493940475480163832917111264644672206, 1458902004594769470395204460798616578980329327550043653117583222333953150876455637743475844760159187112966084741145661204553566101228746878334484835041545, 10941765034460771027964033455989624342352469956625327398381874167504648631573417283076068835701193903347245635558592459034151745759215601587508636262811586, 82063237758455782709730250919922182567643524674689955487864056256284864736800629623070516267758954275104342266689443442756138093194117011906314771971086895, 615474283188418370322976881899416369257326435060174666158980421922136485526004722173028872008192157063282567000170825820671035698955877589297360789783151711, 4616057123913137777422326614245622769429948262951309996192353164416023641445035416297716540061441177974619252501281193655032767742169081919730205923373637831, 34620428429348533330667449606842170770724611972134824971442648733120177310837765622232874050460808834809644393759608952412745758066268114397976544425302283731, 259653213220113999980005872051316280780434589791011187285819865498401329831283242166746555378456066261072332953197067143095593185497010857984824083189767127981, 1947399099150854999850044040384872105853259423432583904643648991238009973734624316250599165338420496958042497148978003573216948891227581434886180623923253459856, 14605493243631412498875330302886540793899445675744379284827367434285074803009682371879493740038153727185318728617335026799127116684206860761646354679424400948920, 109541199327235593741564977271649055954245842568082844636205255757138061022572617789096203050286152953889890464630012700993453375131551455712347660095683007116900, 821558994954266953061737329537367919656843819260621334771539418178535457669294633418221522877146147154174178484725095257450900313486635917842607450717622553376750, 6161692462157002147963029971530259397426328644454660010786545636339015932519709750636661421578596103656306338635438214430881752351149769383819555880382169150325625, 46212693466177516109722724786476945480697464833409950080899092272542619493897823129774960661839470777422297539765786608231613142633623270378646669102866268627442186, 346595200996331370822920435898577091105230986250574625606743192044069646204233673473312204963796030830667231548243399561737098569752174527839850018271497014705816395, 2599464007472485281171903269239328183289232396879309692050573940330522346531752551049841537228470231230004236611825496713028239273141308958798875137036227610293622961, 19495980056043639608789274519294961374669242976594822690379304552478917598988144132873811529213526734225031774588691225347711794548559817190991563527771707077202172206, 146219850420327297065919558894712210310019322324461170177844784143591881992411080996553586469101450506687738309415184190107838459114198628932436726458287803079016291545, 1096648878152454727994396691710341577325144917433458776333835881076939114943083107474151898518260878800158037320613881425808788443356489716993275448437158523092622186586, 8224866586143410459957975187827561829938586880750940822503769108077043362073123306056139238886956591001185279904604110693565913325173672877449565863278688923194666399395, 61686499396075578449684813908706713724539401605632056168778268310577825215548424795421044291652174432508889599284530830201744349938802546580871743974590166923959997995461, 462648745470566838372636104315300352934045512042240421265837012329333689116613185965657832187391308243816671994633981226513082624541019099356538079809426251929699984965956]
len(predicted_full) = 200, len(input_sequence + seq_pred) = 200
is_manual_check: False
