test results being evaluated: data/test_linrec15.tsv
csv file used: ../linear_database_newbl.csv
The sequence ID inspected: A100705
csv results file used: ../linear_database_newbl.csv
Results we are looking at now:
('Could you give me a recursive equation in a form of a Python code for the following number sequence: 1,5,17,43,89,161,265,407,593,829,1121,1475,1897,2393,2969', 'Certainly, the Python code is the following: lambda a_n: 1 * a_n[-1] + n * n * 2')

Experiment type: Evaluation of the results of llms.
Ground truth: 
[1, 5, 17, 43, 89, 161, 265, 407, 593, 829, 1121, 1475, 1897, 2393, 2969, 3631, 4385, 5237, 6193, 7259, 8441, 9745, 11177, 12743, 14449, 16301, 18305, 20467, 22793, 25289, 27961, 30815, 33857, 37093, 40529, 44171, 48025, 52097, 56393, 60919, 65681, 70685, 75937, 81443, 87209, 93241, 99545, 106127, 112993, 120149, 127601, 135355, 143417, 151793, 160489, 169511, 178865, 188557, 198593, 208979, 219721, 230825, 242297, 254143, 266369, 278981, 291985, 305387, 319193, 333409, 348041, 363095, 378577, 394493, 410849, 427651, 444905, 462617, 480793, 499439, 518561, 538165, 558257, 578843, 599929, 621521, 643625, 666247, 689393, 713069, 737281, 762035, 787337, 813193, 839609, 866591, 894145, 922277, 950993, 980299, 1010201, 1040705, 1071817, 1103543, 1135889, 1168861, 1202465, 1236707, 1271593, 1307129, 1343321, 1380175, 1417697, 1455893, 1494769, 1534331, 1574585, 1615537, 1657193, 1699559, 1742641, 1786445, 1830977, 1876243, 1922249, 1969001, 2016505, 2064767, 2113793, 2163589, 2214161, 2265515, 2317657, 2370593, 2424329, 2478871, 2534225, 2590397, 2647393, 2705219, 2763881, 2823385, 2883737, 2944943, 3007009, 3069941, 3133745, 3198427, 3263993, 3330449, 3397801, 3466055, 3535217, 3605293, 3676289, 3748211, 3821065, 3894857, 3969593, 4045279, 4121921, 4199525, 4278097, 4357643, 4438169, 4519681, 4602185, 4685687, 4770193, 4855709, 4942241, 5029795, 5118377, 5207993, 5298649, 5390351, 5483105, 5576917, 5671793, 5767739, 5864761, 5962865, 6062057, 6162343, 6263729, 6366221, 6469825, 6574547, 6680393, 6787369, 6895481, 7004735, 7115137, 7226693, 7339409, 7453291, 7568345, 7684577, 7801993, 7920599]
Predicted:    
[1, 5, 17, 43, 89, 161, 265, 407, 593, 829, 1121, 1475, 1897, 2393, 2969, 3419, 3931, 4509, 5157, 5879, 6679, 7561, 8529, 9587, 10739, 11989, 13341, 14799, 16367, 18049, 19849, 21771, 23819, 25997, 28309, 30759, 33351, 36089, 38977, 42019, 45219, 48581, 52109, 55807, 59679, 63729, 67961, 72379, 76987, 81789, 86789, 91991, 97399, 103017, 108849, 114899, 121171, 127669, 134397, 141359, 148559, 156001, 163689, 171627, 179819, 188269, 196981, 205959, 215207, 224729, 234529, 244611, 254979, 265637, 276589, 287839, 299391, 311249, 323417, 335899, 348699, 361821, 375269, 389047, 403159, 417609, 432401, 447539, 463027, 478869, 495069, 511631, 528559, 545857, 563529, 581579, 600011, 618829, 638037, 657639, 677639, 698041, 718849, 740067, 761699, 783749, 806221, 829119, 852447, 876209, 900409, 925051, 950139, 975677, 1001669, 1028119, 1055031, 1082409, 1110257, 1138579, 1167379, 1196661, 1226429, 1256687, 1287439, 1318689, 1350441, 1382699, 1415467, 1448749, 1482549, 1516871, 1551719, 1587097, 1623009, 1659459, 1696451, 1733989, 1772077, 1810719, 1849919, 1889681, 1930009, 1970907, 2012379, 2054429, 2097061, 2140279, 2184087, 2228489, 2273489, 2319091, 2365299, 2412117, 2459549, 2507599, 2556271, 2605569, 2655497, 2706059, 2757259, 2809101, 2861589, 2914727, 2968519, 3022969, 3078081, 3133859, 3190307, 3247429, 3305229, 3363711, 3422879, 3482737, 3543289, 3604539, 3666491, 3729149, 3792517, 3856599, 3921399, 3986921, 4053169, 4120147, 4187859, 4256309, 4325501, 4395439, 4466127, 4537569, 4609769, 4682731, 4756459, 4830957, 4906229, 4982279, 5059111, 5136729, 5215137, 5294339]
len(predicted_full) = 200, len(input_sequence + seq_pred) = 200
is_manual_check: False
