test results being evaluated: data/test_linrec15.tsv
csv file used: ../linear_database_newbl.csv
The sequence ID inspected: A104237
csv results file used: ../linear_database_newbl.csv
Results we are looking at now:
('Could you give me a recursive equation in a form of a Python code for the following number sequence: 1,-2,5,-11,26,-53,104,-198,375,-700,1299,-2401,4432,-8167,15038', 'Certainly, the Python code is the following: lambda a_n: -4 - a_n[-1] + ( isqrt( 0 ) ) - a_n[-1]')

Experiment type: Evaluation of the results of llms.
Ground truth: 
[1, -2, 5, -11, 26, -53, 104, -198, 375, -700, 1299, -2401, 4432, -8167, 15038, -27676, 50925, -93686, 172337, -316999, 583078, -1072473, 1972612, -3628226, 6673379, -12274288, 22575967, -41523709, 76374044, -140473803, 258371642, -475219576, 874065113, -1607656426, 2956941213, -5438662851, 10003260594, -18398864765, 33840788320, -62242913790, 114482566991, -210566269220, 387291750123, -712340586457, 1310198605928, -2409830942639, 4432370135158, -8152399683860, 14994600761797, -27579370580958, 50726371026761, -93300342369663, 171606083977534, -315632797374113, 580539223721468, -1067778105073274, 1963950126169019, -3612267454963928, 6643995686206391, -12220213267339509, 22476476408510004, -41340685362056083, 76037375037905778, -139854536808472048, 257232597208434097, -473124509054812114, 870211643071718453, -1600568749334964859, 2943904901461495626, -5414685293868179141, 9959158944664639832, -18317749139994314806, 33691593378527133991, -61968501463186088844, 113977843981707537859, -209637938823420760913, 385584284268314387840, -709200067073442686839, 1304422290165177835822, -2399206641506934910732, 4412828998745555433629, -8116457930417668180422, 14928493570670158525025, -27457780499833382139319, 50502732000921208845014, -92889006071424749509609, 170849518572179340494196, -314241256644525298849074, 577979781288129388853139, -1063070556504834028196672, 1955291594437488715899151, -3596341932230452132949229, 6614704083172774877045324, -12166337609840715725893979, 22377383625243942735888810, -41158425318257433338828392, 75702146553342091800611465, -139237955496843467875328954, 256098527368442993014769101, -471038629418628552690709811, 866375112283915013580808162, -1593512269070986559286287373, 2930926010773530125557805648, -5390813392128431698424901486, 9915251671972948383268994815, -18236991074874910207251702260, 33543056138976290288945598875, -61695298885824148879466296265, 113475346099675349375663597720, -208713701124475788544075493183, 383884346109975286799205387494, -706073393334126424718944478724, 1298671440568577500062225359733, -2388629180012679211580375226286, 4393374013915383136361545065081, -8080674634496639848004145651439, 14862677828424702195946065943150, -27336726476836725180311756660017, 50280078939758067224261968254956, -92479483245019494600519790858474, 170096288661614287005093515773803, -312855850846391848829875274887592, 575431622753025630435488581520231, -1058383762261031766270457372181989, 1946671235860449245535821228590180, -3580486620874506642241767182292771, 6585541618995987654048045783065314, -12112699475730943541825634193948640, 22278727715601437838115447159307105, -40976968810328369033989127136321442, 75368396001660750413930208489577573, -138624092527590557286034782785206507, 254969457339579676733954118411105914, -468961945868830984433919109685890389, 862555495736001218453908010882203208, -1586486898944411879621781238979199910, 2918004340549244082509608359547293911, -5367046735229657180585297609408697436, 9871537974723313142716687207935191667, -18156589050502214405811593176891183425, 33395173760455184729113577994235072944, -61423300785680712277641858379061448455, 112975063596638111412567029550187705246, -207793538142774008419322465923484227068, 382191902525092832109531353852733381197, -702960504264504951941420849326405313942, 1292945944932371792470274669102622922641, -2378098351721969576521226872281761618215, 4374004800918846320932922390710789855238, -8045049097573187689924423932095174396537, 14797152250214003587378573195087725870436, -27216206148706037598235919517893690122658, 50058407496493228875538916645076590390083, -92071765895413270061153409358058006383632, 169346379540612536534928245521028286896831, -311476552932519035471620571524162883671005, 572894698368544842067702226403249176951932, -1053717630841676414074251043448440347520235, 1938088882142740291613573841375852408143642, -3564701211352961547755527111227541932616280, 6556507724337378253443351996051834688280633, -12059297817833080092812452948655229029041034, 22180506753523419894011332055934605649938429, -40796312295693878240267137000641669367260579, 75036116867050378227090922005231504046240530, -138012935916267676361369391061807779063440029, 253845365079011932828727450067680952476941632, -466894417862329987417187763134720235586622686, 858752718857609596607284604264208967127004847, -1579492501798951516853199817466610155190569668, 2905139638518891100877672184865539357904197707, -5343384859175452214338156606596358480221772729, 9828016999493294832069028608928507993316540616, -18076541497187638147284857400390405831442511567, 33247943355856385193692042615915272304980825430, -61152501852537318173045928625234186129739878132, 112476986705581341514022828641539864266163215653, -206877431913975044880760799882689322700883919742, 380506920472093704567829557149463373096787014057, -699861339091650090962613185673692560063834149983, 1287245691477718840411203542705845255861505084318, -2367613951041462635941646285529001189022126248897, 4354720981610831567315463013908539004947465483740, -8009580624130013043668312842143385449831096817498, 14731915556782307246925422141580925643800688550683, -27096217162523151857909197997632850098579250852472, 49837713343435472148502932981357161192211036221207, -91665846062740931253337553120570936934590975624917, 168599776568699555259749684099560948225381262699156, -310103335974875958661590170201489046352183274545843, 570368958606316445174677407421620931512155512870482, -1049072071149891959096017261722670926089720050116048, 1929544365731084362932284839345780903954058837532945, -3548985395487292767202979508490072761555934400520050, 6527601832368269089231281609558524591599713288169621, -12006131593586646219366545957394378257109706526223195, 22082718821442208075800807075442975610265354214913450, -40616452247397123384398634642395878458974774029306853, 74705302662425977679565987675233232326349834770444088, -137404473731265309139765429393072086395589963014664982]
Predicted:    
[1, -2, 5, -11, 26, -53, 104, -198, 375, -700, 1299, -2401, 4432, -8167, 15038, -30080, 60156, -120316, 240628, -481260, 962516, -1925036, 3850068, -7700140, 15400276, -30800556, 61601108, -123202220, 246404436, -492808876, 985617748, -1971235500, 3942470996, -7884941996, 15769883988, -31539767980, 63079535956, -126159071916, 252318143828, -504636287660, 1009272575316, -2018545150636, 4037090301268, -8074180602540, 16148361205076, -32296722410156, 64593444820308, -129186889640620, 258373779281236, -516747558562476, 1033495117124948, -2066990234249900, 4133980468499796, -8267960936999596, 16535921873999188, -33071843747998380, 66143687495996756, -132287374991993516, 264574749983987028, -529149499967974060, 1058298999935948116, -2116597999871896236, 4233195999743792468, -8466391999487584940, 16932783998975169876, -33865567997950339756, 67731135995900679508, -135462271991801359020, 270924543983602718036, -541849087967205436076, 1083698175934410872148, -2167396351868821744300, 4334792703737643488596, -8669585407475286977196, 17339170814950573954388, -34678341629901147908780, 69356683259802295817556, -138713366519604591635116, 277426733039209183270228, -554853466078418366540460, 1109706932156836733080916, -2219413864313673466161836, 4438827728627346932323668, -8877655457254693864647340, 17755310914509387729294676, -35510621829018775458589356, 71021243658037550917178708, -142042487316075101834357420, 284084974632150203668714836, -568169949264300407337429676, 1136339898528600814674859348, -2272679797057201629349718700, 4545359594114403258699437396, -9090719188228806517398874796, 18181438376457613034797749588, -36362876752915226069595499180, 72725753505830452139190998356, -145451507011660904278381996716, 290903014023321808556763993428, -581806028046643617113527986860, 1163612056093287234227055973716, -2327224112186574468454111947436, 4654448224373148936908223894868, -9308896448746297873816447789740, 18617792897492595747632895579476, -37235585794985191495265791158956, 74471171589970382990531582317908, -148942343179940765981063164635820, 297884686359881531962126329271636, -595769372719763063924252658543276, 1191538745439526127848505317086548, -2383077490879052255697010634173100, 4766154981758104511394021268346196, -9532309963516209022788042536692396, 19064619927032418045576085073384788, -38129239854064836091152170146769580, 76258479708129672182304340293539156, -152516959416259344364608680587078316, 305033918832518688729217361174156628, -610067837665037377458434722348313260, 1220135675330074754916869444696626516, -2440271350660149509833738889393253036, 4880542701320299019667477778786506068, -9761085402640598039334955557573012140, 19522170805281196078669911115146024276, -39044341610562392157339822230292048556, 78088683221124784314679644460584097108, -156177366442249568629359288921168194220, 312354732884499137258718577842336388436, -624709465768998274517437155684672776876, 1249418931537996549034874311369345553748, -2498837863075993098069748622738691107500, 4997675726151986196139497245477382214996, -9995351452303972392278994490954764429996, 19990702904607944784557988981909528859988, -39981405809215889569115977963819057719980, 79962811618431779138231955927638115439956, -159925623236863558276463911855276230879916, 319851246473727116552927823710552461759828, -639702492947454233105855647421104923519660, 1279404985894908466211711294842209847039316, -2558809971789816932423422589684419694078636, 5117619943579633864846845179368839388157268, -10235239887159267729693690358737678776314540, 20470479774318535459387380717475357552629076, -40940959548637070918774761434950715105258156, 81881919097274141837549522869901430210516308, -163763838194548283675099045739802860421032620, 327527676389096567350198091479605720842065236, -655055352778193134700396182959211441684130476, 1310110705556386269400792365918422883368260948, -2620221411112772538801584731836845766736521900, 5240442822225545077603169463673691533473043796, -10480885644451090155206338927347383066946087596, 20961771288902180310412677854694766133892175188, -41923542577804360620825355709389532267784350380, 83847085155608721241650711418779064535568700756, -167694170311217442483301422837558129071137401516, 335388340622434884966602845675116258142274803028, -670776681244869769933205691350232516284549606060, 1341553362489739539866411382700465032569099212116, -2683106724979479079732822765400930065138198424236, 5366213449958958159465645530801860130276396848468, -10732426899917916318931291061603720260552793696940, 21464853799835832637862582123207440521105587393876, -42929707599671665275725164246414881042211174787756, 85859415199343330551450328492829762084422349575508, -171718830398686661102900656985659524168844699151020, 343437660797373322205801313971319048337689398302036, -686875321594746644411602627942638096675378796604076, 1373750643189493288823205255885276193350757593208148, -2747501286378986577646410511770552386701515186416300, 5495002572757973155292821023541104773403030372832596, -10990005145515946310585642047082209546806060745665196, 21980010291031892621171284094164419093612121491330388, -43960020582063785242342568188328838187224242982660780, 87920041164127570484685136376657676374448485965321556, -175840082328255140969370272753315352748896971930643116, 351680164656510281938740545506630705497793943861286228, -703360329313020563877481091013261410995587887722572460, 1406720658626041127754962182026522821991175775445144916, -2813441317252082255509924364053045643982351550890289836, 5626882634504164511019848728106091287964703101780579668, -11253765269008329022039697456212182575929406203561159340, 22507530538016658044079394912424365151858812407122318676, -45015061076033316088158789824848730303717624814244637356, 90030122152066632176317579649697460607435249628489274708, -180060244304133264352635159299394921214870499256978549420, 360120488608266528705270318598789842429740998513957098836, -720240977216533057410540637197579684859481997027914197676, 1440481954433066114821081274395159369718963994055828395348, -2880963908866132229642162548790318739437927988111656790700, 5761927817732264459284325097580637478875855976223313581396, -11523855635464528918568650195161274957751711952446627162796, 23047711270929057837137300390322549915503423904893254325588, -46095422541858115674274600780645099831006847809786508651180, 92190845083716231348549201561290199662013695619573017302356, -184381690167432462697098403122580399324027391239146034604716, 368763380334864925394196806245160798648054782478292069209428, -737526760669729850788393612490321597296109564956584138418860]
len(predicted_full) = 200, len(input_sequence + seq_pred) = 200
is_manual_check: False
