test results being evaluated: data/test_linrec15.tsv
csv file used: ../linear_database_newbl.csv
The sequence ID inspected: A105251
csv results file used: ../linear_database_newbl.csv
Results we are looking at now:
('Could you give me a recursive equation in a form of a Python code for the following number sequence: 1,45,675,5775,34650,162162,630630,2123550,6370650,17381650,43801758,103169430,229265400,484306200,978496200', 'Certainly, the Python code is the following: lambda a_n: -3 * -7 * -2 * a_n[-1] // n')

Experiment type: Evaluation of the results of llms.
Ground truth: 
[1, 45, 675, 5775, 34650, 162162, 630630, 2123550, 6370650, 17381650, 43801758, 103169430, 229265400, 484306200, 978496200, 1900457064, 3563356995, 6473226375, 11428041625, 19658764125, 33026723730, 54295634250, 87501228750, 138447123750, 215362192500, 329762589156, 497570770620, 740554576300, 1088161826400, 1579840178400, 2267948344992, 3221383445280, 4530070469925, 6310483841025, 8712398105775, 11927095202763, 16197289781530, 21829072057650, 29206209982950, 38807199457950, 51225503284494, 67193476943670, 87610542500250, 113576241413250, 146428873227000, 187790510503960, 239619271437000, 304269830865000, 384563258454375, 483867390166875, 606189066401061, 756279707985945, 939755850160050, 1163236415452650, 1434498679687150, 1762655071866822, 2158353149224680, 2634001303993800, 3204022989281400, 3885142498637400, 4696705598352768, 5661038594090880, 6803849715062400, 8154677020547200, 9747387376122825, 11620731411486549, 13818959759297595, 16392506286090375, 19398744463124250, 22902823488179250, 26978591259953190, 31709611826070750, 37190285475021250, 43527080222876250, 50839884058713750, 59263487959641966, 68949210368558520, 80066674546723800, 92805750970331400, 107378677737023400, 124022372786262027, 143000952618209455, 164608473120901425, 189171909086685525, 217054390017829650, 248658710889629898, 284431137659041230, 324865528479642150, 370507792811492700, 421960711899062700, 479889145433847604, 545025650622550020, 618176541348828000, 700228416648684000, 792155189318724000, 895025647144933920, 1010011580979526125, 1138396515707075625, 1281585082030914375, 1441113068978951875, 1618658199077158746, 1816051670271353970, 2035290510896192550, 2278550796296925150, 2548201778107212150, 2846820979677689982, 3177210313737827730, 3542413281060649050, 3945733311688953400, 4390753313175629400, 4881356493292443528, 5421748527774295080, 6016481146892393775, 6670477217993235075, 7389057404603771325, 8177968486290011409, 9043413427169691570, 9992083284822966250, 11031191055321648750, 12168507554210823750, 13412399437530152400, 14771869471359450000, 16256599162917750000, 17876993870940750000, 19644230517912000000, 21570308031732235776, 23668100649582737920, 25951414222076428800, 28435045661298587025, 31134845682021606525, 34067784991239263187, 37252024087209648255, 40706986835426521050, 44453437995360625650, 48513564878429874150, 52911063324474656158, 57671228191036389930, 62821048556968351650, 68389307849352439950, 74406689110358554950, 80905885628569465464, 87921717167408244120, 95491252031652477000, 103653935221604481000, 112451722933314737875, 121929223672331799255, 132133846257781223625, 143115955003163938125, 154929032370116111250, 167629849401493586250, 181278644250539641806, 195939309133570872870, 211679586044577951300, 228571271581391638900, 246690431244615465900, 266117623582380812892, 286938134566143677280, 309242222595221176800, 333125374540565930400, 358688573251404026400, 386038576961823583413, 415288211048202253905, 446556672602509815775, 479969848301022726075, 515660646062847735450, 553769341007878025394, 594443936239404557670, 637840538992584222750, 684123752706331830750, 733467085592961975750, 786053376297066377610, 842075237252679603250, 901735516365768315000, 965247777667483695000, 1032836801602450845000, 1104739105635640239336, 1181203485881082280695, 1262491580475854325675, 1348878455443397949525, 1440653213811320534025, 1538119628770407404722, 1641596801683626717930, 1751419845776457197550, 1867940596362916830150, 1991528348485227017400, 2122570622869119822168, 2261473961121394283880, 2408664751121459867400, 2564590083584279587200, 2729718640798350947200, 2904541618569148381824, 3089573682425805294720, 3285353959176746081625, 3492447064928497801125, 3711444170711026624875, 3942964106882665156215, 4187654507518032548250, 4446192996013309571250, 4719288413174824963750, 5007682089089147238750]
Predicted:    
[1, 45, 675, 5775, 34650, 162162, 630630, 2123550, 6370650, 17381650, 43801758, 103169430, 229265400, 484306200, 978496200, -2739789360, 7191947070, -17768339820, 41459459580, -91647226440, 192459175524, -384918351048, 734844124728, -1341889271243, 2348306224675, -3945154457454, 6372941815887, -9913465046936, 14870197570404, -21536148205413, 30150607487578, -40849210144461, 53614588314605, -68236748764043, 84292454355582, -101150945226699, 118009436097815, -133956657192115, 148057357949179, -159446385483732, 167418704757918, -171502087800795, 171502087800795, -167513667154265, 159899409556343, -149239448919254, 136262105534971, -121766136861038, 106545369753408, -91324602645779, 76712666222454, -63175136889080, 51026072102718, -40435755251211, 31450031862053, -24016387967386, 18012290975539, -13272214403029, 9610913878055, -6841667506413, 4789167254489, -3297459421124, 2233762833664, -1489175222443, 977271239728, -631467570286, 401842999272, -251901581634, 155586271009, -94704686702, 56822812021, -33613494435, 19607871753, -11281241283, 6402866674, -3585605338, 1981518739, -1080828404, 581984525, -309409495, 162439984, -84228140, 43141242, -21830508, 10915254, -5393420, 2633995, -1271584, 606892, -286399, 133652, -61686, 28161, -12718, 5682, -2513, 1099, -476, 204, -87, 36, -15, 6, -3, 1, -1, 0, 0, 0, 0, 0, 0, 0, 0, 0, 0, 0, 0, 0, 0, 0, 0, 0, 0, 0, 0, 0, 0, 0, 0, 0, 0, 0, 0, 0, 0, 0, 0, 0, 0, 0, 0, 0, 0, 0, 0, 0, 0, 0, 0, 0, 0, 0, 0, 0, 0, 0, 0, 0, 0, 0, 0, 0, 0, 0, 0, 0, 0, 0, 0, 0, 0, 0, 0, 0, 0, 0, 0, 0, 0, 0, 0, 0, 0, 0, 0, 0, 0, 0, 0, 0, 0, 0, 0, 0, 0, 0, 0, 0, 0]
len(predicted_full) = 200, len(input_sequence + seq_pred) = 200
is_manual_check: False
