test results being evaluated: data/test_linrec15.tsv
csv file used: ../linear_database_newbl.csv
The sequence ID inspected: A106567
csv results file used: ../linear_database_newbl.csv
Results we are looking at now:
('Could you give me a recursive equation in a form of a Python code for the following number sequence: 0,4,20,116,660,3764,21460,122356,697620,3977524,22678100,129300596,737215380,4203279284', 'Certainly, the Python code is the following: lambda a_n: n * ( a_n[-1] + n )')

Experiment type: Evaluation of the results of llms.
Ground truth: 
[0, 4, 20, 116, 660, 3764, 21460, 122356, 697620, 3977524, 22678100, 129300596, 737215380, 4203279284, 23965257940, 136639406836, 779058065940, 4441847957044, 25325472048980, 144394752073076, 823275648561300, 4693957251098804, 26762888849739220, 152590273253091316, 870002921664413460, 4960375701334432564, 28281890193329816660, 161250953771986813556, 919382329633253334420, 5241915463254213926324, 29887106634804082969300, 170403195027037270551796, 971564401674402684636180, 5539434788480162505388084, 31583431549098423265485140, 180074896899412766348978036, 1026708210693457524806830740, 5853840641064938689430065844, 33376036048098523546377652180, 190295542804752372489608524276, 1084981858216155956633553230100, 6186091462299789273126200247604, 35270384744363570192165214158420, 201096289571017008053330871782516, 1146562986832539321035315215546260, 6537200092446764637389899564861364, 37272252409563980471090758686491860, 212510062417606960905013391691904756, 1211639321726290726409429993205491220, 6908236858301881475667203532795075124, 39387741578414570283973737636797340500, 224571655325280377322537502315167002996, 1280409242940060167748582462123024376980, 7300332836001422348033062319875789896884, 41623301151767352411159641447871046992340, 237317837102842451447930456518858394549236, 1353082390121281666884290848385776160715540, 7714683299017778140213176068004314381774644, 43985746055574017368603043733564676551735380, 250787463473941199403867922939840640285775476, 1429880301592002066493751789633461907635818900, 8152551361855775130084230639926672099322196404, 46482278015646883916396160358167208127154257620, 265021595525657520102317724350542729033060073716, 1511037089690875136177173263185382477673917399060, 8615271830557005761295137213329083304501827290164, 49120507511548529351184379119386946433204806047060, 280063624879970669801102444450251065384031339395956, 1596800154446047466410249738728803112652975921168020, 9104255271750120011255658471445019824801004963423924, 51908476976534789921919291312140311574616928501791700, 295959405969674429654619090446481637172288662362654196, 1687430937754511307960772617480969432159911025820437780, 9620992312651254258422339449190773709488709778552805684, 54854685314274316523954787715877746276083192996045779540, 312757395821976599653463296376151826218370804094440120436, 1783205720366980264363135632744270116196186792456383720340, 10167058185122807720429531349225957885854417178659679083444, 57968113807081959659600199277106869894056833063123930298580, 330508801775901029179719121782438181013701834030258367826676, 1884416464107832984536996406020618384644736502403787560327700, 10744117527642769039403858517232844647278489848139971272945204, 61258253494645177135167278210246696774971395250315006606036820, 349267737583796961833451825120164862463970935644134918121964916, 1991371701897565517707928238441811099419740259221934617033971860, 11353929459823015435873448492689714946954585038686212757657718964, 64735134106705339250198955417215819132451886230318802256424482260, 369091388372818757994488571056837955450077771306338862312753287156, 2104397478290915146973238676953053053780196401452969520589464364820, 11998352944945850766844147668992617090701293092490203052198334972724, 68409354637892914422113693052775297668627251068262893343349532322900, 390040184969247975177945055939846956705941427711275278925541001505396, 2223838343397811533578180051910335974204216142829427968001103136818580, 12679352456866049568602680483311067697844846424992240955707679690114484, 72292115657921493977326122624196682386041096696278916650542810997846740, 412177988117071668161041335054227682721584869181363547075544773749691636, 2350058403217044316714511165767925143152088732691933401979895112739845140, 13399003968553508256216721169056536446646783140185121198201654658697992244, 76395253455635718547941650508354382805842270631693339598927853744449341780, 435572283152392625764575137217998059815798485719207182787445887357038677876, 2483442429584506003014642288123407830302361511122809272332940851762990756500, 14159501280532100518131511989489031390775001498490875092814487808243108494004, 80731276120998526602716129099938788275084453536945612553404202448267505496020, 460294385727121035086106693457650066938522273678691563138278963474309961456116, 2624397033119599281841397983688005487792949182541240265905011627164619829264660, 14963162708506480549551416692270627706718835007420967582078173989720338992147764, 85313401675010799875122675396105160484765971767269798974010916457260174277797460, 486419659209079921573819043749608313250705198866032865198367278245182227357578356, 2773351902745442807369585920332462208192589881399243521887880057054951833899081620, 15812438150563533723143205776660744293965770202460349070232869398255488078925721524, 90155598363799439845194372564633570302599210537898719438715867219497247730224934100, 514027744421251334118544685929810828688859133499334993474510813690508190966827556596, 2930761115561454429973500919907588424654692509648269845127417537330529945755037519380, 16709916555492277486341683343257185438028899082238689199535130941414682492642497823284, 95272627239707205151602420395916280888763265449786525378185324856395532246232639193940, 543202802420505135703378835352610146195931923577887383689067148047636391201733187262836, 3097104521061354499123303858346715854534712679688583019958077039663764084993596493089940, 17658333814988793038430034633144019857457291092754464634546653790509365989774915214501044, 100680087159189383188643388599106962705425306182526655252565577111201886288848962044864980, 574033771055902088096937081528110892956955695283651134801014500718046895403344471082329076, 3272889203916267973239258962036982315606479701148362295015334812035042022172118203591105300, 18660581103804948218584043136297355149860221286876416014280732063047397692473968902284842804, 106394462334689812985877251529634705011727025238975529251464999563377156551058317325788635220, 606614636088668857803722430193362945658076011342383310314447926069075373525187462238082547316, 3458651029782103540962121157085353548337288157667818668578099628598885493830170580493567277460, 19719713693265193136025495506200219524318744833708626584148289847270728963251602751420166576564, 112433172585454379843975962159342511814942876799214407595053847750749186791578696079075101992660, 641044717700332671763981792821513437171989363330906544311862398142828849810899891401056176269556, 3654956278843480878195812812744937233119718323851390351939527381717140996220814241321581289318420, 20838960265018735078034991235010739914286549072580577936945086501157020380347670772212131151670324, 118814626440467598902958207426033448503911618658308451092483542032653665886621610826346980915625300, 677428973262412934826931002070210202176704289581864567210198056167896410954498737220583429184807796, 3862403372073935069746487840055184804899167922542556640420924448970096718318980129408305069586540180, 22021732753419327088040163208556764833202656771040241470945414469522069235412895595923859064671932084, 125558277255392375719186767403004563385609955545371433916410770143490733050340398497252515601705821140, 715878317290639186948094489849249876260860404811018135465835508595541942193353574869958014267216834036, 4081624695474765437617219518858267634846741846236576412994820623551672643168129468338800133742907454740, 23271636746536383935878475553688337679277150850426954606837445152140530984614061641173832725783404609844, 132684682514580981429861255843874758935772721637081078686166508254909345495742826079224364163888652868180, 756509959559050442892820181434127145395972211587113211858182321883108851417170376960817151722576882780276, 4313288527853576140183545930546134762722951944483890374035577642435181639068823189120983215268439025374100, 24592482477504082472489010378467182395198648568767904717610617499708343601012797453448184683232502657991604, 140215566498934716923179235614520451026885050621775085084195398068282444561339280023724856277236269391454420, 799447762404689914505852219586470984715219847383947044291419460340245597210747589932417020119111357589238516, 4558101078019188440221978040390436727683639439406835561793878893974357764299095069756984525704501865512010260, 25988296439714701859133299080298067577279076586569965986135072311232771210338465708514590708998954757917005364, 148173886510650263056554407563052084797129940690477172177850877132061287108888708821600891647812781251633067860, 844822618312110122719305234136452694294766009798665724833794674905237520385797406942062821075059725289833360756, 4816808637603151665822743800934471810662349811755237312880376883054432750364541869996717671966549751455699075220, 27463333661264198819990939941218169830490813097970849463737063114893113833365898977751839644132987658437828819124, 156583902856733600763245674909828736395103464736875196570206823106683300168287662368746068908531137298011940396500, 892772848928724799096192134314016361297480576076259380705982367992988956174901907754737703119187637123811017258996, 5090199856070558398533943371209396752067816739328797689810739132391677981547660188248672791230062734811102847880980, 29022090676067691189054485393303049205529006000949025971877625133930345732437908572262314768627064222550758308440884, 165471252804620689539408200451352833035916296962060320618631082199218440588380183614306265008055572051998202933728340, 943444626727374212453258943829976362001697508814097706980665911531813585871652552360580584114786117150194047902405236, 5379108144855353820423927520955293142152152731918729817377853886455941691711783496260127980606152873958963051246939540, 30669319231186265951932673380096371158767553694850039914811933078406962802045527690742962239489908838395591447844318644, 174863028735352745041359076984303028362446379401925118843571080937858580777074772438755323119874155687813809444209351380, 996992420601508789014526078441900626447302111789025753877103137002920755093555972956748464557330413792651413012424031476, 5684414217948954925238066700146715245686296076552829244759800008766038098576078954538763615266148691714512302838957562900, 32410040772150809782248437814501178734220688829920249239307412591841873513254618664520811934560065113743167166244483940404, 184787860732549868612194455873092754653848628455812563175576262994273519960577409140759114133864920335573885042578249953620, 1053579466751352582189966030623468488206125897598743812835110965338735093855905520361878818407564862132842093877869185529716, 6007048776686962385398607976609713459646024001816969316877859878670769549121837238372430548573283992006506009559658927463060, 34249561750440222255752904005542441251054623599479821835729743254708788121032808273309668016496679408563898423309771379434164, 195276003858948960820358951934151060093857214004666986446160155788227018801651390320038062276776533010845516154787492607023060, 1113378266296505693124806375692925065473504564421254219573719751959970246492388184693428983449869382688483174467176548552851956, 6347995346918324308905467686201229567742951678124939043653239382952759307668546484747297166356453045485797936955032713192352020, 36193489799777644317026563933777848100608776648309712096561075922603677524312285162510201765581742758182922382643869760173167924, 206359430386561518820754690413694158774015689954048316657418337144829424852235611751540197493334525972857803661039479653635247700, 1176571111131918171371879707803582186272513556363480431673335989414561834358427199407741794528999600897020707835772877308868910196, 6708293277205836932142417300672687566458630541633595424996353295652126871201078444044869762618336108376534753823022305158885541780, 38247750830556857346199605334577766577383206933621898851675110435918881693439101017855315991207678945470756600458203035029903349684, 218071927261607634459567695875579583152750556834643875958360965362202915951999818865456059006511739160859922017583104395785058915540, 1243350639630265601682636900716208982073285611907706975198505268554690106533755498398701558997389411586182636489748334119044907976436, 7089040907197758546251455287083363242977430286877110379825970204222262196476776767455332031012994014574352870519074088178364775544340, 40418607094509855137987824038281652143180293882016379799923872095330071408518905830871466391054527719216494898554363777368003509627444, 230449199101340309874944941339741713687811190557590340518923241293539405828501636224178660079324614654379885974848115239553476650314580, 1313920423884740969926676002851835177011777128316017221794311694849017314776583804444379165960841184148765409468458031307239397290082676, 7491398915829066089133159779618142739810130403810447471047251439419244197196925567118610470121504379361346591241682617494410893051671700, 42712676274684294325372502909498054407097760532316306242413503976492290245090963053370569014450886633401794594082245212701012054418689204, 243528977036737735983395153665962842994729324276823321096256525640138428014242517535327286952740450684454359335377956533482703844300132820, 1388495590282425857218465779967806432602037663513381830450936644106661301051576439890118710821505799955878975053218763518217567439175420916, 7916593859559080230025909514502883534989105614674202436639709323093860217314852269591902701918490802517212312607605643725018652573077635860, 45136951658925104579003410692385643405353678727424539505002293191895946290780567107519988352878477212409577463250903272697963532622089862964, 257351133732861843815120691519939751166724816095819507271570303251855172323162244615967552572066349272116736566684938938389892273402759858260, 1467303475300009637391617100369241329455038795388795694377860689026859646778933491509917716271845655210221992686428307782741315497502158743156, 8365921911431495562218568267925965651942093241327256500975584658141718923187316436013458791647493673139576909698881294667266146581121833148820, 47698823458357516360659309741106793577530621388191465282389366046816033203052316146106964823324850986538772519240119704467295994895617800716724, 271957804937513564052170821777237830495421479906266352415849168866647041708010846474588659283214229625252170234996123701005544560802576336178900, 1550584318520997885703491347850616326787229885084097623208803308520499341352263496957371155709370552072415941251941097322896906783595352883761396, 8840752812355043684726140026362032955917835345045553525707413218069084873593360870685210415679709678863088387199689981418506712161187069763522580, 50406101335859209966444665523212630086738096265564158121372279324427421733375858341255536701236030602605105701006214296384121187940316760352658484, 287393517928716224571127887721511282257361822708003004709691049494413448161252735189018525168898991728477882053829831407594632788346332080817382740, 1638591994987017962721418100700406931633761498602271656033944364769776927739767109310114772649439081052809833073174014223509648693492927445497547636, 9342534046649954711891602054388079787198254783843370299008486021826538431343846487306647963922791372177960693581189396747926774620849965550757269140, 53267038213197845410343682674742026662526319913625938119178207568211799867678300873773698910211713185101042800198643040633672467878221537535776536244, 303705327252589045899284821591262452461424618703503171791924981928365153063766890318095086406749731414217056775317972790160069437874507549881911757780, 1731594789115736611137798838655280368957228373172019611436337739914672964789547655085570227674595509811489455077384436113335037060885423899552664933876]
Predicted:    
[0, 4, 20, 116, 660, 3764, 21460, 122356, 697620, 3977524, 22678100, 129300596, 737215380, 4203279284, 58845910172, 882688652805, 14123018445136, 240091313567601, 4321643644217142, 82111229240126059, 1642224584802521580, 34486716280852953621, 758707758178764980146, 17450278438111594543887, 418806682514678269053864, 10470167062866956726347225, 272224343634540874885028526, 7350057278132603621895770931, 205801603787712901413081586852, 5968246509843674140979366019549, 179047395295310224229380980587370, 5550469254154616951110810398209431, 177615016132947742435545932742702816, 5861295532387275500373015780509194017, 199284048101167367012682536537312597734, 6974941683540857845443888778805940921915, 251097900607470882435979996037013873190236, 9290622322476422650131259853369513308040101, 353043648254104060704987874428041505705525282, 13768702281910058367494527102693618722515487519, 550748091276402334699781084107744748900619502360, 22580671742332495722691024448417534704925399598441, 948388213177964820353023026833536457606866783136286, 40780693166652487275179990153842067677095271674862147, 1794350499332709440107919566769050977792191953693936404, 80745772469971924804856380504607294000648637916227140205, 3714305533618708541023393503211935524029837344146448451546, 174572360080079301428099494650960969629402355174883077224871, 8379473283843806468548775743246126542211313048394387706796112, 410594190908346516958890011419060200568354339371324997633011889, 20529709545417325847944500570953010028417716968566249881650596950, 1047015186816283618245169529118603511449303565396878743964180447051, 54444789714446748148748815514167382595363785400637694686137383249356, 2885573854865677651883687222250871277554280626233797818365281312218677, 155820988162746593201719110001547048987931153816625082191725190859811474, 8570154348951062626094551050085087694336213459914379520544885497289634095, 479928643541259507061294858804764910882827953755205253150513587848219512456, 27355932681851791902493806951871599920321193364046699429579274507348512213241, 1586644095547403930344640803208552795378629215114708566915597921426213708371342, 93612001637296831890333807389304614927339123691767805448020277364146608793912659, 5616720098237809913420028443358276895640347421506068326881216641848796527634763140, 342619925992506404718621735044854890634061192711870167939754215152776588185720555261, 21242435411535397092554547572781003219311793948135950412264761339472148467514674430026, 1338273430926730016830936497085203202816643018732564875972679964386745353453424489095607, 85649499579310721077179935813453004980265153198884152062251517720751702621019167302122944, 5567217472655196870016695827874445323717234957927469884046348651848860670366245874637995585, 367436353195242993421101924639713391365337507223213012347059011022024804244172227726107712966, 24618235664081280559213828950860797221477612983955271827252953738475661884359539257649216773211, 1674040025157527078026540368658534211060477682908958484253200854216345008136448669520146740582972, 115508761735869368383831285437438860563172960120718135413470858940927805561414958196890125100229829, 8085613321510855786868189980620720239422107208450269478942960125864946389299047073782308757016092930, 574078545827270760867641488624071136998969611799969133004950168936411193640232342238543921748142603071, 41333655299563494782470187180933121863925812049597777576356412163421605942096728641175162365866267426296, 3017356836868135119120323664208117896066584279620637763074018087929777233773061190805786852708237522124937, 223284405928241998814903951151400724308927236691927194467477338506803515299206528119628227100409576637250814, 16746330444618149911117796336355054323169542751894539585060800388010263647440489608972117032530718247793816675, 1272721113790979393244952521562984128560885249143985008464620829488780037205477210281880894472334586832330073076, 97999525761905413279861344160349777899188164184086845651775803870636062864821745191704828874369763186089415632781, 7643963009428622235829184844507282676136676806358773960838512701909612903456096124952976652200841528514974419363002, 603873077744861156630505602716075331414797467702343142906242503450859419373031593871285155523866480752682979129683399, 48309846219588892530440448217286026513183797416187451432499400276068753549842527509702812441909318460214638330374678320, 3913097543786700294965676305600168147567887590711183566032451422361569037537244728285927807794654795277385704760348950481, 320873998590509424187185457059213788100566782438317052414661016633648661078054067719446080239161693212745627790348613946166, 26632541883012282207536392935914744412347042942380315350416864380592838869478487620714024659850420536657887106598934957538667, 2237133518173031705433057006616838530637151607159946489435016607969798465036192960139978071427435325079262516954310536433255084, 190156349044707694961809845562431275104157886608595451601976411677432869528076401611898136071332002631737313941116395596826689365, 16353446017844861766715646718369089658957578248339208837769971404259226779414570538623239702134552226329408998936010021327095292786, 1422749803552502973704261264498110800329309307605511168885987512170552729809067636860221854085706043690658582907432871855457290479951, 125201982712620261685974991275833750428979219069284982861966901071008640223197952043699523159542131844777955295854092723280241562243432, 11142976461423203290051774223549203788179150497166363474715054195319768979864617731889257561199249734185238021331014252371941499039673369, 1002867881528088296104659680119428340936123544744972712724354877578779208187815595870033180507932476076671421919791282713474734913570611310, 91260977219056034945524030890867979025187242571792516857916293859668907945091219224173019426221855322977099394701006726926200877134925637491, 8396009904153155214988210841959854070317226316604911550928299035089539530948392168623917787212410689713893144312492618877210480696413158657636, 780828921086243434993903608302266428539502047444256774236331810263327176378200471682024354210754194143392062421061813555580574704766423755168797, 73397918582106882889426939180413044282713192459760136778215190164752754579550844338110289295810894249478853867579810474224574022248043832985875754, 6972802265300153874495559222139239206857753283677212993930443065651511685057330212120477483102034953700491117420081995051334532113564164133658205655, 669389017468814771951573685325366963858344315233012447417322534302545121765503700363565838377795355555247147272327871524928115082902159756831187752096, 64930734694475032879302647476560595494259398577602207399480285827346876811253858935265886322646149488858973285415803537918027163041509496412625211962721, 6363212000058553222171659452702938358437421060605016325149068011079993927502878175656056859619322649908179381970748746715966661978067930648437270772356262, 629957988005796768994994285817590897485304684999896616189757733096919398822784939389949629102312942340909758815104125924880699535828725134195289806463279739, 62995798800579676899499428581759089748530468499989661618975773309691939882278493938994962910231294234090975881510412592488069953582872513419528980646327983900, 6362575678858547366849442286757668064601577318498955823516553104278885928110127887838491253933360717643188564032551671841295065311870123855372427045279126384101, 648982719243571831418643113249282142589360886486893493998688416636446364667233044559526107901202793199605233531320270527812096661810752633247987558618470891188706, 66845220082087898636120240664676060686704171308150029881864906913553975560725003589631189113823887699559339053725987864364645956166507521224542718537702501792447327, 6951902888537141458156505029126310311417233816047603107713950319009613458315400373321643667837684320754171261587502737893923179441316782207352442727921060186414532824, 729949803296399853106433028058262582698809550684998326309964783496009413123117039198772585122956853679187982466687787478861933841338262131772006486431711319573525957545, 77374679149418384429281900974175833766073812372609822588856267050576997791050406155069894023033426489993926141468905472759364987181855785967832687561761399874793751511006, 8279090668987767133933163404236814212969897923869251017007620574411738763642393458592478660464576634429350097137172885585252053628458569098558097569108469786602931411689091, 894141792250678850464781647657575935000748975777879109836823022036467786473378493527987695330174276518369810490814671643207221791873525462644274537463714736953116592462433492, 97461455355323994700661199594675776915081638359788822972213709401974988725598255794550658790988996140502309343498799209109587175314214275428225924583544906327889708578405262509, 10720760089085639417072731955414335460658980219576770526943508034217248759815808137400572467008789575455254027784867913002054589284563570297104851704189939696067867943624578888090, 1190004369888505975295073247050991236133146804373021528490729391798114612339554703251463543837975642875533197084120338343228059410586556302978638539165083306263533341742328256590311, 133280489427512669233048203669711018446912442089778411190961691881388836582030126764163916909853272002059718073421477894441542653985694305933607516386489330301515734275140764738127376, 15060695305308931623334447014677345084501105956144960464578671182596938533769404324350522610813419736232748142296627002071894319900383456570497649351673294324071277973090906415408406257, 1716919264805218205060126959673217339633126079000525492961968514816050992849712092975959577632729849930533288221815478236195952468643714049036732026090755552944125688932363331356558326294, 197445715452600093581914600362419994057809499085060431690626379203845864177716890692235351427763932742011328145508779997162534533894027115639224183000436888588574454227221783106004207537035, 22903702992501610855502093642040719310705901893867010076112659987646120244615159320299300765620616198073314064879018479670854005931707145414150005228050679076274636690357726840296488074309516, 2679733250122688470093744956118764159352590521582440178905181218554596068619973640475018189577612095174577745590845162121489918694009736013455550611681929451924132492771854040314689104694227061, 316208523514477239471061904822014170803605681546727941110811383789442336097156889576052146370158227230600173979719729130335810405893148849587754972178467675327047634147078776757133314353918807122, 37628814298222791497056366673819686325629076104060624992186554670943637995561669859550205418048829040441420703586647766509961438301284713100942841689237653363918668463502374434098864408116338061679, 4515457715786734979646764000858362359075489132487274999062386560513236559467400383146024650165859484852970484430397731981195372596154165572113141002708518403670240215620284932091863728973960567415880, 546370383610194932537258444103861845448134185030960274886548773822101623695555446360668982670068997667209428616078125569724640084134654034225690061327730726844099066090054476783115511205849228657336121, 66657186800443781769545530180671145144672370573777153536158950406296398090857764456001615885748417715399550291161531319506406090264427792175534187481983148674980086062986646167540092367113605896195021646, 8198833976454585157654100212222550852794701580574589884947550899974456965175505028088198753947055378994144685812868352299287949102524618437590705060283927287022550585747357478607431361154973525231987677587, 1016655413080368559549108426315596305746542995991249145733496311596832663681762623482936645489434866995273941040795675685111705688713052686261247427475206983590796272632672327347321488783216717128766472036164, 127081926635046069943638553289449538218317874498906143216687038949604082960220327935367080686179358374409242630099459460638963211089131585782655928434400872948849534079084040918415186097902089641095809004536125, 16012322756015804812898457714470641815508052186862174045302566907650114452987761319856252166458599155175564571392531892040509364597230579808614646982734509991555041293964589155720313448335663294778071934571567626, 2033564990014007211238104129737771510569522627731496103753425997271564535529445687621744025140242092707296700566851550289144689303848283635694060166807282768927490244333502822776479807938629238436815135690589104631, 260296318721792923038477328606434753352898896349631501280438527650760260547769048015583235217950987866533977672556998437010520230892580305368839701351332194422718751274688361315389415416144542519912337368395405409152, 33578225115111287071963575390230083182523957629102463665176570066948073610662207194010237343115677434782883119759852798374357109785142859392580321474321853080530718914434798609685234588682645985068691520523007297797249, 4365169264964467319355264800729910813728114491783320276472954108703249569386086935221330854605038066521774805568780863788666424272068571721035441791661840900468993458876523819259080496528743978058929897667990948713659270, 571837173710345218835539688895618316598382998423614956217956988240125693589577388513994341953259986714352499529510293156315301579640982895455642874707701157961438143112824620322939545045265461125719816594506814281489381531, 75482506929765568886291238934221617790986555791917174220770322447696591553824215283847253137830318246294529937895358696633619808512609742200144859461416552850909834890892849882628019945975040868595015790474899485156598379516, 10039173421658820661876734778251475166201211920324984171362452885543646676658620632751684667331432326757172481740082706652271434532177095712619266308368401529171008040488749034389526652814680435523137100133161631525827584493317, 1345249238502281968691482460285697672270962397323547878962568686662848654672255164788725745422411931785461112553171082691404372227311730825490981685321365804908915077425492370608196571477167178360100371417843658624460896322122434, 181608647197808065773350132138569185756579923638678963659946772699484568380754447246477975632025610791037250194678096163339590250687083661441282527518384383662703535452441470032106537149417569078613550141408893914302221003486546815, 24698776018901896945175617970845409262894869614860339057752761087129901299782604825521004685955483067581066026476221078214184274093443377956014423742500276178127680821532039924366489052320789394691442819231609572345102056474170385336, 3383732314589559881489059662005821069016597137235866450912128268936796478070216861096377641975901180258606045627242287715343245550801742779973976052722537836403492272549889469638209000167948147072727666234730511411278981736961342809801, 466955059413359263645490233356803307524290404938549570225873701113277913973689926831300114592674362875687634296559435704717367886010640503636408695275710221423681933611884746810072842023176844296036417940392810574756499479700665307771582, 64906753258456937646723142436595659745876366286458390261396444454745630042342899829550715928381736439720581167221761562955714136155479030005460808643323720777891788772051979806600125041221581357149062093714600669891153427678392477780269219, 9086945456183971270541239941123392364422691280104174636595502223664388205928005976137100229973443101560881363411046618813799979061767064200764513210065320908904850428087277172924017505771021390000868693120044093784761479874974946889237710260, 1281259309321939949146314831698398323383599470494688623759965813536678737035848842635331132426255477320084272240957573252745797047709156052307796362619210248155583910360306081382286468313714015990122485729926217223651368662371467511382517166541, 181938821923715472778776706101172561920471124810245784573915145522208380659090535654217020804528277779451966658215975401889903180774700159427707083491927855238092915271163463556284678500547390270597392973649522845758494350056748386616317437668986, 26017251535091312607365068972467676354627370847865147194069865809675798434249946598553033975047543722461631232124884482470256154850782122798162112939345683299047286883776375288548709025578276808695427195231881766943464692058115019286133393586685447, 3746484221053149015460569932035345395066341402092581195946060676593314974531992310191636892406846296034474897425983365475716886298512625682935344263265778395062809311263798041551014099683271860452141516113390974439858915656368562777203208676482725104, 543240212052706607241782640145125082284619503303424273412178798106030671307138884977787349398992712924998860126767587993978948513284330724025624918173537867284107350133250716024897044454074419765560519836441691293779542770173441602694465258089995161105, 79313070959695164657300265461188262013554447482299943918178104523480478010842277206756953012252936087049833578508067847120926482939512285707741238053336528623479673119454604539634968490294865285771835896120486928891813244445322473993391927681139293542646, 11659021431075189204623139022794674515992503779898091755972181364951630267593814749393272092801181604796325536040685973526776192992108305999037961993840469707651511948559826867326340368073345197008459876729711578547096546933462403677028613369127476150790571, 1725535171799128002284224575373611828366890559424917579883882842012841279603884582910204269734574877509856179334021524081962876562832029287857618375088389516732423768386854376364298374474855089157252061755997313624970288946152435744200234778630866470317026412, 257104740598070072340349461730668162426666693354312719402698543459913350660978802853620436190451656748968570720769207088212468607861972363890785137888170037993131141489641302078280457796753408284430557201643599730120573052976712925885834982015999104077236957589, 38565711089710510851052419259600224364000004003146907910404781518987002599146820428043065428567748512345285608115381063231870291179295854583617770683225505698969671223446195311742068669513011242664583580246539959518085957946506938882875247302399865611585543660850, 5823422374546287138508915308199633878964000604475183094471122009367037392471169884634502879713730025364138126825422540548012413968073674042126283373167051360544420354740375492073052369096464697642352120617227533887230979649922547771314162342662379707349417092811151, 885160200931035645053355126846344349602528091880227830359610545423789683655617822464444437716486963855348995277464226163297886923147198454403195072721391806802751893920537074795103960102662634041637522333818585150859108906788227261239752676084681715517111398107318056, 135429510742448453693163334407490685489186798057674858045020413449839821599309526837059998970622505469868396277452026602984576699241521363523688846126372946440821039769842172443650905895707383008370540917074243528081443662738598770969682159440956302474118043910419685977, 20856144654337061868747153498753565565334766900881928138933143671275332526293667132907239841475865842359733026727612096859624811683194289982648082303461433751886440124555694556322239507938936983289063301229433503324542324061744210729331052553907270581014178762204631664174, 3232702421422244589655808792306802662626888869636698861534637269047676541575518405600622175428759205565758619142779875013241845810895114947310452757036522231542398219306132656229947123730535232409804811690562193015304060229570352663046313145855626940057197708141717907970995, 504301577741870155986306171599861215369794663663325022399403413971437540485780871273697059366886436068258344586273660502065727946499637931780430630097697468120614122211756694371871751301963496255929550623727702110387433395812975015435224850753477802648922842470107993643499556, 79175347705473614489850068941178210813057762195142028516706335993515693856267596789970438320601170462716560100044964698824319287600443155289527608925338502494936417187245801016383864954408268912180939447925249231330827043142637077423330301568296015015880886267806955002029454941, 12509704937464831089396310892706157308463126426832440505639601086975479629290280292815329254654984933109216495807104422414242447440870018535745362210203483394199953915584836560588650662796506488124588432772189378550270672816536658232886187647790770372509180030313498890320653905642, 1989043085056908143214013431940279012045637101866358040396696572829101261057154566557637351490142604364365422833329603163864549143098332947183512591422353859677792672577989013133595455384644531611809560810778111189493036977829328659028903835998732489228959624819846323560983971022359, 318246893609105302914242149110444641927301936298617286463471451652656201769144730649221976238422816698298467653332736506218327862895733271549362014627576617548446827612478242101375272861543125057889529729724497790318885916452692585444624613759797198276633539971175411769757435363603040, 51237749871065953769192986006781587350295611744077383120618903716077648484832301634524738174386073488426053292186570577501150785926213056719447284355039835425299939245608996978321418930708443134320214286485644144241340632548883506256584562815327348922537999935359241294930947093540115361, 8300515479112684510609263733098617150747889102540536065540262402004579054542832864793007584250543905125020633334224433555186427320046515188550460065516453338898590157788657510488069866774767787759874714410674351367097182472919128013566699176083030525451155989528197089778813429153498714726, 1352984023095367575229309988495074595571905923714107378683062771526746385890481756961260236232838656535378363233478582669495387653167581975733724990679181894240470195719551174209555388284287149404859578448939919272836840743085817866211371965701533975648538426293096125633946588952020290526907, 221889379787640282337606838113192233673792571489113610104022294530386407286039008141646678742185539671802051570290487557797243575119483444020330898471385830655437112098006392570367083678623092502396970865626146760745241881866074130058665002375051572006360301912067764603967240588131327646439644, 36611747664960646585705128288676718556175774295703745667163678597513757202196436343371701992460614045847338509097930447036545189894714768263354598247778662058147123496171054774110568806972810262895500192828314215522964910507902231459679725391883509381049449815491181159654594697041669061662568485, 6077550112383467333227051295920335280325178533086821780749170647187283695564608432999702530748461931610658192510256454208066501522522651531716863309131257901652422500364395092502354421957486503640653032009500159776812175144311770422306834415052662557254208669371536072502662719708917064235986396066, 1014950868768039044648917566418695991814304815025499237385111498080276377159289608310950322634993142578979918149212827852747105754261282805796716172624920069575954557560853980447893188466900246107989056345586526682727633249100065660525241347313794647061452847785046524107944674191389149727409728170911, 170511745953030559501018151158340926624803208924283871880698731677486431362760654196239654202678847953268626249067755079261513766715895511373848317000986571688760365670223468715246055662439241346142161466058536482698242385848811030968240546348717500706324078427887816050134705264153377154204834332741272, 28816485066062164555672067545759616599591742308203974347838085653495206900306550559164501560252725304102397836092450608395195826574986341422180365573166730615400501798267766212876583406952231787498025287763892665576002963208449064233632652332933257619368769254313040912472765189641920739060617002233303529, 4898802461230567974464251482779134821930596192394675639132474561094185173052113595057965265242963301697407632135716603427183290517747678041770662147438344204618085305705520256189019179181879403874664298919861753147920503745436340919717550896598653795292690773233216955120370082239126525640304890379661628830, 837695220870427123633387003555232054550131948899489534291653149947105664591911424754912060356546724590256705095207539186048342678534852945142783227211956858989692587275643963808322279640101378062567595115296359788294406140469614297271701203318369798995050122222880099325583284062890635884492136254922138559171, 144083577989713465264942564611499913382622695210712199898164341790902174309808765057844874381326036629524153276375696740000314940707994706564558715080456579746227125011410761775031432098097437026761626359830973883586637856160773659130732606970759605427148621022335377084000324858817189372132647435846607832206996, 24926458992220429490835063677789485015193726271453210582382431129826076155596916355007163267969404336907678516812995536020054484742483084235668657708918988296097292626974061787080437752970856605629761360250758481860488349115813843029616741005941411738896711436864020235532056200575373761378948006401463154971840237, 4337203864646354731405301079935370392643708371232858641334543016589737251073863445771246408626676354621936061925461223267489480345192056657006346441351903963520928917093486750951996169016929049379578476683631975843724972746151608687153312935033805642568027790014339520982577778900115034479936953113854588965100231514, 759010676313112077995927688988689818712648964965750262233545027903204018937926103009968121509668362058838810836955714071810659060408609914976110627236583193616162560491360181416599329577962583641426233419635595772651870230576531520251829763630915987449404863252509416171951111307520131033988966794924553068892540545575, 133585879031107725727283273262009408093426217833972046153103924910963907333074994129754389385701631722355630707304205676638675994631915345035795470393638642076444610646479391929321482005721414720891017081855864855986729160581469547564322038399041213791095255932441657246263395590123543061982058155906721340125087136052176, 23644700588506067453729139367375665232536440556613052169099394709240611597954273960966526921269188814856946635192844404765045651049849016071335798259674039647530696084426852371489902315012690405597710023488488079509651061422920109918885000796630294841023860300042173332588621019451867121970824293595489677202140423081266481, 4208756704754080006763786807392868411391486419077123286099692258244828864435860765052041791985915609044536501064326304048178125886873124860697772090221979057260463903027979722125202612072258892196392384180950878152717888933279779565561530141800192481702247133407506853200774541462432347710806724259997162541980995308465465302, 753367450150980321210717838523323445639076069014805068211844914225824366734019076944315480765478894018972033690514408424623884533750289350064901204149734251249623038642008370260411267560934341703154236768390207189336502119057080542235513895382234454224702236879943726722938642921775390240234403642539492095014598160215318321099, 135606141027176457817929210934198220215033692422664912278132084560648386012123433849976786537786200923414966064292593516432299216075052083011682216746952165224932146955561506646874028160968181506567762618310237294080570381430274497602392501168802201760446402638389870810128955725919570243242192655657108577102627668838757297830220, 24544711525918938865045187179089877858921098328502349122341907305477357868194341526845798363339302367138108857636959426474246158109584427025114481231198341905712718598956632703084199097135240852688765033914152950228583239038879684066033042711553198518640798877548566616633340986391442214026836870673936652455575608059815070907302581, 4467137497717246873438224066594357770323639895787427540266227129596879132011370157885935302127753030819135812089926615618312800775944365718570835584078098226839714785010107151961324235678613835189355236172375836941602149505076102500018013773502682130392625395713839124227268059523242482952884310462656470746914760666886342905129102866, 817486162082256177839195004186767471969226100929099239868719564716228881158080738893126160289378804639901853612456570658151242541997818926498462911886291975511667805656849608808922335129186331839652008219544778160313193359428926757503296520550990829861850447415632559733590054892753374380377828814666134146685401202040200751638625857967, 150417453823135136722411880770365214842337602570954260135844399907786114133086855956335213493245700053741941064692009001099828627727598682475717175787077723494146876240860328020841709663770285058495969512396239181497627578134922523380606559781382312694580482324476390990980570100266620885989520501898568682990113821175396938301507157899784, 27827228957280000293646197942517564745832456475626538125131213982940431114621068351922014496250454509942259096968021665203468296129605756258007677520609378846417172104559160683855716287797502735821754359793304248577061101954960666825412213559555727848497389230028132333331405468549324863908061292851235206353171056917448433585778824211494265, 5175864586054080054618192817308267042724836904466536091274405800826920187319518713457494696302584538849260192036052029727845103080106670663989428018833344465433594011448003887197163229530335508862846310921554590235333364963622684029526671722077365379820514396785232613999641417150174424686899400470329748381689816586645408646954861303337967886, 967886677592112970213602056836645936989544501135242249068313884754634075028749999416551508208583308764811655910741729559107034275979947414166023039521835415036082080140776726905869523922172740157352260142330708374007339248197441913521487612028467326026436192198838498817932945007082617416450187887951662947375995701702691416980559063724200029651, 181962695387317238400157186685289436154034366213425542824843010333871206105404999890311683543213662047784591311219445157112122443884230113863212331430105058026783431066466024658303470497368475149582224906758173174313379778661119079742039671061351857292970004133381637777771393661331532074292635322934912634106687191920105986392345103980149605609732, 34390949428202958057629708283519703433112495214337427593895328953101657953921544979268908189667382127031287757820475134694191141894119491520147130640289855967062068471562078660419355924002641803271040507377294729945228778166951506071245497830595501028371330781209129539998793401991659562041308076034698487846163879272900031428153224652248275460275069, 6534280391358562030949644573868743652291374090724111242840112501089315011245093546061092556036802604135944673985890275591896316959882703388827954821655072633741793009596794945479677625560501942621497696401685998689593467851720786153536644587813145195390552848429734612599770746378415316787848534446592712690771137061851005971349112683927172337452299210, 1248047554749485347911382113608930037587652451328305247382461487708059167147812867297668678203029297389965432731305042638052196539337596347266139370936118873044682464832987834586618426482055871040706060012722025749712352359678670155325499116272310732319595594050079311006556212558277325506479070079299208123937287178813542140527680522630089916453389185591, 239625130511901186798985365812914567216829270655034607497432605639947360092380070521152386214981625098873363084410568186506021735552818498675098759219734823624579033247933664240630737884554727239815563522442628943944771653058304669822495830324283660605362354057615227713258792811189246497243981455225447959795959138332200090981314660344977263959050723670336, 46247650188796929052204175601892511472848049236421679247004492888509840497829353610582410539491453644082559075291239659995662194961693970244294060529408820959543753416851197198441732411719062357284403759831427386181340929040252801275741695252586746496834934333119738948658947012559524573968088420858511456240620113698114617559393729446580611944096789668412097, 8972044136626604236127610066767147225732521551865805773918871620370909056578894600452987644661342006952016460606500494039158465822568630227393047742705311266151488162869132256497696087873498097313174329407296912919180140233809043447493888879001828820385977260625229356039835720436547767349809153646551222510680302057434235806522383512636638717154777195671984454, 1749548606642187826044883963019593709017841702613832125914179965972327266032884447088332590708961691355643209818267596337635900835400882894341644309827535696899540191759480790017050737135332128976068994234422898019240127345592763472261308331405356619975265565821919724427767965485126814633212784961077488389582658901199675982271864784964144549845181553156037006555, 342911526901868813904797256751840366967496973712311096679179273330576144142445351629313187778956491505706069124380448882176636563738573047290962284726196996592309877584858234843341944478525097279309522869946888011771064959736181640563216432955449897515152050901096265987842521235084855668109705852371187724358201144635136492525285497852972331769655584418583253323196, 67553570799668156339245059580112552292596903821325286045798316846123500396061734270974697992454428826624095617502948429788797403056498890316319570091060808328685045884217072264138363062269444164023976005379536938318899797068027783190953637292223629810484954027515964399604976683311716566617612052917123981698565625493121889027481243077035549358622150130460900904708421, 13375607018334294955170521796862285353934186956622406637068066735532453078420223385652990202505976907671570932265583789098181885805186780282631274878030040049079639085074980308299395886329349944476747249065148313787142159819469501071808820183860278702476020897448160951121785383295719880190287186477590548376315993847638134027441286129253038773007185725831258379132306562, 2661745796648524696078933837575594785432903204367858920776545280370958162605624453744945050298689404626642615520851174030538195275232169276243623700727977969766848177929921081351579781379540638950872702563964514443641289804074430713289955216588195461792728158592184029273235291275848256157867150109040519126886882775679988671460815939721354715828429959440420417447329045439]
len(predicted_full) = 200, len(input_sequence + seq_pred) = 200
is_manual_check: False
