test results being evaluated: data/test_linrec15.tsv
csv file used: ../linear_database_newbl.csv
The sequence ID inspected: A109045
csv results file used: ../linear_database_newbl.csv
Results we are looking at now:
('Could you give me a recursive equation in a form of a Python code for the following number sequence: 0,4,4,12,4,20,12,28,8,36,20,44,12,52,28', 'Certainly, the Python code is the following: lambda a_n: 8 + 8 + a_n[-2] * sign( a_n[-3] )')

Experiment type: Evaluation of the results of llms.
Ground truth: 
[0, 4, 4, 12, 4, 20, 12, 28, 8, 36, 20, 44, 12, 52, 28, 60, 16, 68, 36, 76, 20, 84, 44, 92, 24, 100, 52, 108, 28, 116, 60, 124, 32, 132, 68, 140, 36, 148, 76, 156, 40, 164, 84, 172, 44, 180, 92, 188, 48, 196, 100, 204, 52, 212, 108, 220, 56, 228, 116, 236, 60, 244, 124, 252, 64, 260, 132, 268, 68, 276, 140, 284, 72, 292, 148, 300, 76, 308, 156, 316, 80, 324, 164, 332, 84, 340, 172, 348, 88, 356, 180, 364, 92, 372, 188, 380, 96, 388, 196, 396, 100, 404, 204, 412, 104, 420, 212, 428, 108, 436, 220, 444, 112, 452, 228, 460, 116, 468, 236, 476, 120, 484, 244, 492, 124, 500, 252, 508, 128, 516, 260, 524, 132, 532, 268, 540, 136, 548, 276, 556, 140, 564, 284, 572, 144, 580, 292, 588, 148, 596, 300, 604, 152, 612, 308, 620, 156, 628, 316, 636, 160, 644, 324, 652, 164, 660, 332, 668, 168, 676, 340, 684, 172, 692, 348, 700, 176, 708, 356, 716, 180, 724, 364, 732, 184, 740, 372, 748, 188, 756, 380, 764, 192, 772, 388, 780, 196, 788, 396, 796]
Predicted:    
[0, 4, 4, 12, 4, 20, 12, 28, 8, 36, 20, 44, 12, 52, 28, 68, 44, 84, 60, 100, 76, 116, 92, 132, 108, 148, 124, 164, 140, 180, 156, 196, 172, 212, 188, 228, 204, 244, 220, 260, 236, 276, 252, 292, 268, 308, 284, 324, 300, 340, 316, 356, 332, 372, 348, 388, 364, 404, 380, 420, 396, 436, 412, 452, 428, 468, 444, 484, 460, 500, 476, 516, 492, 532, 508, 548, 524, 564, 540, 580, 556, 596, 572, 612, 588, 628, 604, 644, 620, 660, 636, 676, 652, 692, 668, 708, 684, 724, 700, 740, 716, 756, 732, 772, 748, 788, 764, 804, 780, 820, 796, 836, 812, 852, 828, 868, 844, 884, 860, 900, 876, 916, 892, 932, 908, 948, 924, 964, 940, 980, 956, 996, 972, 1012, 988, 1028, 1004, 1044, 1020, 1060, 1036, 1076, 1052, 1092, 1068, 1108, 1084, 1124, 1100, 1140, 1116, 1156, 1132, 1172, 1148, 1188, 1164, 1204, 1180, 1220, 1196, 1236, 1212, 1252, 1228, 1268, 1244, 1284, 1260, 1300, 1276, 1316, 1292, 1332, 1308, 1348, 1324, 1364, 1340, 1380, 1356, 1396, 1372, 1412, 1388, 1428, 1404, 1444, 1420, 1460, 1436, 1476, 1452, 1492, 1468, 1508, 1484, 1524, 1500, 1540]
len(predicted_full) = 200, len(input_sequence + seq_pred) = 200
is_manual_check: False
