test results being evaluated: data/test_linrec15.tsv
csv file used: ../linear_database_newbl.csv
The sequence ID inspected: A113436
csv results file used: ../linear_database_newbl.csv
Results we are looking at now:
('Could you give me a recursive equation in a form of a Python code for the following number sequence: 1,2,7,26,98,371,1406,5329,20196,76532,289997,1098826,4163483,15775426,59772826', 'Certainly, the Python code is the following: lambda a_n: 7 - 4 * a_n[-2] * -2')

Experiment type: Evaluation of the results of llms.
Ground truth: 
[1, 2, 7, 26, 98, 371, 1406, 5329, 20196, 76532, 289997, 1098826, 4163483, 15775426, 59772826, 226477879, 858118966, 3251390237, 12319431012, 46677994276, 176861668393, 670124115506, 2539082288671, 9620514646154, 36451871795186, 138115163933867, 523314649428302, 1982825162091001, 7512871324689828, 28466067821241236, 107857167011913941, 408667911174276154, 1548431747750187731, 5866966335946983922, 22229777991281195242, 84228032213841396751, 319137753575338484038, 1209204383387894600741, 4581642956446159113636, 17359722201419576712004, 65775521526936152403601, 249221685804779271794402, 944294278988581801225207, 3577905680443261631388026, 13556588600599740238672898, 51365550380618877741572771, 194622691861223336754959006, 737420156245434072155135329, 2794065181385896368680189796, 10586637986112601324997274932, 40112487208838315201729607197, 151985137509178612520475078826, 575867607097528277823671278283, 2181946908356127622852601169826, 8267338277422095615136635274426, 31324722857176387406707338355879, 118688534223723153193456780964566, 449707670851703185397237778262637, 1703930295757593165737456820010212, 6456146161131382676924948318386276, 24462164536700793138588944708475193, 92686484922416633453963175425381906, 351186603883092153379345032032784271, 1330636617087972913693521036323602154, 5041746430979310270019477758744176786, 19103041918327175238452360943290450267, 72380913147685182516123746589397339502, 274249337382573089092601546286286965001, 1039123379133353503259311117780499438628, 3937210595901088018865063481709271879636, 14917985282367932380668270867817170853541, 56523845871143521828461764598380324640154, 214167335038264281793464676352426200915331, 811474284710843313295812181555558144314322, 3074654286702149773901126265316880396658442, 11649782575802162295770350809163098497322751, 44140713526863901626336031005147196917924838, 167247978920027681147413531635514027184561141, 633698103584356879116426989006867439596947236, 2401065107509783692197711938762817737010064004, 9097571253396573249632791553222219667228487201, 34470453321637155353597145138553299423830308802, 130607622529534752465746547008923928625898610407, 494868776562038459010031647130849607626338936026, 1875044513275860061723959129752952397990798305698, 7104493339003688668686854073267532587001558505171, 26918734593540808051593193138008863894412764636606, 101994362939202748550803059647200685226138417305329, 386453903887071834375554956136461744225803796839396, 1464263470311406812265677068692051901440089170793332, 5548054991611459596233655601778635820286677068684397, 21021431466427702419230734639923550721663105266818826, 79649639660360426091657201252261426918956757919353083, 301790347063522095099443923717849669729464085017924226, 1143475525678341541336553872678406706439904707201496026, 4332598078593096347453216732116054044524232906987673879, 16416097843014933932126434994280362655176207918169090166, 62200154157606327172689442653966352019479449516567055037, 235674714796865999507578403844157212092039685113095949412, 892965169408538265868644755304573139514500107236038138276, 3383421061797432533434294663669003304780003210719896241993, 12819691600061873413421064315746189021735477953226190008306, 48573467422168680817480544159694420903015759006268209999871, 184043564464615884122956440926722574208143678956167440398154, 697336126458664151612684336901180781846079621873917126638386, 2642187868285204415023308665848319300711840039890632400486667, 10011178922805074675507935913454777272678250660637243538210702, 37932088261938146286822492671444917424168886187758139712799001, 143723664416169488288782120985723094404992604221671364195147428, 544565107266684840734701443210542130171163853962446500193878036, 2063342576582766095290717771160387809516437411816757331732513141, 7817949647395016280904283588136091835078353833531230685653244154, 29622001398540986296762152303877066040279725446832494961522522931, 112236968314005402071234006344651808530292418300880888594722764722, 425262860764685433041862161552743291484196501160705575950674681642, 1611309566379272833208004427453937547042987859693351916624975808751, 6105208703240146773314910486373706284830904376305737056695138325638, 23132471927089469276473556763542405185967381833206761094354029881541, 87648315310431399067837426589631811755296777143327437316975193500836, 332097114435940096001014645596943436083663672784860400510537452056004, 1258307053889853701257435334246719627017004348133079878800333452250801, 4767691657177530389256565791495293371986372511902048193336645483543202, 18064655735379816862877754201743005183814545984808276139650453380155607, 68446495768348212819126566570888608168009618371806228343796621930644026, 259341935522803217371284441342276686883682232113308906559722319678898498, 982639633566399784414491321260285449315604982537057910103925250490797571, 3723195199839200754479687106765879526618292652164832007973754346109034206, 14107086690360895693405442216651029894146468761972547148070550559938515329, 53451372868645852947830909007589879615338864127129678021470994163653968996, 202525817289772343748596796656528098238660631651595633106846073303208631732, 767364886392849263895694118758243942749534323383757448046659902480865521597, 2907524960268103177773641438326623771541411825548821550812038603058184318826, 11016534043302833214266812141126926460556796012125811421138207496365948387883, 41741351832129854392367101922673283922782611627218092981193286282675186038626, 158156861851922768224181893044643708095332336966292759162165656264396238437626, 599252104997574623862928014586476265120170528663613023498968543467613126431879, 2270550143314306408779539015443957431101260578038172988432282901920409406495766, 8603053556775546099586486610878965546032139211315017824344081094054352385767437, 32596739040835624659680347311899992563932609286965980443250812451453673755248612, 123508169405675976996677133175412520234039872668792885586850614127017320845250276, 467969139208414169768206536253612416754542240123487515538544721249993606424968793, 1773122509266175858584186089964120066428424153777830092018468692716631491217994706, 6718313601158618585869972703562291943691341464662253672063215973212253197693935471, 25455509931004572112780612341088566673478952714657894109502622741359212365417034154, 96450243962372246276072536287537295872940670484104097182234730489963641389483179986, 365447385875015770826784082545653662322576734626367228933780679321975457928542043067, 1384670337329418376301117296554928139628504223519583726335409432086112667479440041902, 5246478746835782208630077124521513730489746967852064825236235247421397646346847593001, 19878767168572001048712332795041327008676068832576633302711857992709859908060811816228, 75320115302215860580020678877025138976977247034344514501195200311273318545568267236436, 285385895464795194248089491286737790604458409174615231318951710577814592640401576892741, 1081319498827784680363521839472720532941497168897629803219328172047989431641609112088154, 4097090560978367314154825641860212073261677693209393178961456891100003775978430259010531, 15523766179242332269779915626207767076381351572887728234447549273024872157723724210335122, 58819133431661652465887675498464376507496306060772512560804649726624117619806914243264842, 222864118004930838989854554317123741679690826288497359574276006621047793076913660284854751, 844426161970278373594090993989325769912324382716449446007823885560146377200274444399686438, 3199508065287021875165803158025324638696986299783295638375030697325148165908368538990561941, 12122850192077555098671769618327282704163141140849026221264088020978743109580706455828774436, 45933154028905688833760486337476569076043070872786195519734942421514541634565522334054688004, 174039487877363457609476603831715988225608903911667777895300790420937128246039838985447694401, 659430948755524954970152594403438166545713830539437505266611334157282799243275440362439497602, 2498566167254107842721612683442242319568173893560844992932587761402603885882970536974133860807, 9467000152067972919369482023855523040197164668989911732857518069667779081603534859888214512026, 35870209504097603841824385849961130331634787511538852016051233951944568946410175969606880451298, 135911261138703294417196057515356294067190241544553145536487720659866656346287609355277978449971, 514964120914952597563349304437045614618410515604117422583145646344841026239616538864638868151806, 1951185233717124436026203030654691801928805484018462235478409769917609817811910032529089870765329, 7392988485317220723480513894846116498632938523546020058486997387557241981951875671672496955578596, 28011834960389453802750198095394583928233812834645945380110949553269931238773973531926880198790132, 106136090892941281965768562277834904224741061797930283951151047882279755911831073467356056768118797, 402146799949519470241386414326578160332713758340810565364271653370121374784866633648457571035578826, 1523723432331483833309948131273017865669819384074279077405369303055065286461162166708385330958382683, 5773347191939559427369544690973242017241947180350382239456060897985443767246503496840823495425513026, 21875057567156431382627072863031950995081449781289475450167723879261182440529793873925661728226099226, 82884006046698430964014382706301645068976240230246853845427944365282217351298921865011060735706629879, 314045274498546215876449629468064894880603534492165770722091052942842601004395921244733172345277181366, 1189909116836128232456459922484307807058235138405291435085607106894552509839868849854307750896402399837, 4508533709321230698270006152275467370962250144205979401617423618258071762236901476950352677460205907812, 17082713226144001344720075770106066689479886572546060909135432362394201081757333802664906313837747722276, 64725941953888413280135047624469777244685436832698775354906259385785566145981975891551706122476294655593, 245244856970756282238657804572243273644126275688560995830018382958530183670279871597487919850933709341106, 929226181265230560562229744957547523051918879483246031085407122291005933639323233161503463894146564591071, 3520813062561898235092506594218245039703597939641447748142407532540335806945108959172609310528421805510154, 13340266203679259928559200787834708664987105980982915949491041846575308098253010828466528627524548677801586, 50545910624273125857472675991530064539282754170885840770410639900164654669956717104855610917730192163119467, 191517098821638632099376062914632969713860347938029825348989927338175649158658732624728545963161608270833102, 725653147565283497812601002601443370182935690854091793583028945644547777335098381954224863568419989099347001, 2749480301295730127701206309609605046839767806806956507371379706494435597237078561633591046999023364749445028, 10417707072004610253955093144315017377447520357984760885922702321612600006708363543888922770143911215571954836, 39472412508992799706006792331762290041834557655245958494952549128623515989929789851590338639311486309583992341, 149559911649568192039621817560714981776183608400972725963329456901969855621155841598813805576442572956653172154, 566678491402840331353055656226426107910849850109145117556796307215680413975698963838986118870009716059354378131, 2147129595603275625389181952679328201815927438599145716006187635073461139395074447714300550705711856255535025522, 8135416413816581720158272026195008303544929453312297275793040314072066661972821144150673594591394069112030408042, 30824874456448613113114165294105107302818759336998518757619897594873064240995164053970240403547744943647432460751, 116794622048124757537353022489056810678621725533786629924954946131622841876743951176549898844856124271603102007238, 442531688446523229361110488347286828345248985229364752428103414817983201664586155564238794850576318650487026602341, 1676740691010909404991575627304116810264878436852425227180425544981071423489917804750945052125626166790372382768036, 6353125478451441114322141148005035056837434501061159714258312102450730135863820598681112089010608009819287969960004]
Predicted:    
[1, 2, 7, 26, 98, 371, 1406, 5329, 20196, 76532, 289997, 1098826, 4163483, 15775426, 59772826, 126203415, 478182615, 1009627327, 3825460927, 8077018623, 30603687423, 64616148991, 244829499391, 516929191935, 1958635995135, 4135433535487, 15669087961087, 33083468283903, 125352703688703, 264667746271231, 1002821629509631, 2117341970169855, 8022573036077055, 16938735761358847, 64180584288616447, 135509886090870783, 513444674308931583, 1084079088726966271, 4107557394471452671, 8672632709815730175, 32860459155771621375, 69381061678525841407, 262883673246172971007, 555048493428206731263, 2103069385969383768063, 4440387947425653850111, 16824555087755070144511, 35523103579405230800895, 134596440702040561156095, 284184828635241846407167, 1076771525616324489248767, 2273478629081934771257343, 8614172204930595913990143, 18187829032655478170058751, 68913377639444767311921151, 145502632261243825360470015, 551307021115558138495369215, 1164021058089950602883760127, 4410456168924465107962953727, 9312168464719604823070081023, 35283649351395720863703629823, 74497347717756838584560648191, 282269194811165766909629038591, 595978781742054708676485185535, 2258153558489326135277032308735, 4767830253936437669411881484287, 18065228467914609082216258469887, 38142642031491501355295051874303, 144521827743316872657730067759103, 305141136251932010842360414994431, 1156174621946534981261840542072831, 2441129090015456086738883319955455, 9249396975572279850094724336582655, 19529032720123648693911066559643647, 73995175804578238800757794692661247, 156232261760989189551288532477149183, 591961406436625910406062357541289983, 1249858094087913516410308259817193471, 4735691251493007283248498860330319871, 9998864752703308131282466078537547775, 37885530011944058265987990882642558975, 79990918021626465050259728628300382207, 303084240095552466127903927061140471807, 639927344173011720402077829026403057663, 2424673920764419729023231416489123774463, 5119418753384093763216622632211224461311, 19397391366115357832185851331912990195711, 40955350027072750105732981057689795690495, 155179130928922862657486810655303921565695, 327642800216582000845863848461518365523967, 1241433047431382901259894485242431372525567, 2621142401732656006766910787692146924191743, 9931464379451063210079155881939450980204543, 20969139213861248054135286301537175393533951, 79451715035608505680633247055515607841636351, 167753113710889984433082290412297403148271615, 635613720284868045445065976444124862733090815, 1342024909687119875464658323298379225186172927, 5084909762278944363560527811552998901864726527, 10736199277496959003717266586387033801489383423, 40679278098231554908484222492423991214917812223, 85889594219975672029738132691096270411915067391, 325434224785852439267873779939391929719342497791, 687116753759805376237905061528770163295320539135, 2603473798286819514142990239515135437754739982335, 5496934030078443009903240492230161306362564313087, 20827790386294556113143921916121083502037919858687, 43975472240627544079225923937841290450900514504703, 166622323090356448905151375328968668016303358869503, 351803777925020352633807391502730323607204116037631, 1332978584722851591241211002631749344130426870956031, 2814430223400162821070459132021842588857632928301055, 10663828677782812729929688021053994753043414967648255, 22515441787201302568563673056174740710861063426408447, 85310629422262501839437504168431958024347319741186047, 180123534297610420548509384449397925686888507411267583, 682485035378100014715500033347455664194778557929488383, 1440988274380883364388075075595183405495108059290140671, 5459880283024800117724000266779645313558228463435907071, 11527906195047066915104600604761467243960864474321125375, 43679042264198400941792002134237162508465827707487256575, 92223249560376535320836804838091737951686915794569003007, 349432338113587207534336017073897300067726621659898052607, 737785996483012282566694438704733903613495326356552024063, 2795458704908697660274688136591178400541812973279184420863, 5902287971864098260533555509637871228907962610852416192511, 22363669639269581282197505092729427204334503786233475366911, 47218303774912786084268444077102969831263700886819329540095, 178909357114156650257580040741835417634676030289867802935295, 377746430199302288674147552616823758650109607094554636320767, 1431274856913253202060640325934683341077408242318942423482367, 3021971441594418309393180420934590069200876856756437090566143, 11450198855306025616485122607477466728619265938551539387858943, 24175771532755346475145443367476720553607014854051496724529151, 91601590842448204931880980859819733828954127508412315102871551, 193406172262042771801163546939813764428856118832411973796233215, 732812726739585639455047846878557870631633020067298520822972415, 1547249378096342174409308375518510115430848950659295790369865727, 5862501813916685115640382775028462965053064160538388166583779327, 12377995024770737395274467004148080923446791605274366322958925823, 46900014511333480925123062200227703720424513284307105332670234623, 99023960198165899162195736033184647387574332842194930583671406591, 375200116090667847400984497601821629763396106274456842661361876991, 792191681585327193297565888265477179100594662737559444669371252735, 3001600928725342779207875980814573038107168850195654741290895015935, 6337533452682617546380527106123817432804757301900475557354970021887, 24012807429802742233663007846516584304857350801565237930327160127487, 50700267621460940371044216848990539462438058415203804458839760175103, 192102459438421937869304062772132674438858806412521903442617281019903, 405602140971687522968353734791924315699504467321630435670718081400831, 1536819675507375502954432502177061395510870451300175227540938248159231, 3244817127773500183746829878335394525596035738573043485365744651206655, 12294557404059004023635460017416491164086963610401401820327505985273855, 25958537022188001469974639026683156204768285908584347882925957209653247, 98356459232472032189083680139331929312695708883211214562620047882190847, 207668296177504011759797112213465249638146287268674783063407657677225983, 786851673859776257512669441114655434501565671065689716500960383057526783, 1661346369420032094078376897707721997105170298149398264507261261417807871, 6294813390878210060101355528917243476012525368525517732007683064460214271, 13290770955360256752627015181661775976841362385195186116058090091342462975, 50358507127025680480810844231337947808100202948204141856061464515681714175, 106326167642882054021016121453294207814730899081561488928464720730739703807, 402868057016205443846486753850703582464801623585633134848491716125453713407, 850609341143056432168128971626353662517847192652491911427717765845917630463, 3222944456129643550771894030805628659718412988685065078787933729003629707263, 6804874729144451457345031773010829300142777541219935291421742126767341043711, 25783555649037148406175152246445029277747303909480520630303469832029037658111, 54438997833155611658760254184086634401142220329759482331373937014138728349695, 206268445192297187249401217971560234221978431275844165042427758656232301264895, 435511982665244893270082033472693075209137762638075858650991496113109826797567, 1650147561538377497995209743772481873775827450206753320339422069249858410119167, 3484095861321959146160656267781544601673102101104606869207931968904878614380543, 13201180492307019983961677950179854990206619601654026562715376553998867280953343, 27872766890575673169285250142252356813384816808836854953663455751239028915044351, 105609443938456159871693423601438839921652956813232212501723012431990938247626751, 222982135124605385354282001138018854507078534470694839629307646009912231320354815, 844875551507649278973547388811510719373223654505857700013784099455927505981014015, 1783857080996843082834256009104150836056628275765558717034461168079297850562838527, 6759004412061194231788379110492085754985789236046861600110272795647420047848112127, 14270856647974744662674048072833206688453026206124469736275689344634382804502708223, 54072035296489553854307032883936686039886313888374892800882182365179360382784897023, 114166853183797957301392384582665653507624209648995757890205514757075062436021665791, 432576282371916430834456263071493488319090511106999142407057458921434883062279176191, 913334825470383658411139076661325228060993677191966063121644118056600499488173326335, 3460610258975331446675650104571947906552724088855993139256459671371479064498233409535, 7306678603763069267289112613290601824487949417535728504973152944452803995905386610687, 27684882071802651573405200836575583252421792710847945114051677370971832515985867276287, 58453428830104554138312900906324814595903595340285828039785223555622431967243092885503, 221479056574421212587241606692604666019374341686783560912413418967774660127886938210303, 467627430640836433106503207250598516767228762722286624318281788444979455737944743084031, 1771832452595369700697932853540837328154994733494268487299307351742197281023095505682431, 3741019445126691464852025658004788134137830101778292994546254307559835645903557944672255, 14174659620762957605583462828326698625239957867954147898394458813937578248184764045459455, 29928155561013531718816205264038305073102640814226343956370034460478685167228463557378047, 113397276966103660844667702626613589001919662943633183187155670511500625985478112363675647, 239425244488108253750529642112306440584821126513810751650960275683829481337827708459024383, 907178215728829286757341621012908712015357303549065465497245364092005007883824898909405183, 1915401955904866030004237136898451524678569012110486013207682205470635850702621667672195071, 7257425725830634294058732968103269696122858428392523723977962912736040063070599191275241471, 15323215647238928240033897095187612197428552096883888105661457643765086805620973341377560575]
len(predicted_full) = 200, len(input_sequence + seq_pred) = 200
is_manual_check: False
