test results being evaluated: data/test_linrec15.tsv
csv file used: ../linear_database_newbl.csv
The sequence ID inspected: A118676
csv results file used: ../linear_database_newbl.csv
Results we are looking at now:
('Could you give me a recursive equation in a form of a Python code for the following number sequence: 0,20,161,237,341,1140,1580,2184,6837,9401,12921,40040,54984,75500,233561', 'Certainly, the Python code is the following: lambda a_n: abs( -2 - n - ( 8 * a_n[-3] + -1 ) + -8 * -8 )')

Experiment type: Evaluation of the results of llms.
Ground truth: 
[0, 20, 161, 237, 341, 1140, 1580, 2184, 6837, 9401, 12921, 40040, 54984, 75500, 233561, 320661, 440237, 1361484, 1869140, 2566080, 7935501, 10894337, 14956401, 46251680, 63497040, 87172484, 269574737, 370088061, 508078661, 1571196900, 2157031484, 2961299640, 9157606821, 12572101001, 17259719337, 53374444184, 73275574680, 100597016540, 311089058441, 427081347237, 586322380061, 1813159906620, 2489212508900, 3417337263984, 10567870381437, 14508193706321, 19917701204001, 61594062382160, 84559949729184, 116088869960180, 358996503911681, 492851504668941, 676615518557237, 2092384961088084, 2872549078284620, 3943604241383400, 12195313262616981, 16742442965038937, 22985009929743321, 71079494614613960, 97582108711949160, 133966455337076684, 414281654425066937, 568750209306656181, 780813722092716941, 2414610431935787820, 3314919147127988084, 4550915877219225120, 14073380937189660141, 19320764673461272481, 26524681541222633937, 82025675191202173184, 112609668893639646960, 154597173370116578660, 478080670210023379121, 656337248688376609437, 901058358679476838181, 2786458346068938101700, 3825413823236620009820, 5251752978706744450584, 16240669406203605231237, 22296145690731343449641, 30609459513560989865481, 94657558091152693285880, 129951460321151440688184, 178405004102659194742460, 551704679140712554484201, 757412616236177300679621, 1039820565102394178589437, 3215570516753122633619484, 4414524237095912363389700, 6060518386511705876794320, 18741718421378023247232861, 25729732806339296879658737, 35323289753967841082176641, 109234740011515016849777840, 149963872600939868914562880, 205879220137295340616265684, 636666721647712077851434337, 874053502799299916607718701, 1199952031069804202615417621, 3710765589874757450258828340, 5094357144194859630731749484, 6993832966281529875076240200, 21627926817600832623701535861, 29692089362369857867782778361, 40763045766619375047842023737, 126056795315730238291950386984, 173058179030024287575964920840, 237584441633434720411975902380, 734712845076780597128000786201, 1008656984817775867588006746837, 1384743604033988947424013390701, 4282220275144953344476054330380, 5878883729876630917952075560340, 8070877182570498964132104441984, 24958608805792939469728325196237, 34264645394442009640124446615361, 47040519491389004837368613261361, 145469432559612683473893896847200, 199708988636775426922794604131984, 274172239765763530060079575126340, 847857986551883161373635055887121, 1163989286426210551896643178176701, 1597992919103192175523108837496837, 4941678486751686284767916438475684, 6784226729920487884457064464928380, 9313785274853389523078573449854840, 28802212933958234547233863574967141, 39541371093096716754845743611393737, 54284718730017144962948331861632361, 167871599116997720998635265011327320, 230463999828659812644617397203434200, 316394527105249480254611417719939484, 978427381768028091444577726492996937, 1343242627878862159112858639609211621, 1844082443901479736564720174458004701, 5702692691491170827668831093946654460, 7828991767444513142032534440451835684, 10748100136303628939133709629028088880, 33237728767178996874568408837186929981, 45630707976788216693082348003101802641, 62644518373920293898237537599710528737, 193723679911582810419741621929174925584, 265955256093284787016461553578158980320, 365119010107218134450291515969235083700, 1129104350702317865643881322737862623681, 1550100828582920505405686973465852079437, 2128069542269388512803511558215699973621, 6580902424302324383443546314498000816660, 9034649715404238245417660287216953496460, 12403298243509112942370777833324964758184, 38356310195111628435017396564250142276437, 52657797463842508967100274749835868899481, 72291719918785289141421155441734088575641, 223556958746367446226660833071002852842120, 306912135067650815557183988211798259900584, 421347021269202621906156154817079566695820, 1302985442283093048924947601861766974776441, 1788815012942062384376003654520953690504181, 2455790407696430442295515773460743311599437, 7594355694952190847323024778099598995816684, 10425977942584723490698837938913923883124660, 14313395424909380031866938485947380302900960, 44263148727430052035013201066735827000123821, 60767052642566278559817023978962589608243937, 83424582141759849748906115142223538505806481, 257984536669628121362756181622315363004926400, 354176337912812947868203305934861613766339120, 486234097425649718461569752367393850731938084, 1503644071290338676141523888667156351029434737, 2064290974834311408649402811630207092989790941, 2833980002412138461020512399062139565885822181, 8763879891072403935486387150380622743171682180, 12031569511093055504028213563846380944172406684, 16517645917047181047661504642005443544582995160, 51079635275144084936776799013616580108000658501, 70125126091724021615519878571448078572044649321, 96271895499870947824948515452970521701612148937, 297713931759792105685174406931318857904832268984, 408719187039251074189091057864842090488095489400, 561113727082178505902029588075817686665089898620, 1735203955283608549174269642574296567320992955561, 2382189996143782423519026468617604464356528287237, 3270410466993200087587229013001935598288927242941, 10113509799941859189360443448514460546021125464540, 13884420789823443466925067753840784695651074234180, 19061349074877022019621344489935795903068473559184, 58945854844367546586988391048512466708805759831837, 80924334742796878378031380054427103709549917118001, 111097683982268932030140837926612839820121914112321, 343561619266263420332569902842560339706813433526640, 471661587666957826801263212572721837561648428473984, 647524754818736570161223683069741243017663011114900, 2002423860753212975408431026006849571532074841328161, 2749045191258950082429547895381903921660340653726061, 3774050844930150488937201260491834618285856152577237, 11670981545253014432118016253198537089485635614442484, 16022609559886742667776024159718701692400395493882540, 21996780314762166363461983879881266466697473904348680]
Predicted:    
[0, 20, 161, 237, 341, 1140, 1580, 2184, 6837, 9401, 12921, 40040, 54984, 75500, 233561, 439824, 603953, 1868442, 3518547, 4831580, 14947493, 28148334, 38652599, 119579904, 225186633, 309220754, 956639195, 1801493028, 2473765997, 7653113526, 14411944191, 19790127944, 61224908177, 115295553498, 158321023523, 489799265388, 922364427957, 1266568188158, 3918394123079, 7378915423632, 10132545505241, 31347152984610, 59031323389035, 81060364041908, 250777223876861, 472250587112262, 648482912335247, 2006217791014872, 3778004696898081, 5187863298681962, 16049742328118963, 30224037575184636, 41502906389455685, 128397938624951694, 241792300601477079, 332023251115645472, 1027183508999613545, 1934338404811816626, 2656186008925163771, 8217468071996908356, 15474707238494533005, 21249488071401310166, 65739744575975266847, 123797657907956264040, 169995904571210481329, 525917956607802134778, 990381263263650112323, 1359967236569683850636, 4207343652862417078229, 7923050106109200898590, 10879737892557470805095, 33658749222899336625840, 63384400848873607188729, 87037903140459766440770, 269269993783194693006731, 507075206790988857509844, 696303225123678131526173, 2154159950265557544053862, 4056601654327910860078767, 5570425800989425052209400, 17233279602124460352430913, 32452813234623286880630154, 44563406407915400417675219, 137866236816995682819447324, 259622505876986295045041253, 356507251263323203341401774, 1102929894535965462555578615, 2076980047015890360360330048, 2852058010106585626731214217, 8823439156287723700444628946, 16615840376127122882882640411, 22816464080852685013849713764, 70587513250301789603557031597, 132926723009016983063061123318, 182531712646821480110797710143, 564700106002414316828456252808, 1063413784072135864504488986577, 1460253701174571840886381681178, 4517600848019314534627650022499, 8507310272577086916035911892652, 11682029609396574727091053449461, 36140806784154516277021200180030, 68058482180616695328287295141255, 93456236875172597816728427595728, 289126454273236130216169601440281, 544467857444933562626298361130082, 747649895001380782533827420765867, 2313011634185889041729356811522292, 4355742859559468501010386889040701, 5981199160011046260270619366126982, 18504093073487112333834854492178383, 34845942876475748008083095112325656, 47849593280088370082164954929015905, 148032744587896898670678835937427114, 278767543011805984064664760898605299, 382796746240706960657319639432127292, 1184261956703175189365430687499416965, 2230140344094447872517318087188842446, 3062373969925655685258557115457018391, 9474095653625401514923445499995335776, 17841122752755582980138544697510739625, 24498991759405245482068456923656147186, 75792765229003212119387563999962686267, 142728982022044663841108357580085917060, 195991934075241963856547655389249177549, 606342121832025696955100511999701490198, 1141831856176357310728866860640687336543, 1567935472601935710852381243113993420456, 4850736974656205575640804095997611921649, 9134654849410858485830934885125498692410, 12543483780815485686819049944911947363715, 38805895797249644605126432767980895373260, 73077238795286867886647479081003989539349, 100347870246523885494552399559295578909790, 310447166377997156841011462143847162986151, 584617910362294943093179832648031916314864, 802782961972191083956419196474364631278393, 2483577331023977254728091697150777303889282, 4676943282898359544745438661184255330518987, 6422263695777528671651353571794917050227220, 19868618648191818037824733577206218431114333, 37415546263186876357963509289474042644151974, 51378109566220229373210828574359336401817839, 158948949185534544302597868617649747448914744, 299324370105495010863708074315792341153215873, 411024876529761834985686628594874691214542794, 1271591593484276354420782948941197979591318035, 2394594960843960086909664594526338729225727068, 3288199012238094679885493028758997529716342437, 10172732747874210835366263591529583836730544366, 19156759686751680695277316756210709833805816631, 26305592097904757439083944230071980237730739584, 81381861982993686682930108732236670693844355017, 153254077494013445562218534049685678670446533138, 210444736783238059512671553840575841901845916763, 651054895863949493463440869857893365550754840228, 1226032619952107564497748272397485429363572265197, 1683557894265904476101372430724606735214767334198, 5208439166911595947707526958863146924406038721919, 9808260959616860515981986179179883434908578121672, 13468463154127235808810979445796853881718138673681, 41667513335292767581660215670905175395248309775450, 78466087676934884127855889433439067479268624973475, 107747705233017886470487835566374831053745109389548, 333340106682342140653281725367241403161986478203701, 627728701415479073022847115467512539834148999787902, 861981641864143091763902684530998648429960875116487, 2666720853458737125226253802937931225295891825629712, 5021829611323832584182776923740100318673191998303321, 6895853134913144734111221476247989187439687000932002, 21333766827669897001810030423503449802367134605037803, 40174636890590660673462215389920802549385535986426676, 55166825079305157872889771809983913499517496007456125, 170670134621359176014480243388027598418937076840302534, 321397095124725285387697723119366420395084287891413519, 441334600634441262983118174479871307996139968059649112, 1365361076970873408115841947104220787351496614722420385, 2571176760997802283101581784954931363160674303131308266, 3530676805075530103864945395838970463969119744477193011, 10922888615766987264926735576833766298811972917779363196, 20569414087982418264812654279639450905285394425050466245, 28245414440604240830919563166711763711752957955817544206, 87383108926135898119413884614670130390495783342234905687, 164555312703859346118501234237115607242283155400403730080, 225963315524833926647356505333694109694023663646540353769, 699064871409087184955311076917361043123966266737879245618, 1316442501630874768948009873896924857938265243203229840763, 1807706524198671413178852042669552877552189309172322830276, 5592518971272697479642488615338888344991730133903033965069, 10531540013046998151584078991175398863506121945625838726230, 14461652193589371305430816341356423020417514473378582642335, 44740151770181579837139908922711106759933841071224271720680, 84252320104375985212672631929403190908048975565006709809969, 115693217548714970443446530730851384163340115787028661138810, 357921214161452638697119271381688854079470728569794173765571, 674018560835007881701381055435225527264391804520053678479884, 925545740389719763547572245846811073306720926296229289110613, 2863369713291621109576954171053510832635765828558353390124702, 5392148486680063053611048443481804218115134436160429427839207, 7404365923117758108380577966774488586453767410369834312885040]
len(predicted_full) = 200, len(input_sequence + seq_pred) = 200
is_manual_check: False
