test results being evaluated: data/test_linrec15.tsv
csv file used: ../linear_database_newbl.csv
The sequence ID inspected: A120573
csv results file used: ../linear_database_newbl.csv
Results we are looking at now:
('Could you give me a recursive equation in a form of a Python code for the following number sequence: 6,60,330,1224,3510,8436,17850,34320,61254,103020,165066,254040,377910,546084,769530', 'Certainly, the Python code is the following: lambda a_n: a_n[-1] + 4 - 5 * n * n // -10 * 7')

Experiment type: Evaluation of the results of llms.
Ground truth: 
[6, 60, 330, 1224, 3510, 8436, 17850, 34320, 61254, 103020, 165066, 254040, 377910, 546084, 769530, 1060896, 1434630, 1907100, 2496714, 3224040, 4111926, 5185620, 6472890, 8004144, 9812550, 11934156, 14408010, 17276280, 20584374, 24381060, 28718586, 33652800, 39243270, 45553404, 52650570, 60606216, 69495990, 79399860, 90402234, 102592080, 116063046, 130913580, 147247050, 165171864, 184801590, 206255076, 229656570, 255135840, 282828294, 312875100, 345423306, 380625960, 418642230, 459637524, 503783610, 551258736, 602247750, 656942220, 715540554, 778248120, 845277366, 916847940, 993186810, 1074528384, 1161114630, 1253195196, 1351027530, 1454877000, 1565017014, 1681729140, 1805303226, 1936037520, 2074238790, 2220222444, 2374312650, 2536842456, 2708153910, 2888598180, 3078535674, 3278336160, 3488378886, 3709052700, 3940756170, 4183897704, 4438895670, 4706178516, 4986184890, 5279363760, 5586174534, 5907087180, 6242582346, 6593151480, 6959296950, 7341532164, 7740381690, 8156381376, 8590078470, 9042031740, 9512811594, 10003000200, 10513191606, 11043991860, 11596019130, 12169903824, 12766288710, 13385829036, 14029192650, 14697060120, 15390124854, 16109093220, 16854684666, 17627631840, 18428680710, 19258590684, 20118134730, 21008099496, 21929285430, 22882506900, 23868592314, 24888384240, 25942739526, 27032529420, 28158639690, 29321970744, 30523437750, 31763970756, 33044514810, 34366030080, 35729491974, 37135891260, 38586234186, 40081542600, 41622854070, 43211222004, 44847715770, 46533420816, 48269438790, 50056887660, 51896901834, 53790632280, 55739246646, 57743929380, 59805881850, 61926322464, 64106486790, 66347627676, 68651015370, 71017937640, 73449699894, 75947625300, 78513054906, 81147347760, 83851881030, 86628050124, 89477268810, 92400969336, 95400602550, 98477638020, 101633564154, 104869888320, 108188136966, 111589855740, 115076609610, 118649982984, 122311579830, 126063023796, 129905958330, 133842046800, 137872972614, 142000439340, 146226170826, 150551911320, 154979425590, 159510499044, 164146937850, 168890569056, 173743240710, 178706821980, 183783203274, 188974296360, 194282034486, 199708372500, 205255286970, 210924776304, 216718860870, 222639583116, 228689007690, 234869221560, 241182334134, 247630477380, 254215805946, 260940497280, 267806751750, 274816792764, 281972866890, 289277243976, 296732217270, 304340103540, 312103243194, 320024000400]
Predicted:    
[6, 60, 330, 1224, 3510, 8436, 17850, 34320, 61254, 103020, 165066, 254040, 377910, 546084, 769530, 770325, 771225, 772244, 773382, 774653, 776057, 777608, 779306, 781165, 783185, 785380, 787750, 790309, 793057, 796008, 799162, 802533, 806121, 809940, 813990, 818285, 822825, 827624, 832682, 838013, 843617, 849508, 855686, 862165, 868945, 876040, 883450, 891189, 899257, 907668, 916422, 925533, 935001, 944840, 955050, 965645, 976625, 988004, 999782, 1011973, 1024577, 1037608, 1051066, 1064965, 1079305, 1094100, 1109350, 1125069, 1141257, 1157928, 1175082, 1192733, 1210881, 1229540, 1248710, 1268405, 1288625, 1309384, 1330682, 1352533, 1374937, 1397908, 1421446, 1445565, 1470265, 1495560, 1521450, 1547949, 1575057, 1602788, 1631142, 1660133, 1689761, 1720040, 1750970, 1782565, 1814825, 1847764, 1881382, 1915693, 1950697, 1986408, 2022826, 2059965, 2097825, 2136420, 2175750, 2215829, 2256657, 2298248, 2340602, 2383733, 2427641, 2472340, 2517830, 2564125, 2611225, 2659144, 2707882, 2757453, 2807857, 2859108, 2911206, 2964165, 3017985, 3072680, 3128250, 3184709, 3242057, 3300308, 3359462, 3419533, 3480521, 3542440, 3605290, 3669085, 3733825, 3799524, 3866182, 3933813, 4002417, 4072008, 4142586, 4214165, 4286745, 4360340, 4434950, 4510589, 4587257, 4664968, 4743722, 4823533, 4904401, 4986340, 5069350, 5153445, 5238625, 5324904, 5412282, 5500773, 5590377, 5681108, 5772966, 5865965, 5960105, 6055400, 6151850, 6249469, 6348257, 6448228, 6549382, 6651733, 6755281, 6860040, 6966010, 7073205, 7181625, 7291284, 7402182, 7514333, 7627737, 7742408, 7858346, 7975565, 8094065, 8213860, 8334950, 8457349, 8581057, 8706088, 8832442, 8960133, 9089161, 9219540, 9351270, 9484365, 9618825, 9754664, 9891882, 10030493]
len(predicted_full) = 200, len(input_sequence + seq_pred) = 200
is_manual_check: False
