test results being evaluated: data/test_linrec15.tsv
csv file used: ../linear_database_newbl.csv
The sequence ID inspected: A122008
csv results file used: ../linear_database_newbl.csv
Results we are looking at now:
('Could you give me a recursive equation in a form of a Python code for the following number sequence: 1,0,5,6,33,72,261,702,2241,6480,19845,58806,177633,530712,1595781', 'Certainly, the Python code is the following: lambda a_n: a_n[-2] + 8 * a_n[-2] + a_n[-3] + a_n[-2]')

Experiment type: Evaluation of the results of llms.
Ground truth: 
[1, 0, 5, 6, 33, 72, 261, 702, 2241, 6480, 19845, 58806, 177633, 530712, 1595781, 4780782, 14353281, 43040160, 129153285, 387400806, 1162300833, 3486725352, 10460471301, 31380882462, 94143533121, 282429005040, 847289672325, 2541864234006, 7625600673633, 22876787671992, 68630386930821, 205891117745742, 617673424981761, 1853020145805120, 5559060652648965, 16677181570526406, 50031545357280033, 150094634909578632, 450283906665838341, 1350851716510730622, 4052555155343499201, 12157665455570144400, 36472996384144355205, 109418989121052006006, 328256967415457784033, 984770902152230173272, 2954312706613595817861, 8862938119558357917102, 26588814359145789645441, 79766443076590080326880, 239299329231182388663045, 717897987691005300160806, 2153693963077252343529633, 6461081889224131433103912, 19383245667685103628453381, 58149737003032434092905182, 174449211009135430266140481, 523347633027337660421056560, 1570042899082127365225444485, 4710128697246176204544238806, 14130386091738871765519540833, 42391158275215997623162338552, 127173474825649022325147488901, 381520424476945213955253614862, 1144561273430838730232742264321, 3433683820292510631637660237440, 10301051460877541160013924971525, 30903154382632606802860075248006, 92709463147897848203883058521633, 278128389443693494580104076565192, 834385168331080567126220728028421, 2503155504993241551284026887086142, 7509466514979724904009806156256961, 22528399544939174261745512577773520, 67585198634817523535709714218316165, 202755595904452569256277424981956406, 608266787713357710020251804400856033, 1824800363140073126008200260183591832, 5474401089420219384778859368915735941, 16423203268260658142178912647690279022, 49269609804781974446799513708165718401, 147808829414345923303925544747326368800, 443426488243037769972564961537263750405, 1330279464729113309808275895480278892006, 3990838394187339929607192668326690608033, 11972515182562019788493321037585534746472, 35917545547686059366027058058414166035461, 107752636643058178097096403273058886873502, 323257909929174534292930494656149346008641, 969773729787523602875837171261897204327280, 2909321189362570808632435368296609669146245, 8727963568087712425888443166770176506342806, 26183890704263137277680101063843283687521633, 78551672112789411833013714377170893559277112, 235655016338368235499085457822110943183310981, 706965049015104706497176607023255957040069582, 2120895147045314119491662765141562658636647681, 6362685441135942358474748996095457358380352960, 19088056323407827075424645820501756437690375685, 57264168970223481226273219563517577460482356806, 171792506910670443678820855187198885469095020833, 515377520732011331036460411867633580849518751752, 1546132562196033993109384825092839201811500106501, 4638397686588101979328148014196628378761201387262, 13915193059764305937984454811059700514072435715521, 41745579179292917813953345049933433862197410349840, 125236737537878753441860067455209747719958725710725, 375710212613636260325580144215892240119816486742006, 1127130637840908780976740529563905058759548944209633, 3381391913522726342930221414242504167158467761458392, 10144175740568179028790664533476197516675701736326021, 30432527221704537086371993077080959522666567995466542, 91297581665113611259115980103488933613600599342252161, 273892744995340833777347938740423901758720186386221920, 821678234986022501332043818838009870412963245226223365, 2465034704958067503996131451803900913992644900757066406, 7395104114874202511988394363261917237388342760473872033, 22185312344622607535965183075655365620426293776656805032, 66555937033867822607895549250516740347510105504578433541, 199667811101603467823686647709159062767314112999440867422, 599003433304810403471059943198129118760636011522146657601, 1797010299914431210413179829467213881456259424023556673200, 5391030899743293631239539488613597435744859289642142185605, 16173092699229880893718618465459271882757632037297776658006, 48519278097689642681155855397013683022401139164607746472033, 145557834293068928043467566189896487793772579998937289719672, 436673502879206784130402698571597065503702469154955118653061, 1310020508637620352391208095711357512690814894980207506869902, 3930061525912861057173624287139795344439598872415052269091841, 11790184577738583171520872861409084981857919079791183260007680, 35370553733215749514562618584244423364675219801796839025469445, 106111661199647248543687855752702366939643026793028596434604806, 318334983598941745631063567258158606076233468066355657040153633, 955004950796825236893190701774383108765552506361981209195050312, 2865014852390475710679572105323303842068570682147753230794168581, 8595044557171427132038716315969633397816268352932002406606273982, 25785133671514281396116148947909363740764544547981436029445874881, 77355401014542844188348446843727256837125302563410536231008929360, 232066203043628532565045340531183161153323126157787895121907946885, 696198609130885597695136021593546980304464385231762369793737754806, 2088595827392656793085408064780645112839234811097955968667856740833, 6265787482177970379256224194341927829051189453569063959287611964952, 18797362446533911137768672583025796002931093326915198455722766324101, 56392087339601733413306017749077365480393735041571183527020424199662, 169176262018805200239918053247232133988513780023337570314641063886721, 507528786056415600719754159741696334380342705252489475423479567342240, 1522586358169246802159262479225089115783025840453340485471178075889925, 4567759074507740406477787437675267144593481616907451749852203354716006, 13703277223523221219433362313025801771706438024809971427158828185737633, 41109831670569663658300086939077404706852526361072205161792491938351592, 123329495011708990974900260817232215134335558605479464018184130179823621, 369988485035126972924700782451696643578206312676365264695500412682886942, 1109965455105380918774102347355089933775952876595884339684921201142967361, 3329896365316142756322307042065269795853457540367433636977607669859150320, 9989689095948428268966921126195809396684374436802666547728082898860370565, 29969067287845284806900763378587428173629920042147341496952780895871856406, 89907201863535854420702290135762284548261765573543121401244122355464328033, 269721605590607563262106870407286853595515686915847389765037963664265218232, 809164816771822689786320611221860560868663077088845460026271229996341931141, 2427494450315468069358961833665581682458180401852190456762730479782642495822, 7282483350946404208076885500996745047620889254580481242481663456358566316801, 21847450052839212624230656502990235142419241275498405957496740738456549057600, 65542350158517637872691969508970705427996767973566947489070638266401563660805, 196627050475552913618075908526912116282660024455971729157367165907347241304006, 589881151426658740854227725580736348850197205809130376321842745875137473376033, 1769643454279976222562683176742209046546600779033203789035993990949840071092872, 5308930362839928667688049530226627139646453734423256933657205717308807461670661, 15926791088519786003064148590679881418927388688087208781183014411899705337906302, 47780373265559358009192445772039644256802120256232563043196714469076977758895041, 143341119796678074027577337316118932770370443223150003070224335187150782135368080, 430023359390034222082732011948356798311171192245362819309616019261585931641632645, 1290070078170102666248196035845070394933405824099445399750750633124517341500946806, 3870210234510307998744588107535211184800397060026074629549080940473952780209425633, 11610630703530923996233764322605633554400867922168294714112950547441136980356423512, 34831892110592771988701292967816900663203142529688099433229338765624613208189026181, 104495676331778315966103878903450701989608457815334510776085139474931675543751518382, 313487028995334947898311636710352105968826989735553178200926879794698633432613822081, 940461086986004843694934910131056317906478059885470172031972008918269408055394785760, 2821383260958014531084804730393168953719439028525059453713930410864519044570262158085, 8464149782874043593254414191179506861158308357611610273429365341196077656983446432806, 25392449348622130779763242573538520583474939619440777633142139175917365432162572700833, 76177348045866392339289727720615561750424792674431628636289139853559657866305697978152, 228532044137599177017869183161846685251274421663112726347429549017666370982553794141701, 685596132412797531053607549485540055753823186437666066252876814030421797657115322052062, 2056788397238392593160822648456620167261469690232451720074316830462227585122256066777921, 6170365191715177779482467945369860501784408835042338821854714992318950809495130019214640, 18511095575145533338447403836109581505353226897885377029511204142069739004938120359509125, 55533286725436600015342211508328744516059679986691082073428905929006021177199446535170006, 166599860176309800046026634524986233548179041138348327912127895282356723260956530511105633, 499799580528929400138079903574958700644537121294149836691069566355460582270024847903244792, 1499398741586788200414239710724876101933611367417274755148732231552397725998149116426521221, 4498196224760364601242719132174628305800834095889138824310254336182364415455913118389347342, 13494588674281093803728157396523884917402502298271892208157333606005141183931963073318402561, 40483766022843281411184472189571654752207506875727620301064173742590937264180286527284558720, 121451298068529844233553416568714964256622520658996288108872233020146955605233530736304757765, 364353894205589532700660249706144892769867561919724695356393217834167407952853784130902326406, 1093061682616768598101980749118434678309602685854614367686218788879624655296639365856060224033, 3279185047850305794305942247355304034928808057392050596147985922960053589301377673334144831432, 9837555143550917382917826742065912104786424172462472633295075175011528062218367060392494228741, 29512665430652752148753480226197736314359272516872040379153214193998123056889479908475375164222]
Predicted:    
[1, 0, 5, 6, 33, 72, 261, 702, 2241, 6480, 19845, 58806, 177633, 530712, 1595781, 5484753, 16488522, 56443311, 170369973, 580921632, 1760143041, 5979586293, 18182352042, 61556005971, 187803106713, 633742411752, 1939587073101, 6525227224233, 20029613142762, 67191859315431, 206821358651853, 691948206297072, 2135405445833961, 7126303421622573, 22046002664636682, 73398439662059691, 227586330067989393, 756030399285233592, 2349261740341953621, 7787890322920325313, 24248647802704769802, 80228164969545206751, 250274368349968023333, 826530297498156837312, 2582971848469225440081, 8515577343331536396453, 26656248782190411238122, 87738745281784589404611, 275078065165235648777673, 904043701600036305284232, 2838519396934141077181341, 9315515081165598701619993, 29289237670941447077097642, 95993670208590128093381271, 302207891790580069472596413, 989225939756842728010910352, 3118072588114390822819345401, 10194467289359007349581699933, 32169951820900750956204364362, 105062745481704464318636344731, 331893985498366516911625343553, 1082797406637945394142567811672, 3424002600465369633434889780261, 11159868051877820458337303460273, 35322823411291641728491465614282, 115022683119243574216807924382991, 364388102164794237743251959603093, 1185549654603727383896570709444192, 3758903704767185951649327520413921, 12219884648202068076708959054045013, 38774586702275586900389845913583402, 125957750186787866718738918060864051, 399965751670957937080607418189879033, 1298352088570154254087779026522223912, 4125615266896367237524813099959654381, 13383486637372500477958397683412118153, 42554504757533826629335910026118767722, 137960481640621372017108789934080835911, 438928534212710766771317497944599795373, 1422159321163747546800423809366927126832, 4527245823767729039730283769380078789641, 14660521745850186234775555591613871063693, 46694617558841037944103261503167715023242, 151132463282269591387485839685518789426571, 481606697334260565675808170623291021296113, 1558019250381536951818961658358355609288952, 4967199436624875248145567545918429002387701, 16061799201149630083865424754206847114185633, 51230013616630289433274637117542645633165962, 165585191448121176086799815087986900144244031, 528361935367452524416611795929633303445845253, 1707081928097842050301272787997411647075606272, 5449204545122646420252917774384319934602696561, 17599181216345873027429339675903749774201907973, 56199127379324306252830450531840610993102571882, 181441016708581376694546314533421817676621776291, 579590455009588935555733844994309859705227626793, 1870609294465138073198293595866058787759320334792, 5977345566804470732251884764476520414728898044221, 19285683399660969667538669803654897737298430974713, 61644064962509845395717141240631262935048300777002, 198834179563414167407638582801025497787713207791351, 635726333024759423624710082209967527087781438744733, 2049985860596651519472102969250886240812180378690512, 6556097509811008403654739404900700768665527595238681, 21135584938991274618345739774718829935209585225649853, 67610960958706735556019497018257893927467456331077322, 217911946899723754587112137152089000120761379851737211, 697245194526058630178540709957297769209884148536423073, 2246730429955944281427140868539147895135081254848449432, 7190363892160310056372519236725066692219602865215967941, 23164549494085501444449949395348776720560696697020917393, 74150369351559044845152333235789814817331109907008128842, 238835858833015324500872013190212833897826569835425141871, 764668243009675949895973281753246924893871795767102205813, 2462508957681712289853872465137918153795596808261259547552, 7885518288929774823460604830722682082836544527506447200001, 25389757819826798848434697933132428462849839878379697681333, 81317691846979460524459920772364738982161042083325731547562, 261783096487197763307807584162046966711334943311303424013331, 838566676289621404093033905656779818284460260711637013156953, 2699148656718957093602535762392834406095510475196359971680872, 8647449859383411804238146640729845149555937550427673555582861, 27830053243479192340118391529585123879239565012675236729965673, 89173647250553075135984002169691285901654885979473095527509482, 286947982294175335205422061936581083941951587677180040855239591, 919566525749009943699958413226497982895788424807406192005060493, 2958653470192306427190204621535502125321170762751273504079905392, 9482613239784274772205006194201560912899835835751241960905844521, 30506101227672074215602004628581519236107496052320141232804114413, 97784785868035054149240266563551111254319529120263693113138350602, 314543625516505016928225052480016753273974796358952654288946988651, 1008353959908022615708004670264092631779302787254957072364187620433, 3243221041033085223431490791363718643994067492709790236002608237112, 10398083224596731174008271755120943071067002668908523377930823192981, 33440564370238874850022912583901279071719977714352859432390269991553, 107224053287000396963514208342573149354664094181795024015310840166922, 344803726926985479674237397594133733788266779812437117701833523108511, 1105681097240242844485164996009632772618360919532303099585498671660773, 3555261322556855193705888184283910487237331892306166201033646071252032, 11401614699329413924525887357690461459971875975135468113556820239716241, 36658294322808794781544046838848737644991679842593965109921959384181093, 117571408315850994438964761761188525086956091643660847336601848468414442, 377984557927417361739966355746177837909888674401075119212776414081527171, 1212372377481318739171191664450733988514552596279202438475940444068325513, 3897416987590024611838628319222966904185842835654412039464365989283686152, 12501708332740604753451883000253517723055414637193099503972180854764782301, 40186542253381564857557474856680403030372980952823322833119600336905187033, 128914500314996072146357458321758144134739989207585407079186174536931509162, 414367130866556253329026631567057548026785224165426327835168184223816652631, 1329331545403342286321132058074261844377772873028677393624981345706220278653, 4272585808980558605436623773992333624402592230861848685430868016775098035472, 13707682584899979116540347212309675991804513954452200264084981641286019439161, 44055189635208928340687369797997598088403695181647164247933661513457200633373, 141349411657980349770840095897089093542447731775383851326280684429635292427082, 454259578936989262523414045192285656875841465770923842743421596775858025772891, 1457549306215012426049088328768888533512881012935485677510740505809810124904193, 4683945201027872975004980547819945662300862389484622278760496652188215550155992, 15029752641087113523014297332881170992004651595125780617850826654873959274814821, 48297001316493742176098893806968345156521504907781708465115707027691965626464113, 154981471611899008205147953876631655582347378340742428457268763200927808298304202, 497999765806024535284003235402564622557219700672942865269007896931793615539455951, 1598111717435483824227578432573284900979995288315205993037803339036970048609506133, 5134979129672144361045180307902277881154544385070171081147347732518863963692863712, 16479116940160862777559787561135413632357172583825002795647041287301494101634517281, 52947903014156927434679381511596063712525439139016916804511280664225609685538143253, 169926148531280772136643055919256414204726270223320199037617760605533804980038036522, 545958147081730137124353602677096050757611563973994170840759847929557590957015949811, 1752209388326964648801109940704160205759788141372218907180688886719563659485918508473, 5629507619348582143380179082690216921780841909963261907445216239901109714550197534632, 18068052030351376625135453009718698108355492977696183242647648715125194185816201034541, 58047285581812786082602900767606329423568207241004837981632851285730660804987893854793, 186310027922862348394734709179877198005335771686925094333921703391153051572712207880042, 598540907848479237451164460685781992344037565387744563058976161572431802235695139582471, 1921147564810436270029949992566378309476925924110255781320849885197261176532109972655213, 6171719106407654722906379316037697121445711425564370724923683319115471073929663603704752, 19810016555952841937750664386349565087113296806490302376267475013545043567556794866134601, 63638338628886983499093743152943349523934040179753963030557683076351971915828746009702733, 204271884665936074100413023179533347992578679490467394487598433454565906749497612265050762, 656193402844822676928688095915783060326453698604029932681844305777064762725844254963161931, 2106357185288247724503223974948276829449720835084427907906542017622011039410804868660210353, 6766205913114162843387293982337363951257115665530766721306041491225213534007940161896670072, 21719765255727299921960927845398551354823662049448309011747264481997175156833892941565265461, 69768416316429876158376163798321916342020877490392095120966956929874146379490206487626911073, 223963858470387162062996572436322877499493736160013856838778686311196965102346869577549324682, 719403928420026061505722565828617714775032436953369260221416833780738638951735957817834376191, 2309407001020301496788341888161550691336958239090530663508753820041843797402958902263120157893, 7418003142670647777120222230722500025249818105693706459052947024118583354619706447755893086592, 23813473938623041029389141447444124628144614827858675895308955034199176612981324980449035955121, 76489438427726779267990564195386550943835139296027595254038224061227677343600023379822051023813, 245552742528901058071011636705163746306695966384280465412142497366110349484432956252246252637802, 788707858215890833709294783401309634066496007788134628435691195646475950048981558778669546193251, 2532016863716737359978106931247024014010794803138832249375463197722331172187929585902284577401833, 8132631324687809395163959470718260086971656044265626749769054453830869849974248544038941714570312, 26108876495383264433490364095871549774174444039176457122190323172869787671928277417801515320211581, 83858330110594831311617701638429624883727355245795099747066007736031029671930415026291701723104953, 269221396278520453730067600429433757828716096436030197971672286182528746569257022722054094916686122, 864692177601331577549667380480167798611447996497127454592850400533180084391232427680718532551261111, 2776072292895799368612293705932767203170888319606097079463788869561318495364500642246832650889966173, 8916143172291836229226741405231111743943196061407304743900176291514329590481581299529239420429297232]
len(predicted_full) = 200, len(input_sequence + seq_pred) = 200
is_manual_check: False
