test results being evaluated: data/test_linrec15.tsv
csv file used: ../linear_database_newbl.csv
The sequence ID inspected: A123865
csv results file used: ../linear_database_newbl.csv
Results we are looking at now:
('Could you give me a recursive equation in a form of a Python code for the following number sequence: 0,15,80,255,624,1295,2400,4095,6560,9999,14640,20735,28560,38415,50624', 'Certainly, the Python code is the following: lambda a_n: abs( n % -10 ) - n * 1 + a_n[-1] * 2 - -8 * 7')

Experiment type: Evaluation of the results of llms.
Ground truth: 
[0, 15, 80, 255, 624, 1295, 2400, 4095, 6560, 9999, 14640, 20735, 28560, 38415, 50624, 65535, 83520, 104975, 130320, 159999, 194480, 234255, 279840, 331775, 390624, 456975, 531440, 614655, 707280, 809999, 923520, 1048575, 1185920, 1336335, 1500624, 1679615, 1874160, 2085135, 2313440, 2559999, 2825760, 3111695, 3418800, 3748095, 4100624, 4477455, 4879680, 5308415, 5764800, 6249999, 6765200, 7311615, 7890480, 8503055, 9150624, 9834495, 10556000, 11316495, 12117360, 12959999, 13845840, 14776335, 15752960, 16777215, 17850624, 18974735, 20151120, 21381375, 22667120, 24009999, 25411680, 26873855, 28398240, 29986575, 31640624, 33362175, 35153040, 37015055, 38950080, 40959999, 43046720, 45212175, 47458320, 49787135, 52200624, 54700815, 57289760, 59969535, 62742240, 65609999, 68574960, 71639295, 74805200, 78074895, 81450624, 84934655, 88529280, 92236815, 96059600, 99999999, 104060400, 108243215, 112550880, 116985855, 121550624, 126247695, 131079600, 136048895, 141158160, 146409999, 151807040, 157351935, 163047360, 168896015, 174900624, 181063935, 187388720, 193877775, 200533920, 207359999, 214358880, 221533455, 228886640, 236421375, 244140624, 252047375, 260144640, 268435455, 276922880, 285609999, 294499920, 303595775, 312900720, 322417935, 332150624, 342102015, 352275360, 362673935, 373301040, 384159999, 395254160, 406586895, 418161600, 429981695, 442050624, 454371855, 466948880, 479785215, 492884400, 506249999, 519885600, 533794815, 547981280, 562448655, 577200624, 592240895, 607573200, 623201295, 639128960, 655359999, 671898240, 688747535, 705911760, 723394815, 741200624, 759333135, 777796320, 796594175, 815730720, 835209999, 855036080, 875213055, 895745040, 916636175, 937890624, 959512575, 981506240, 1003875855, 1026625680, 1049759999, 1073283120, 1097199375, 1121513120, 1146228735, 1171350624, 1196883215, 1222830960, 1249198335, 1275989840, 1303209999, 1330863360, 1358954495, 1387488000, 1416468495, 1445900624, 1475789055, 1506138480, 1536953615, 1568239200, 1599999999]
Predicted:    
[0, 15, 80, 255, 624, 1295, 2400, 4095, 6560, 9999, 14640, 20735, 28560, 38415, 50624, 101294, 202632, 405306, 810652, 1621342, 3242720, 6485484, 12971010, 25942060, 51884158, 103768352, 207536738, 415073508, 830147046, 1660294120, 3320588266, 6641176566, 13282353164, 26564706358, 53129412744, 106258825514, 212517651052, 425035302126, 850070604272, 1700141208562, 3400282417140, 6800564834304, 13601129668630, 27202259337280, 54404518674578, 108809037349172, 217618074698358, 435236149396728, 870472298793466, 1740944597586940, 3481889195173886, 6963778390347786, 13927556780695584, 27855113561391178, 55710227122782364, 111420454245564734, 222840908491129472, 445681816982258946, 891363633964517892, 1782727267929035782, 3565454535858071560, 7130909071716143124, 14261818143432286250, 28523636286864572500, 57047272573729144998, 114094545147458289992, 228189090294916579978, 456378180589833159948, 912756361179666319886, 1825512722359332639760, 3651025444718665279506, 7302050889437330559006, 14604101778874661118004, 29208203557749322235998, 58416407115498644471984, 116832814230997288943954, 233665628461994577887892, 467331256923989155775766, 934662513847978311551512, 1869325027695956623103002, 3738650055391913246205980, 7477300110783826492411944, 14954600221567652984823870, 29909200443135305969647720, 59818400886270611939295418, 119636801772541223878590812, 239273603545082447757181598, 478547207090164895514363168, 957094414180329791028726306, 1914188828360659582057452580, 3828377656721319164114905126, 7656755313442638328229810226, 15313510626885276656459620424, 30627021253770553312919240818, 61254042507541106625838481604, 122508085015082213251676963174, 245016170030164426503353926312, 490032340060328853006707852586, 980064680120657706013415705132, 1960129360241315412026831410222, 3920258720482630824053662820400, 7840517440965261648107325640764, 15681034881930523296214651281490, 31362069763861046592429302562940, 62724139527722093184858605125838, 125448279055444186369717210251632, 250896558110888372739434420503218, 501793116221776745478868841006388, 1003586232443553490957737682012726, 2007172464887106981915475364025400, 4014344929774213963830950728050746, 8028689859548427927661901456101446, 16057379719096855855323802912202844, 32114759438193711710647605824405638, 64229518876387423421295211648811224, 128459037752774846842590423297622394, 256918075505549693685180846595244732, 513836151011099387370361693190489406, 1027672302022198774740723386380978752, 2055344604044397549481446772761957442, 4110689208088795098962893545523914820, 8221378416177590197925787091047829584, 16442756832355180395851574182095659110, 32885513664710360791703148364191318160, 65771027329420721583406296728382636258, 131542054658841443166812593456765272452, 263084109317682886333625186913530544838, 526168218635365772667250373827061089608, 1052336437270731545334500747654122179146, 2104672874541463090669001495308244358220, 4209345749082926181338002990616488716366, 8418691498165852362676005981232977432666, 16837382996331704725352011962465954865264, 33674765992663409450704023924931909730458, 67349531985326818901408047849863819460844, 134699063970653637802816095699727638921614, 269398127941307275605632191399455277843152, 538796255882614551211264382798910555686226, 1077592511765229102422528765597821111372372, 2155185023530458204845057531195642222744662, 4310370047060916409690115062391284445489240, 8620740094121832819380230124782568890978404, 17241480188243665638760460249565137781956730, 34482960376487331277520920499130275563913380, 68965920752974662555041840998260551127826678, 137931841505949325110083681996521102255653272, 275863683011898650220167363993042204511306458, 551727366023797300440334727986084409022612828, 1103454732047594600880669455972168818045225566, 2206909464095189201761338911944337636090451040, 4413818928190378403522677823888675272180901986, 8827637856380756807045355647777350544361803886, 17655275712761513614090711295554701088723607684, 35310551425523027228181422591109402177447215278, 70621102851046054456362845182218804354894430464, 141242205702092108912725690364437608709788860834, 282484411404184217825451380728875217419577721572, 564968822808368435650902761457750434839155443046, 1129937645616736871301805522915500869678310885992, 2259875291233473742603611045831001739356621771882, 4519750582466947485207222091662003478713243543660, 9039501164933894970414444183324006957426487087224, 18079002329867789940828888366648013914852974174350, 36158004659735579881657776733296027829705948348600, 72316009319471159763315553466592055659411896697098, 144632018638942319526631106933184111318823793394092, 289264037277884639053262213866368222637647586788078, 578528074555769278106524427732736445275295173576048, 1157056149111538556213048855465472890550590347151986, 2314112298223077112426097710930945781101180694303860, 4628224596446154224852195421861891562202361388607606, 9256449192892308449704390843723783124404722777215106, 18512898385784616899408781687447566248809445554430104, 37025796771569233798817563374895132497618891108860098, 74051593543138467597635126749790264995237782217720084, 148103187086276935195270253499580529990475564435440054, 296206374172553870390540506999161059980951128870879992, 592412748345107740781081013998322119961902257741759866, 1184825496690215481562162027996644239923804515483519612, 2369650993380430963124324055993288479847609030967039102, 4739301986760861926248648111986576959695218061934078080, 9478603973521723852497296223973153919390436123868156044, 18957207947043447704994592447946307838780872247736311970, 37914415894086895409989184895892615677561744495472623820, 75828831788173790819978369791785231355123488990945247518, 151657663576347581639956739583570462710246977981890494912, 303315327152695163279913479167140925420493955963780989698, 606630654305390326559826958334281850840987911927561979268, 1213261308610780653119653916668563701681975823855123958406, 2426522617221561306239307833337127403363951647710247916680, 4853045234443122612478615666674254806727903295420495833226, 9706090468886245224957231333348509613455806590840991666326, 19412180937772490449914462666697019226911613181681983332524, 38824361875544980899828925333394038453823226363363966664918, 77648723751089961799657850666788076907646452726727933329704, 155297447502179923599315701333576153815292905453455866659274, 310594895004359847198631402667152307630585810906911733318412, 621189790008719694397262805334304615261171621813823466636686, 1242379580017439388794525610668609230522343243627646933273232, 2484759160034878777589051221337218461044686487255293866546322]
len(predicted_full) = 200, len(input_sequence + seq_pred) = 200
is_manual_check: False
