test results being evaluated: data/test_linrec15.tsv
csv file used: ../linear_database_newbl.csv
The sequence ID inspected: A124388
csv results file used: ../linear_database_newbl.csv
Results we are looking at now:
('Could you give me a recursive equation in a form of a Python code for the following number sequence: 18,45,72,99,126,153,180,207,234,261,288,315,342,369,396', 'Certainly, the Python code is the following: lambda a_n: n * ( -7 * -5 ) - isqrt( 4 )')

Experiment type: Evaluation of the results of llms.
Ground truth: 
[18, 45, 72, 99, 126, 153, 180, 207, 234, 261, 288, 315, 342, 369, 396, 423, 450, 477, 504, 531, 558, 585, 612, 639, 666, 693, 720, 747, 774, 801, 828, 855, 882, 909, 936, 963, 990, 1017, 1044, 1071, 1098, 1125, 1152, 1179, 1206, 1233, 1260, 1287, 1314, 1341, 1368, 1395, 1422, 1449, 1476, 1503, 1530, 1557, 1584, 1611, 1638, 1665, 1692, 1719, 1746, 1773, 1800, 1827, 1854, 1881, 1908, 1935, 1962, 1989, 2016, 2043, 2070, 2097, 2124, 2151, 2178, 2205, 2232, 2259, 2286, 2313, 2340, 2367, 2394, 2421, 2448, 2475, 2502, 2529, 2556, 2583, 2610, 2637, 2664, 2691, 2718, 2745, 2772, 2799, 2826, 2853, 2880, 2907, 2934, 2961, 2988, 3015, 3042, 3069, 3096, 3123, 3150, 3177, 3204, 3231, 3258, 3285, 3312, 3339, 3366, 3393, 3420, 3447, 3474, 3501, 3528, 3555, 3582, 3609, 3636, 3663, 3690, 3717, 3744, 3771, 3798, 3825, 3852, 3879, 3906, 3933, 3960, 3987, 4014, 4041, 4068, 4095, 4122, 4149, 4176, 4203, 4230, 4257, 4284, 4311, 4338, 4365, 4392, 4419, 4446, 4473, 4500, 4527, 4554, 4581, 4608, 4635, 4662, 4689, 4716, 4743, 4770, 4797, 4824, 4851, 4878, 4905, 4932, 4959, 4986, 5013, 5040, 5067, 5094, 5121, 5148, 5175, 5202, 5229, 5256, 5283, 5310, 5337, 5364, 5391]
Predicted:    
[18, 45, 72, 99, 126, 153, 180, 207, 234, 261, 288, 315, 342, 369, 396, 523, 558, 593, 628, 663, 698, 733, 768, 803, 838, 873, 908, 943, 978, 1013, 1048, 1083, 1118, 1153, 1188, 1223, 1258, 1293, 1328, 1363, 1398, 1433, 1468, 1503, 1538, 1573, 1608, 1643, 1678, 1713, 1748, 1783, 1818, 1853, 1888, 1923, 1958, 1993, 2028, 2063, 2098, 2133, 2168, 2203, 2238, 2273, 2308, 2343, 2378, 2413, 2448, 2483, 2518, 2553, 2588, 2623, 2658, 2693, 2728, 2763, 2798, 2833, 2868, 2903, 2938, 2973, 3008, 3043, 3078, 3113, 3148, 3183, 3218, 3253, 3288, 3323, 3358, 3393, 3428, 3463, 3498, 3533, 3568, 3603, 3638, 3673, 3708, 3743, 3778, 3813, 3848, 3883, 3918, 3953, 3988, 4023, 4058, 4093, 4128, 4163, 4198, 4233, 4268, 4303, 4338, 4373, 4408, 4443, 4478, 4513, 4548, 4583, 4618, 4653, 4688, 4723, 4758, 4793, 4828, 4863, 4898, 4933, 4968, 5003, 5038, 5073, 5108, 5143, 5178, 5213, 5248, 5283, 5318, 5353, 5388, 5423, 5458, 5493, 5528, 5563, 5598, 5633, 5668, 5703, 5738, 5773, 5808, 5843, 5878, 5913, 5948, 5983, 6018, 6053, 6088, 6123, 6158, 6193, 6228, 6263, 6298, 6333, 6368, 6403, 6438, 6473, 6508, 6543, 6578, 6613, 6648, 6683, 6718, 6753, 6788, 6823, 6858, 6893, 6928, 6963]
len(predicted_full) = 200, len(input_sequence + seq_pred) = 200
is_manual_check: False
