test results being evaluated: data/test_linrec15.tsv
csv file used: ../linear_database_newbl.csv
The sequence ID inspected: A127221
csv results file used: ../linear_database_newbl.csv
Results we are looking at now:
('Could you give me a recursive equation in a form of a Python code for the following number sequence: 2,12,56,240,992,3648,14464,57088,224768,883712,3471360,13651968,53682176,211075072,829915136', 'Certainly, the Python code is the following: lambda a_n: 4 * ( 6 + n + a_n[-1] )')

Experiment type: Evaluation of the results of llms.
Ground truth: 
[2, 12, 56, 240, 992, 3648, 14464, 57088, 224768, 883712, 3471360, 13651968, 53682176, 211075072, 829915136, 3263102976, 12830244864, 50447253504, 198353354752, 779904614400, 3066503888896, 12057176965120, 47407572189184, 186401664532480, 732912043425792, 2881734278381568, 11330680864636928, 44551064132780032, 175170171911012352, 688750981113970688, 2708097553676632064, 10647959220890107904, 41866673308223668224, 164615425128396750848, 647250809511282212864, 2544923175253834727424, 10006374457580034457600, 39344028440183170924544, 154696646669006368931840, 608251199467808083673088, 2391580746062510273069056, 9403447901033795669721088, 36973383638850060473597952, 145375516735228518955220992, 571601481554097668209246208, 2247477849450450955481907200, 8836850230053803164451209216, 34745580254549049734942687232, 136616024465309795069460480000, 537160064790184555064707776512, 2112057764341275969493439348736, 8304392475000275016822915334144, 32652011485277656664766783946752, 128384328804819487476030803804160, 504793889653498123019677744496640, 1984797314467420680554569680289792, 7804017560951841060170698602840064, 30684589125407346639606127829975040, 120648627766571616531879437147308032, 474377914022778018929051777145765888, 1865204847153288195842947732935278592, 7333792360487237859816298472202567680, 28835712318048033611414269178228506624, 113379035568166064260722284531795623936, 445794630095603673584848854149754781696, 1752818333884956901127936102861690109952, 6891900225322017159977795756538902609920, 27098238190216885416882939923934646108160, 106547467172512467516401246468331960008704, 418933610413687241952918759663292920102912, 1647203585328630332702244711987587374383104, 6476633967945884089136790937367201330495488, 25465454257362927258308584821050315554947072, 100127529785277828366553831129069444868866048, 393691081242070515545165644742304534034907136, 1547952573901806078695675778350767389253042176, 6086389266146191973489759451835863965051650048, 23931052490636231312254283187351954975054888960, 94094420890073697904485383320860599704702943232, 369969521654037010602482088091181954347204345856, 1454681857416655529415037751101220327210583326720, 5719658464936906528623627754590432195930138607616, 22489104946714269828191166413444233489957248827392, 88424832427456360508780391529786408841425482416128, 347677286772860725369234501586610556984600941297664, 1367031097705584532798379152708606582860182687055872, 5375024751947672177310954194763948230499253415313408, 21134040866034726691411904602762005261457484790366208, 83096860747549193496643383760587590102472675236511744, 326728253714839566914011589984444030244039470071414784, 1284661668505895181232415351836233045329143420042608640, 5051156683770423314830565141571581360013521988198858752, 19860625150957042239974359497821432753302135734215376896, 78089921988401946451647076096708962676475263910278070272, 307041488865764637422803127826158244939342804425975529472, 1207255347225308817408715769545628561821752691619331571712, 4746803042116857978035988495664995332385945587594599333888, 18663938140706124819994797813599400122502916943133670375424, 73384672553163248576620832246537028793800331085544897380352, 288540935205395269733577916115958741563906907451921793024000, 1134513085534172142139252264282960838579509690324424738209792, 4460787999914268804242851247880923126361446589034061732249600, 17539356604961596306377101727801132804173085838530192571629568, 68962934378841193237028739851134169608852156669760215382491136, 271155118471962325039211226140758308592605405489565988097622016, 1066153854034704002893895917931611874910331579881340957636952064, 4192006578664628994478671526812338005972237699344600647302381568, 16482535882664002774443143627384972943801818215680222638345551872, 64807624707938468934164439998960619275740195369054958228797915136, 254816871031508039369487920645369890247994243449355179130712227840, 1001913556543826568675442164108471029242050227846088493284601102336, 3939420379517085218516559317686260956973939690271948151849639477248, 15489393097033804618419602293029054195513535548329738165971205488640, 60902690091644722296114047979963578513650825827515418415030706634752, 239463072385270827172669667759920834420955930806442156333479759970304, 941544009795066794171031444118379664707952091645009893869553457299456, 3702053571561462276288897477970576512960317151997889911907999358648320, 14556091381956755651170530115550385350594936467814154965913620508049408, 57233044369616859109103265915447681933866879596163516621032324880924672, 225034405312602174209461764591073058710593865531693079705567334299074560, 884811984617751363898796199627657301439434282555160020816926632558198784, 3478989121844121180768238786087052907216428196355359450060055108965629952, 13679025058796551137390465705758094732036252487693572845878108476909027328, 53784510386740972187886948895637154265706934016834185465693962195120947200, 211475126707308409768565186563959965419060255773182276799029779988104609792, 831498304889227099924855193322011185918763015698700750094962810557277667328, 3269365252541372312409897816511874676382928268711272759047567937745385947136, 12854805706367465494070423983737927319469861670278348031386428224007743471616, 50543765221706882703488706129783191215029126521901003463409513953508796137472, 198732852222076108593930059789811986987111262310526625983833642233547443929088, 781397000779036696150532067219154510161625192872622838220196663014951080689664, 3072372111603236250206937536504009324747699938485774504874709032184138552049664, 12080249070250297172833516685759277319702292344745576562919791780720849507581952, 47498288715793670899713559608077881930363098232084491977670435716546902448144384, 186758353888985443105830961240005403483690528830936303689023533973163046839779328, 734314513013728901473312321133473646767586994535871510693128782789705150947655680, 2887248644005057257339615232231868698420003965799638181126422544725863734626484224, 11352362760877621909345216926591218196896163067135463156193708800843670071174758400, 44636315103014468618319522638476279039123705558478135724747968529408545916213788672, 175505369934247079535696422738988131712951583947059135412420966231775181908173914112, 690068945088093249784012509436592181028850141943056618213586358752818292634949779456, 2713279651519494349441758049193826410722275000121930696169985192912732040879149154304, 10668334692861653733297296821912466046190219746676545941087849728788472884500501626880, 41946787554750447130991093404348026220159524550409514122355001551899896653446821969920, 164930426052408862532391924168529623022134181045895455803036136221717439675149605404672, 648489360533843637039283125618823251658907822810970038545749603048036147058475291115520, 2549793029649736580170955701871351107049784882159524530617328885231964217505264378576896, 10025522220901698682319550292336999537912913928630294557914436488581442019404791968432128, 39419315463263648890347174172745600324695481650733879291428123571683305813011135769608192, 154992667449550566945005266713104127620691717031709308261881774187411629866223946472357888, 609415122530848100577947983705630614609350280539899923876132784031456603325686211143532544, 2396157171049226409541277814782917770331231021499697613037603161530752099891002425942736896, 9421441930299322497034170094211904610473737853540580882190903597468162689643672783542026240, 37044134299059581272468229158138050471468524922729984677057090454603438469332784448188448768, 145653701006589451560890697485496483465093588865272970433576961909826022305298425103498870784, 572695273309586569959082452872347269692650085571062486005547414091309744909755367839764578304, 2251778525396372001399341140532228719435601924329696348894117158187225757026177553845872230400, 8853760042638337515386722781982808140441208911942804748342062030410934893711686060123153760256, 34812067887014193421736704241901670666694516425144621816908030291405777162709549182345925361664, 136877446952916960485508850301485847436604080105523768248300467376528488588800898524699640725504, 538187950947246117042138396566871614804650330734717602885452943943885088927664494892174635171840, 2116099306297170927691172309283656233958271717462322412437456741273696532036433636026953607675904, 8320283399563315902675131404140562297789208346692189083420603466970803679696059180661678607958016, 32714492955524410009715775358515349470168596016404416829788521897936914885586688814798832591175680, 128629999477328731659871952362579690958005935014408411522871973653097689803933344111525191141556224, 505759841304328241168415243031023669596081078930880124923596664700292935946050118940519987559792640, 1988595336356689213182964114743814895036826694556498573109717670388763098092829948088980773588172800, 7818950989823737913359621431181105581173977388308405658042873450113535814320988039650198063461433344, 30743305821722899435667277314859426337637400219045322530832575178568011821783404371038444822936420352, 120879495737738035502047299636492722984458810731131407446223835312804084734456069400006654005910437888, 475285662984403103181957393594765791716522863083603491447431534937418086790372543576889003790582153216, 1868774022094135405293050998825077652011942263282837637794615953208853599260942966695362735958501883904, 7347825986849713511528494291956706454765412144679734642499441881930533558765830750103756174324364476416, 28890891084050134819658961396231235061866514025867200607883023626914867942946779765877412021235926171648, 113595992763610273714753139836773936961857262489449901789558809696231119015192981183763187616275773784064, 446647683327225860586881532170360213576423686071007197081676913324905014637766736293452324608724827111424, 1756172450877901643743880855491375843635837281046678164874072035063625300996483102384888402192302050639872, 6905088266097581909036768158040698404814584819336611050677432719249134573633232059671050393667864081989632, 27150092201231945971409248997477564406153352900086941185589766596552984146771915070677561179514697001467904, 106751351775548575257178822460551458580653954702692263903454552874089385038739066377694090348699688730886144, 419735263565323243510971088892652302357056954011444261899286447675798748537983914715015517387357105401364480, 1650355602528350518966323937511706155759336700137232586983918468250401073215118587737281120774470032670326784, 6489027373257216370665687375295376569044653214561942945383733262757532273596699432396491625357572799440355328, 25514183843998620240484396339066901578270479429810228674291577356998184481674270877767019276235547896514084864, 100319129475115636419767393420429042191088103133635350461288564365813346941303680946544713189453250977962393600, 394444431386827436862610129044240875415190559433569096955333166079311667122735423538006430975496223833072861184, 1550914668679129059865738366487833754309910592677543955059778331665995548584510723610264730789194040586604118016, 6098035916154701806249108733950585823271044821901392934672142544695956525652275304825872931427210080255515557888, 23976845912730345377273830943783439192665321481873607390184011249967344037098912455630116261685955661857879490560, 94274475884905469813704322409433475069651975243986574925581384049021492341568496486343375813064747582054616530944, 370677479253214478523952176458826441578378262375393637272803068076673915162030550364794641608133982265628872933376, 1457465473404100958136601657576474350286940853697826126886070949677619713952267134352746154850104170737198828617728, 5730603354820939572714999374850676040871929136859941694420457985483855140699659851099927676629908264351252650917888, 22532139120649857375260054540429866670798369678838077629862814819074879345156893784890854838908291612268657607966720, 88594038344184687396894692981317326574862898140512399646479482556301607362253244742403091914885265286715726144471040, 348342586920104799519501695291065563894993866146434457790680721646069053939152595194486391607504917301611409119903744, 1369646989008213471452473841870897363318959255793712638377263490227369085186240425554598709367099094341445388611878912, 5385310165734991424489152861398695094857472808538189681388345420130108679052016605619819083557989710438600829415981056, 21174482048231425565302851485604337112814087769393722457110472369449467987203288192008880962927644712835923148005179392, 83255871289204111389194762451829836984325255418129252860130669329377079670723111565802509142020448188158498505110847488]
Predicted:    
[2, 12, 56, 240, 992, 3648, 14464, 57088, 224768, 883712, 3471360, 13651968, 53682176, 211075072, 829915136, 3319660628, 13278642600, 53114570492, 212458282064, 849833128356, 3399332513528, 13597330054220, 54389320216992, 217557280868084, 870229123472456, 3480916493889948, 13923665975559920, 55694663902239812, 222778655608959384, 891114622435837676, 3564458489743350848, 14257833958973403540, 57031335835893614312, 228125343343574457404, 912501373374297829776, 3650005493497191319268, 14600021973988765277240, 58400087895955061109132, 233600351583820244436704, 934401406335280977746996, 3737605625341123910988168, 14950422501364495643952860, 59801690005457982575811632, 239206760021831930303246724, 956827040087327721212987096, 3827308160349310884851948588, 15309232641397243539407794560, 61236930565588974157631178452, 244947722262355896630524714024, 979790889049423586522098856316, 3919163556197694346088395425488, 15676654224790777384353581702180, 62706616899163109537414326808952, 250826467596652438149657307236044, 1003305870386609752598629228944416, 4013223481546439010394516915777908, 16052893926185756041578067663111880, 64211575704743024166312270652447772, 256846302818972096665249082609791344, 1027385211275888386660996330439165636, 4109540845103553546643985321756662808, 16438163380414214186575941287026651500, 65752653521656856746303765148106606272, 263010614086627426985215060592426425364, 1052042456346509707940860242369705701736, 4208169825386038831763440969478822807228, 16832679301544155327053763877915291229200, 67330717206176621308215055511661164917092, 269322868824706485232860222046644659668664, 1077291475298825940931440888186578638674956, 4309165901195303763725763552746314554700128, 17236663604781215054903054210985258218800820, 68946654419124860219612216843941032875203592, 275786617676499440878448867375764131500814684, 1103146470705997763513795469503056526003259056, 4412585882823991054055181878012226104013036548, 17650343531295964216220727512048904416052146520, 70601374125183856864882910048195617664208586412, 282405496500735427459531640192782470656834345984, 1129621986002941709838126560771129882627337384276, 4518487944011766839352506243084519530509349537448, 18073951776047067357410024972338078122037398150140, 72295807104188269429640099889352312488149592600912, 289183228416753077718560399557409249952598370404004, 1156732913667012310874241598229636999810393481616376, 4626931654668049243496966392918547999241573926465868, 18507726618672196973987865571674191996966295705863840, 74030906474688787895951462286696767987865182823455732, 296123625898755151583805849146787071951460731293823304, 1184494503595020606335223396587148287805842925175293596, 4737978014380082425340893586348593151223371700701174768, 18951912057520329701363574345394372604893486802804699460, 75807648230081318805454297381577490419573947211218798232, 303230592920325275221817189526309961678295788844875193324, 1212922371681301100887268758105239846713183155379500773696, 4851689486725204403549075032420959386852732621518003095188, 19406757946900817614196300129683837547410930486072012381160, 77627031787603270456785200518735350189643721944288049525052, 310508127150413081827140802074941400758574887777152198100624, 1242032508601652327308563208299765603034299551108608792402916, 4968130034406609309234252833199062412137198204434435169612088, 19872520137626437236937011332796249648548792817737740678448780, 79490080550505748947748045331184998594195171270950962713795552, 317960322202022995790992181324739994376780685083803850855182644, 1271841288808091983163968725298959977507122740335215403420731016, 5087365155232367932655874901195839910028490961340861613682924508, 20349460620929471730623499604783359640113963845363446454731698480, 81397842483717886922493998419133438560455855381453785818926794372, 325591369934871547689975993676533754241823421525815143275707177944, 1302365479739486190759903974706135016967293686103260573102828712236, 5209461918957944763039615898824540067869174744413042292411314849408, 20837847675831779052158463595298160271476698977652169169645259398100, 83351390703327116208633854381192641085906795910608676678581037592872, 333405562813308464834535417524770564343627183642434706714324150371964, 1333622251253233859338141670099082257374508734569738826857296601488336, 5334489005012935437352566680396329029498034938278955307429186405953828, 21337956020051741749410266721585316117992139753115821229716745623815800, 85351824080206966997641066886341264471968559012463284918866982495263692, 341407296320827867990564267545365057887874236049853139675467929981055264, 1365629185283311471962257070181460231551496944199412558701871719924221556, 5462516741133245887849028280725840926205987776797650234807486879696886728, 21850066964532983551396113122903363704823951107190600939229947518787547420, 87400267858131934205584452491613454819295804428762403756919790075150190192, 349601071432527736822337809966453819277183217715049615027679160300600761284, 1398404285730110947289351239865815277108732870860198460110716641202403045656, 5593617142920443789157404959463261108434931483440793840442866564809612183148, 22374468571681775156629619837853044433739725933763175361771466259238448733120, 89497874286727100626518479351412177734958903735052701447085865036953794933012, 357991497146908402506073917405648710939835614940210805788343460147815179732584, 1431965988587633610024295669622594843759342459760843223153373840591260718930876, 5727863954350534440097182678490379375037369839043372892613495362365042875724048, 22911455817402137760388730713961517500149479356173491570453981449460171502896740, 91645823269608551041554922855846070000597917424693966281815925797840686011587512, 366583293078434204166219691423384280002391669698775865127263703191362744046350604, 1466333172313736816664878765693537120009566678795103460509054812765450976185402976, 5865332689254947266659515062774148480038266715180413842036219251061803904741612468, 23461330757019789066638060251096593920153066860721655368144877004247215618966450440, 93845323028079156266552241004386375680612267442886621472579508016988862475865802332, 375381292112316625066208964017545502722449069771546485890318032067955449903463209904, 1501525168449266500264835856070182010889796279086185943561272128271821799613852840196, 6006100673797066001059343424280728043559185116344743774245088513087287198455411361368, 24024402695188264004237373697122912174236740465378975096980354052349148793821645446060, 96097610780753056016949494788491648696946961861515900387921416209396595175286581784832, 384390443123012224067797979153966594787787847446063601551685664837586380701146327139924, 1537561772492048896271191916615866379151151389784254406206742659350345522804585308560296, 6150247089968195585084767666463465516604605559137017624826970637401382091218341234241788, 24600988359872782340339070665853862066418422236548070499307882549605528364873364936967760, 98403953439491129361356282663415448265673688946192281997231530198422113459493459747871652, 393615813757964517445425130653661793062694755784769127988926120793688453837973838991487224, 1574463255031858069781700522614647172250779023139076511955704483174753815351895355965949516, 6297853020127432279126802090458588689003116092556306047822817932699015261407581423863798688, 25191412080509729116507208361834354756012464370225224191291271730796061045630325695455195380, 100765648322038916466028833447337419024049857480900896765165086923184244182521302781820782152, 403062593288155665864115333789349676096199429923603587060660347692736976730085211127283129244, 1612250373152622663456461335157398704384797719694414348242641390770947906920340844509132517616, 6449001492610490653825845340629594817539190878777657392970565563083791627681363378036530071108, 25796005970441962615303381362518379270156763515110629571882262252335166510725453512146120285080, 103184023881767850461213525450073517080627054060442518287529049009340666042901814048584481140972, 412736095527071401844854101800294068322508216241770073150116196037362664171607256194337924564544, 1650944382108285607379416407201176273290032864967080292600464784149450656686429024777351698258836, 6603777528433142429517665628804705093160131459868321170401859136597802626745716099109406793036008, 26415110113732569718070662515218820372640525839473284681607436546391210506982864396437627172144700, 105660440454930278872282650060875281490562103357893138726429746185564842027931457585750508688579472, 422641761819721115489130600243501125962248413431572554905718984742259368111725830343002034754318564, 1690567047278884461956522400974004503848993653726290219622875938969037472446903321372008139017274936, 6762268189115537847826089603896018015395974614905160878491503755876149889787613285488032556069100428, 27049072756462151391304358415584072061583898459620643513966015023504599559150453141952130224276402400, 108196291025848605565217433662336288246335593838482574055864060094018398236601812567808520897105610292, 432785164103394422260869734649345152985342375353930296223456240376073592946407250271234083588422441864, 1731140656413577689043478938597380611941369501415721184893824961504294371785629001084936334353689768156, 6924562625654310756173915754389522447765478005662884739575299846017177487142516004339745337414759073328, 27698250502617243024695663017558089791061912022651538958301199384068709948570064017358981349659036294020, 110793002010468972098782652070232359164247648090606155833204797536274839794280256069435925398636145176792, 443172008041875888395130608280929436656990592362424623332819190145099359177121024277743701594544580707884, 1772688032167503553580522433123717746627962369449698493331276760580397436708484097110974806378178322832256, 7090752128670014214322089732494870986511849477798793973325107042321589746833936388443899225512713291329748, 28363008514680056857288358929979483946047397911195175893300428169286358987335745553775596902050853165319720, 113452034058720227429153435719917935784189591644780703573201712677145435949342982215102387608203412661279612, 453808136234880909716613742879671743136758366579122814292806850708581743797371928860409550432813650645119184, 1815232544939523638866454971518686972547033466316491257171227402834326975189487715441638201731254602580477476, 7260930179758094555465819886074747890188133865265965028684909611337307900757950861766552806925018410321910648, 29043720719032378221863279544298991560752535461063860114739638445349231603031803447066211227700073641287643340, 116174882876129512887453118177195966243010141844255440458958553781396926412127213788264844910800294565150574112, 464699531504518051549812472708783864972040567377021761835834215125587705648508855153059379643201178260602297204, 1858798126018072206199249890835135459888162269508087047343336860502350822594035420612237518572804713042409189576, 7435192504072288824796999563340541839552649078032348189373347442009403290376141682448950074291218852169636759068, 29740770016289155299187998253362167358210596312129392757493389768037613161504566729795800297164875408678547037040, 118963080065156621196751993013448669432842385248517571029973559072150452646018266919183201188659501634714188148932, 475852320260626484787007972053794677731369540994070284119894236288601810584073067676732804754638006538856752596504, 1903409281042505939148031888215178710925478163976281136479576945154407242336292270706931219018552026155427010386796, 7613637124170023756592127552860714843701912655905124545918307780617628969345169082827724876074208104621708041547968, 30454548496680095026368510211442859374807650623620498183673231122470515877380676331310899504296832418486832166192660, 121818193986720380105474040845771437499230602494481992734692924489882063509522705325243598017187329673947328664771432, 487272775946881520421896163383085749996922409977927970938771697959528254038090821300974392068749318695789314659086524, 1949091103787526081687584653532342999987689639911711883755086791838113016152363285203897568274997274783157258636346896, 7796364415150104326750338614129371999950758559646847535020347167352452064609453140815590273099989099132629034545388388, 31185457660600417307001354456517487999803034238587390140081388669409808258437812563262361092399956396530516138181554360, 124741830642401669228005417826069951999212136954349560560325554677639233033751250253049444369599825586122064552726218252, 498967322569606676912021671304279807996848547817398242241302218710556932135005001012197777478399302344488258210904873824, 1995869290278426707648086685217119231987394191269592968965208874842227728540020004048791109913597209377953032843619496116]
len(predicted_full) = 200, len(input_sequence + seq_pred) = 200
is_manual_check: False
