test results being evaluated: data/test_linrec15.tsv
csv file used: ../linear_database_newbl.csv
The sequence ID inspected: A128223
csv results file used: ../linear_database_newbl.csv
Results we are looking at now:
('Could you give me a recursive equation in a form of a Python code for the following number sequence: 0,1,3,7,10,17,21,31,36,49,55,71,78,97,105', 'Certainly, the Python code is the following: lambda a_n: n * 3 + a_n[-2]')

Experiment type: Evaluation of the results of llms.
Ground truth: 
[0, 1, 3, 7, 10, 17, 21, 31, 36, 49, 55, 71, 78, 97, 105, 127, 136, 161, 171, 199, 210, 241, 253, 287, 300, 337, 351, 391, 406, 449, 465, 511, 528, 577, 595, 647, 666, 721, 741, 799, 820, 881, 903, 967, 990, 1057, 1081, 1151, 1176, 1249, 1275, 1351, 1378, 1457, 1485, 1567, 1596, 1681, 1711, 1799, 1830, 1921, 1953, 2047, 2080, 2177, 2211, 2311, 2346, 2449, 2485, 2591, 2628, 2737, 2775, 2887, 2926, 3041, 3081, 3199, 3240, 3361, 3403, 3527, 3570, 3697, 3741, 3871, 3916, 4049, 4095, 4231, 4278, 4417, 4465, 4607, 4656, 4801, 4851, 4999, 5050, 5201, 5253, 5407, 5460, 5617, 5671, 5831, 5886, 6049, 6105, 6271, 6328, 6497, 6555, 6727, 6786, 6961, 7021, 7199, 7260, 7441, 7503, 7687, 7750, 7937, 8001, 8191, 8256, 8449, 8515, 8711, 8778, 8977, 9045, 9247, 9316, 9521, 9591, 9799, 9870, 10081, 10153, 10367, 10440, 10657, 10731, 10951, 11026, 11249, 11325, 11551, 11628, 11857, 11935, 12167, 12246, 12481, 12561, 12799, 12880, 13121, 13203, 13447, 13530, 13777, 13861, 14111, 14196, 14449, 14535, 14791, 14878, 15137, 15225, 15487, 15576, 15841, 15931, 16199, 16290, 16561, 16653, 16927, 17020, 17297, 17391, 17671, 17766, 18049, 18145, 18431, 18528, 18817, 18915, 19207, 19306, 19601, 19701, 19999]
Predicted:    
[0, 1, 3, 7, 10, 17, 21, 31, 36, 49, 55, 71, 78, 97, 105, 142, 153, 193, 207, 250, 267, 313, 333, 382, 405, 457, 483, 538, 567, 625, 657, 718, 753, 817, 855, 922, 963, 1033, 1077, 1150, 1197, 1273, 1323, 1402, 1455, 1537, 1593, 1678, 1737, 1825, 1887, 1978, 2043, 2137, 2205, 2302, 2373, 2473, 2547, 2650, 2727, 2833, 2913, 3022, 3105, 3217, 3303, 3418, 3507, 3625, 3717, 3838, 3933, 4057, 4155, 4282, 4383, 4513, 4617, 4750, 4857, 4993, 5103, 5242, 5355, 5497, 5613, 5758, 5877, 6025, 6147, 6298, 6423, 6577, 6705, 6862, 6993, 7153, 7287, 7450, 7587, 7753, 7893, 8062, 8205, 8377, 8523, 8698, 8847, 9025, 9177, 9358, 9513, 9697, 9855, 10042, 10203, 10393, 10557, 10750, 10917, 11113, 11283, 11482, 11655, 11857, 12033, 12238, 12417, 12625, 12807, 13018, 13203, 13417, 13605, 13822, 14013, 14233, 14427, 14650, 14847, 15073, 15273, 15502, 15705, 15937, 16143, 16378, 16587, 16825, 17037, 17278, 17493, 17737, 17955, 18202, 18423, 18673, 18897, 19150, 19377, 19633, 19863, 20122, 20355, 20617, 20853, 21118, 21357, 21625, 21867, 22138, 22383, 22657, 22905, 23182, 23433, 23713, 23967, 24250, 24507, 24793, 25053, 25342, 25605, 25897, 26163, 26458, 26727, 27025, 27297, 27598, 27873, 28177, 28455, 28762, 29043, 29353, 29637, 29950]
len(predicted_full) = 200, len(input_sequence + seq_pred) = 200
is_manual_check: False
