test results being evaluated: data/test_linrec15.tsv
csv file used: ../linear_database_newbl.csv
The sequence ID inspected: A128964
csv results file used: ../linear_database_newbl.csv
Results we are looking at now:
('Could you give me a recursive equation in a form of a Python code for the following number sequence: 0,216,5184,77760,933120,9797760,94058496,846526464,7255941120', 'Certainly, the Python code is the following: lambda a_n: 8 * abs( 8 * 9 * a_n[-1] // n )')

Experiment type: Evaluation of the results of llms.
Ground truth: 
[0, 216, 5184, 77760, 933120, 9797760, 94058496, 846526464, 7255941120, 59861514240, 478892113920, 3735358488576, 28524555730944, 213934167982080, 1579821548175360, 11510128422420480, 82872924641427456, 590469588070170624, 4168020621671792640, 29176144351702548480, 202697423917091389440, 1398612225027930587136, 9590483828762952597504, 65389662468838313164800, 443512493266903341465600, 2993709329551597554892800, 20117726694586735568879616, 134634017109926614960963584, 897560114066177433073090560, 5962363614868178662556958720, 39474959105334148386584002560, 260534730095205379351454416896, 1714486610949093464119248420864, 11251318384353425858282567761920, 73644993061222423799667716259840, 480858484105628767162536264990720, 3132449553602381683230236240510976, 20360922098415480940996535563321344, 132070846043776092590247798248570880, 854984950704445230978972588661800960, 5524518143013338415556438265199329280, 35633142022436032780339026810535673856, 229442670583490552536817148243449217024, 1474988596608153552022395952993602109440, 9467368666601171636236774023865911214080, 60677226454125690941335688062049703690240, 388334249306404422024548403597118103617536, 2481962376001802175548200666468537444859904, 15842313038309375588605536168948111350169600, 100994745619222269377360293077044209857331200, 643068584350966286647681866123220275009945600, 4089916196472145583079256668543680949063254016, 25982997012881866057209395306042208382284201984, 164892096427904149978444239442190937810649743360, 1045353667920298007410514423633512360459968184320, 6620573230161887380266591349678911616246465167360, 41890172438115214696959523448877477135523088695296, 264805732912371178620065558944689766178128096395264, 1672457260499186391284624582808566944282914293022720, 10553782023150038262244355125998887958750803987005440, 66542490044268037856862713675789598655174560731627520, 419217687278888638498235096157474471527599732609253376, 2639009703526118642349545523351970443714726185605791744, 16600222328632036621231012163020459242721664715907399680, 104344254637115658762023505024700029525679035357132226560, 655412349439382731598960140936397060458171440836986798080, 4113972901096433146036549807723846164106676120946009440256, 25805830015968535188774721521176853211214604758661331943424, 161767889652340071332617657296929527592688567143847155466240, 1013428249880836329230810617771940864036548964754101297479680, 6344942086210453539532031693876499322663610909764808123351040, 39701209053716837861643284027398667190380879692528370828967936, 248272349575356000148867860678380397641255078640599952789602304, 1551702184845975000930424129239877485257844241503749704935014400, 9692824606709104115401005519635399085994205125009724184251596800, 60514661733778460828584656082048032131477334699385034771949158400, 377611489218777595570368253951979720500418568524162616976962748416, 2355103235390797109215191478595241941015768440532277374303688720384, 14681163025812761200302492334100209502435959109811599216438579036160, 91474938853141050555730913774008997669024052914979964348578838609920, 569692024249941732574931766795094010799491570052786613411402387292160, 3546332850955887285278950248299460217226835023578596668485979860893696, 22066071072614409775069023767196641351633640146711268159468319134449664, 137240198134553036405917099039881549869916542375887155625961497055723520, 853204123342522491391002688006974454612975130915153883168628102177751040, 5302054195057104053644088132614769825094916884972741988262188920676024320, 32935113117531187533224453341418805501766071944301267880028655883728715776, 204504074473972722590021605631600489976082353700661361022503514440827142144, 1269335634666037588489789276334072006748097367797208447725883882736168468480, 7875650642359733219493465282709128587323422304741770596117415908794863452160, 48846732073961491428768458832083584047219428227162442348952961591626568826880, 302849738858561246858364444758918221092760455008407142563508361868084726726656, 1877002777101412562946346668615712930728757105766391520943062814215382262349824, 11629256336389186531298017403379960549080342937900469205842889175030085755863040, 72026361825378187548684494885450078239465349808931938307155958761476660165345280, 445950453003937288865259319397148356759242910519131788242178382969993789534371840, 2760198593329632903713394524268665618678261383002626226172640938803751034170638336, 17078728796227103591726628618912368515571742307328749774443215808848209523930824704, 105641621419961465515834816199457949580856137983476802728514736961947687776891699200, 653253291637720899006080598131342014755089996101907576055917659172860191763228262400, 4038293075578638284764861879357387000304192703175428651982036438523135730899956531200, 24956651207075984599846846414428651661879910905624149069248985190072978816961731362816, 154187627259558558319845862996074045911020439654549198210013532263421176057268518518784, 952335344838449919034342094975751460038655656689862694826554169862307263883129084968960, 5880439605021884936949918178685222607617330074317987125336781087693470095433690272235520, 36300406023308174322325456449191470327791595266462958985252052483646228858350280334376960, 224025362886701875817779959800724502594370987930171404023269809613359583811533158635012096, 1382194220074556856460642393487488912233194585908793379539796749878652526535308356106584064, 8525683974291659114617046539268623196952415202801903088750148176821595023488817897479864320, 52575051174798564540138453658823176381206560417278402380625913757066502644847710367792496640, 324132425591418673128193035401185087414411088077165930273216642612373300709519829056482181120, 1997834405008926003462862527290940811517915615602895461138553488101719071645949491820862898176, 12310979576811760237554936654657689325029317847498923382151086359113295900953418490139371372544, 75844427750001022892079520461730407448841333167627295836466514176680126532659453198180055777280, 467147979769917804715817223374905872428261662696182282320183131566100602360451145362241759477760, 2876648085951599113250032375519157214426663922918596159550601389117566867166988631967488729415680, 17710146476988975410269764537978811372296330934142313747494137247784672538732416968982452351533056, 109009005039397658990798378276869580343272243853255275997507017197571174074611600998736818784436224, 670824646396293286097220789396120494420136885250801698446197028908130301997609852299918884827299840, 4127277061726346828021883839843927787703554056712559602304568160909344061442921633641873816818810880, 25387956379694839311865705636687017988226903945492383436024738603240671033413601981729845663120752640, 156135931735123261767974089665625160627595459264778158131552142409930126855493652187638550828192628736, 960042423230840551697295229018389417412653071842933468180783421099074499012291547335562659637812527104, 5901900142812544375188290342326164451307293474444263124062193162494310444747693938538295038757044224000, 36275093560701492257254857713809596139742389159998885543016406754843078831132167622235374384555491328000, 222916300752052718548614528854217034342610488225154441804665338283793758623570255872123832911542616064000, 1369597751820611902762687665280309459000998839655348890447863838415628852983215652078328829408517833097216, 8413243332612330259827938515293329533863278586454286041322592150267434382611181862766877094938038117597184, 51671888184548170099730645999439346743412262184522386710485211631563770223911195692583969559461966391541760, 317297688383241107018658498090307238596265922476832780894073252675071276531204686049773438076071137373061120, 1948060226352922145416880081298630488125911710090322189675240435028344581493907839933492736094948378290421760, 11958092774074091323405156191356208688649827266554439287391091285789376738708757355899440026182836968275050496, 73391653361492896366547676166796883860110390246639459443224712929577548839098022245367555580541991774756798464, 450357872900070045885633467387162696414313758331651228401606192976953140603556045596573636516962222254189445120, 2763097926965843289042683529232516994541955088711484228388801905783411749868434084261684867652941153078335242240, 16949749969894949131291685530068126638160351365080895789071605720551973570088453860172425083662071849480534097920, 103958466482022354671922337917751176714050155039162827506305848419385437896542517009057540513127374010147275800576, 637510007691225322032229631054444716025866391931336751031316746924760700042032788129073446970207572973991382482944, 3908820485114082266474984599165938404830129702352721685155518740268605752082536803127165660255287308745640593326080, 23962769060916765198824905586191187612219490783988424243779484451211887436679899532214363395478065675353709724303360, 146879706761878301794236111938380516874899324805454226300000868722536173352886866197457824553577783851808350252564480, 900162774297797020996104171736646310561883004879140901181433895456685976691263794267277239049783846748939746547859456, 5515891042505649830784638328939449732804729902238139990218148125351607686959233462744166911624207401355205255442202624, 33794543711126164456215741874488177940423345175684378813308372317295061180665726144981867697979298867457947691793776640, 207021120915709930514999929245116390739936016600695914968238700349304011148693539181846965758250809845406728517561876480, 1268004365608723324404374566626337893282108101679262479180462039639487068285747927488812665269286210303116212170066493440, 7765433632141698703938514587339227925755255133042655734567243387585272528536166618000452736269835549994256526944958939136, 47549984021470401652883781103296368257706836225617357717144627318501600277474883263646607850857760148594968048553378709504, 291122351151859601956431312877324703618613283013983822758028330521438369045764591410081272556272000909765110501347216588800, 1782140879348545941706261955857136361340970502774792860937659915219075421320694052821173195513394816380048581852841744793600, 10908137462858214086148395327125559473442718782084638182383529145501991840566932725992684257102121292205398031206655511756800, 66757801272692270207228179402008423977469438946357985676187198370472190064269628283075227653464982308297035950984731731951616, 408504691231573891864098263360634329504514977393607806389383915856399361717782361149413975839745984456069279594105245829955584, 2499403702930024469957969637667038989731571901158258289092941064121390831562747341243124983756340562790423881727091306722754560, 15290469712042502639742873077492473819534322218850521297980345333448508616619160205252058724156436384129651982330440935245086720, 93530016030805438224920691162324093103904750195825915991542112364340877382176940995762592975034825154870988099709580266239426560, 572041646433571325401450420786343485564527117326728828128915629170291301666475742348277020260212995140759333667901174789645008896, 3498254683959147720724254496347254392490761986728841679711445578387550652498832424360617162360533316437720540507549491982829092864, 21390601889176954215893530678301682909497652912482089251738775511159545391075663231759187744370140024077781648963359950977808465920, 130780515347752770712361712881262187915029953882643659602402893315064055998601839758730223804187058628222386537332947548383309987840, 799488433446639579449154622142055639329617076565595202097708253473221776293339548713747028538803905576302891284827830295777215774720, 4886873049442584429382957627843315095402284380507200672822241699355068107593037991512778711943438872835151422978510112682938231422976, 29867596774232938375856088855887093502334458574031586720851464796058304458829499277320336972374806527141546585160583545838579004473344, 182524202509201290074676098563754460292043913507970807738536729309245193915069162250290948164512706554753895798203566113457982805114880, 1115301261958064324628082172819014984361200845729686653420752039214774313738704819639814628048188071954201719110495410116589882661928960, 6814218685865734471203282543686908623962946630616744065412155751787828429062086763896916203074905171329939771638514639858677209922273280, 41628681426379759678623689721432750866391819416131381926881533320012915493906566412170251713330329773942904786737107618045737136979705856, 254286041965958291048942297455016923966995812578055549842517317990922266932658182782774911068174424040831960564767633281315526848779649024, 1553124328175314112993539780862977619439136100776147669696812361381680911804259559511559337063101272584722154347682550580490044226079293440, 9485152147070668332924832233127470461574724044025758982791246921295265568518870881302737379921082771856696014051918433902278484380698542080, 57921165773827986506381224050813902463580563393104043019174951614063396844446596150913757254902706630509528322494555170338173940123555594240, 353659823960196764668374768027910769159980145894364686199432939855281211320797451792049882532876526367464061169113813334182497352048533569536, 2159186293651727615870077531117771011713562995986647557849169527537506342800658126730409809148088266243464794506168544566587878570401573371904, 13181079118222755794555705858567788152902564801081278696172255836711521278724947866668199416311003950904872292043470766249519026156521232793600, 80457916467301908202605927090448464100954383988103065336172844876111944915222803163015136321528440301477139539872283983580879142319574692659200, 491070731541808198340043072241702694685135378134284226362158398036959112068773660684609625134845997702119093053703250520476400282433266227609600, 2996934521638006604726662863737934159564140479128088878598772394876984752511144397778074740822945860262075379322028980319250260009364161891926016, 18288111796813744849297931338946257314612993605588451452358417909647054682937324336441206088885476442735619076090108663993606700284415396999593984, 111588478760219460097411106474926315817977588101895635980492041482592198065380284086759901559301212192963099447329476593859295120379483778302607360, 680815100750552436324654278830168421226537419543026183566372792416264758983162856843939624120230991244707449437077593151298845509731007770992312320, 4153352458210074080818561298785161541784239453301589901980330107924922440277172288679229438766995767816874496007199618554292398305174639586165391360, 25335449995081451892993223922589485404883860665139698402080013658342026885690750960943299576478674183682934425643917673181183629661565301475608887296, 154532247483811728673284636522313767331446310355327221192797431374638661225428668844648633880842299993292594507794945365701805122355624822260067467264, 942476893994675927622779926042682866691787936782490195186841477065103922858383639656922986855686554904147142327760381076532987284696393146750960926720, 5747564009279007296322526762096361088677788729230923813270574253577355070546208425448776247710088498759716999113555110827381496227984561485104220733440, 35047645752233946665618886016696288812480863881505959339617306046270610810613292681269168206145213563089143875029395838849576297651079771664602911211520, 213695915721729145074692450955856290705288726801830930459936871460504048618225914294441198575847572427916509681260316249850389533786043148311740993765376, 1302855744238929303842479781634091578816115140824065995384776409872105328672409606504818920349522296415361946121232250684571729738243940484868356381343744, 7942543039745344419146668187501948662301450591119974517318957792803208955543031825751302509082649293655147692931576287595784876479134182635026343715143680, 48415714486958322895436605015304431739348204135231334025784710800811050335384651448462726996854872821961698170742480987153029087473871134573086116476354560, 295105307349079301457899306759950822030312863300457655014306808690657830615677875495391859790353510533861779326430360302647034437935976439302620138522542080, 1798589189001230689938144195936963431111064714220684023718775181388325093962920946440335650722259816832694423473717669634027715153315056403749653265311072256, 10961035685850432058052355204558248344572143075145948709992954508565499525512251212861521976129373962268357638342446950020985656745857202376777991627340775424, 66793811210651070353756539527776825849736496864170624951519566536571012733590280828374899542038372582572804358649286101690381345795067326983490886479107850240, 406992341884588905367967308210702317094767462757847953072471555683976740801565648985330994100710498223345170599852644847605639702875643401723239805696532807680, 2479716227358680856417202877861083189721727530823589074905471024837425297048714418044645541376493860309247379634153743349844670767005208767200357991408772055040, 15107194246677501832941728302045983740458524649325250364039485012855698732789090916087378990539870287422491728232690497946745994211293271874020642532274980519936, 92030560870066006063940936697157676459732032812726270074811964823212776974235584458205767932166352669298240426070573747695993454532062074579493097875185340514304, 560592248954716788206746822520757420059281418148586416699362222273377321670470565227649347810150371589633951833932428919975594646895809591347166078427524916838400, 3414516425451456800895639737171886103997441365086844538077933535665116413811047988204773300298188626955043161170315703421669531031092658420023647932240379038924800]
Predicted:    
[0, 216, 5184, 77760, 933120, 9797760, 94058496, 846526464, 7255941120, 464380231680, 26748301344768, 1400638324962392, 67230639598194816, 2978834492966170304, 122557761996322435360, 4706218060658781517824, 169423850183716134641664, 5740478688577676091388144, 183695318034485634924420608, 5568868588834932932445593168, 160383415358446068454433083232, 4399087964117377877607307425792, 115176121242345893522809503511640, 2884410688503966724745142348813240, 69225856524095201393883416371517760, 1594963734315153440115073913199769184, 35334581190981860827164714384733348072, 753804398740946364312847240207644758864, 15506833345528039494435714655700120753768, 307997793345660370648102470402871363936904, 5913557632236679116443567431735130187588552, 109877716005429908744241769054175322195193736, 1977798888097738357396351842975155799513487248, 34521580592251433147281777622839083046053595600, 584836188856965455671597173845744465721378560752, 9624732708046060070481142061004251778728972885512, 153995723328736961127698272976068028459663566168192, 2397338828036553773231194736059869848453140921969688, 36338609603922499299504425472907500860763399238277376, 536693311073316912731142283907556935789736357980712008, 7728383679455763543328448888268819875372203554922252912, 108574365838207800023346013649825371907668030430127260416, 1489019874352564114605888187197605100448018703041745285704, 19945940642490161163092827809902803206001366812838262431752, 261110495683507564316851564056909423787654256458973617288384, 3342214344748896823255700019928440624481974482674862301291312, 41850336142942708047723548075625691297861245696102623598778160, 512889225922021273095505610458731876331235691935215131763749360, 6154670711064255277146067325504782515974828303222581581164992320, 72348782236183898768084383254913361820438798013391979403082358696, 833457971360838513808332095096601928171454953114275602723508772176, 9413172382428293803011750721091033541701138293996524454289040250456, 104268986389974946741053238756700679231151070333499963185970907389664, 1133187474728784326846163500450180966738547481360301486700363068989552, 12087333063773699486359077338135263645211173134509882524803872735888552, 126587342631520925529869609941198397448029740463230769714309649015851016, 1302041238495643805450087416538040659465448759050373631347184961305896160, 13157469357429663718232462314489674032492955880930091432561026977406950664, 130667281894473901753481005054242280046826596334754011468192267913558682456, 1275667023240965549322119642563450056050374906590140857723368581664572899904, 12246403423113269273492348568609120538083599103265352234144338383979899839072, 115638170028085952484124471729817269343215624319358080112576047691351185365656, 1074315902196411429529930576070560437769229025934681518465222636616423915655120, 9822316820081475927130793838359409716747236808545659597396321249064447228846808, 88400851380733283344177144545234687450725131276910936376566891241580025059621272, 783367544543113403173015927047002768794118086392318451583115836233078375912951576, 6836662206921716973146320817864751436748666935787506486543556388943229462513031936, 58774887032640432485556429717762639217421375447964234869389380298974629409067259624, 497857866629424839877654463491636473371098709676873518893651221356020390288569728576, 4156030886645633445935202477843226212489171837302596331633958021754604997191538603760, 34198197010112640926552523246252832834196613975518506957445140293295035405461803368080, 277438894053871565826679625209037066373200699294347324049132405759689301317549278028360, 2219511152430972526613437001672296530985605594354778592393059246077514410540394224226880, 17512855120551235278484105657030723312982312634908937934498659256721209595496809221297024, 136316277695101507032524930519590494976727190239291192571232807187451577391975163668474128, 1046909012698379574009791466390455001421264821037756358947067959199628114370369256973881296, 7934468306766666245126840587380290537087480748917732404651462427618234129964903842328363504, 59353944736332464379130651666636978563147907939956024221808342315689647517659540430923862048, 438306053437532044645887889230549995543246089402752178868738527869708166284255067797591596656, 3195750465569853895139638280972111359910249968303610823144220152569011440249758469005224805992, 23009403352102948045005395622999201791353799771785997926638385098496882369798260976837618603136, 163622423837176519431149479985772101627404798377144874144984071811533385740787633613067510066744, 1149347757685532624296854883802496713870550778844334725701351528822478416910898499525937631688344, 7976196487070684236084197747834194062523340344751045807276849163876476724586476334059518986174528, 54693918768484691904577355985148759285874333792578599821326965695152983254307266290693844476625328, 370631731889966853376900671146419827631336661935591452906874496945977862993893945687525346100425752, 2482370669402568692384823099771370008321510665987217172957671049312595919587010612976913945974944568, 16435005811217006515099518453658725572335518892053299903719753154069600571058828885916119918178943344, 107574583491602224462469575333038931018923396384348872097074747917546476465112334525996421282625810976, 696213034732167205509915453840791283897751419296460116043989379780974948807918030190718411896544574400, 4455763422285870115263458904581064216945609083497344742681532030598239672370675393220597836137885276160, 28203513530073199850458816802622999878688690462576599689940246699171275288851747543901806083685955154592, 176578519492632207759394331285987477501355279417870885015278066290463636591071810709646090263077284446136, 1093647604599528512574313277642245021943877859620361610417206087992548975015670569556517720339059310118000, 6701500215418387481306430297041841836592272841929024336173518156209661804351343064516534116120193219446464, 40632253937694644097184251064169483135548938494222294922483646926071212624277616896437091061949803098959608, 243793523626167864583105506385016898813293630965333769534901881556427275745665701378622546371698818593757648, 1447681129986316391751224450286285914602650839546724239712407049242289802366014886536975120722665149587674280, 8508819702776716751517400850662251906235988607948093490554555717995499246559434435156098668737297205739799848, 49505860088882715645192150403853101999918479173516180308681051450155631979982163986362755890835183742486108200, 285153754111964442116306786326193867519530440039453198578002856352896440204697264561449473931210658356719983232, 1626223389787044739197947613107798690012371618442822201791382626329389599583224003835593039449280586271987231104, 9183379142326840880176645344608745543599275021794760668939572478095376562352323786365701869831231546006516128584, 51355595980390877155162599208685800321487207888871671313681492693038222329271247582006255116726110393201488253048, 284430993122164858090131318694259817165159920615289256506543651838365539054425371223419259108021534485423627247648, 1560307162270161507237291805408510997020305850232443921407325175799033814241419179282757078535432417748609612329952, 8478650240260500265742264904861342776261284620131016025760559445851353556632617427045925256947255402105652233038224, 45642079798037833206238734441122742421742990104630516176056843372059622884302688205406102317772141230026688656355296, 243424425589535110433273250352654626249295947224696086272303164650984655382947670428832545694784753226809006167228240, 1286352927885983702840049469753477657977930877077293079750886448063918912849338148321170149726568971180201720663518032, 6735811695112060116689713587072755736320801683604734672150096309861975398192897940299945511295488430907238100928967144, 34953401228689609254173648884269435172259295223029974514941040310635115579811794717232149680236048073897019334550315984, 179760349176117990450035908547671380885904946861297011791125350168980594410460658545765341212642532951470385149115910768, 916300540933132411497528171004059428232577428248735210545913289356927631685179994003193243703381406903070281822042164616, 4629729048925300605461194969283668690017233321677820011179351356750792244304067338121397441869716582247091950258739358056, 23188903758095418684744767846151244916955881680751515882080925056421359414949067710938477621886580446733260550861164089040, 115144901419508285882870571373992388553160240069938561621367352004299163991471232771556578536264399459641017907724400993848, 566867206988348484346439735995039451338635028036620611059039271405780499650319915183047771255455505032078857391873974123552, 2767080603604141754097875321467311220093676069060114169237344240082453964394781958859623019009681109309130693709486517755640, 13393600232571307986221648614833371956083675762845594634291683044432718348667179901707082848315767386235792265350119615355024, 64289281116342278333863913351200185389201643661658854244600078613277048073602463528193997671915683453931802873680574153704112, 306038230768703738184343918101581047803141708670376033428840043646674212317314206547435889743995319582353045084628187706888992, 1444901810842404534378541777266481012578767411427349141434523484758068412252237565338713708955256590815043884989719968189902120, 6766369455652235868309268810613764741832276658391488662327524611549978906156819818171537368766079644792400632146981314450273336, 31430877471416837581823700281560713639478962542205624754037533679457966531825227542474238100074692543551796484811784170349656784, 144833483388288787577043610897431768450719059394483518866604955194942309778650648515721289165144183240686678202012701456971218456, 662095924060748743209342221245402370060429985803353229104479795176879130416688678929011607612087694814567671780629492374725570080, 3002891750070797449516386767223242245313446234824657165072286315132932119055217945378824299091043403253472275162540059904267152488, 13513012875318588522823740452504590103910508056710957242825288418098194535748480754204709345909695314640625238231430269569202186192, 60337173768864395264701352718160030231414361555546599781917566890112868624737402437379167311968872102581396412568246785053181854624, 267340093006660705172830608966616749333035940430729549802957834836192402521913413876387695166877464085283725643379308832235636525096, 1175480103601805848698858250112757615388005356397711608293921472256845983607802491548086354321537552008575770767835739598226920904232, 5129367724807880067049563273219305958056750646099105199828020969848055201197683599482558637039436590582876090623283227337717473036648, 22214404582626608410680815378754287457448784753030711241360451719041201472856133483473336653644477264479222768413617586064099732850440, 95488783877559152571284698941510966981272388192132012500176270075878597375859200645377924720143424659253972497061520369947174971058600, 407418811210919050970814715483780125786762189619763253334085418990415348803665922753612478805945278546150282654129153578441279876516688, 1725538494540363039405803500872480532743933979566056131767891186312347359639055672838829322001650591489577667711605826920457185359364792, 7254818779965321975895932967171888955186174979781374685389089951211037074102891004052304302722268180277348442349525228512287144284628608, 30280982733768300421130850645587014769472730350391824773797940665924328657125110277783531002666858491592410889806713997268676776144536792, 125480906867989503903391150876677125951196350228961806256889308083254771989237867050383552931914463965159918507400483902350775705462253176, 516264302542585387488237877892614461056350698084871431456916010399676776184292938721578046348448080313800807573304848055386048616758984488, 2108994597620774348888120692667701628145092213453091805100593063760381723986898813500914572317064498303186277746266613332640879455696277056, 8554794987532155105348996612511240407123754330626625913647476089619576570538406454764273194750909514243910535083447670983106665961134194248, 34458474914814834550216937404241080241281695765321234449377246346999133598812042782826722798437229931499947330126334674729156920235058013192, 137833899659259338200867749616964320965126783061284937797508985387996534395248171131306891193748919725999789320505338698916627680940232052768, 547533284163678474508274646754285854316641565815862925319759831610248302149399631528501857431719846635695714818007414417765362373941887326856, 2160131312864923296690179428290881178673873574725596198521792212380157685192151970961760752607333093576443368049125141812553758406784432193616, 8464188001429903529888050004731616047048647476475805512575185811775311746059044457646082948991999060544431156437388310775720849267400224105592, 32941704654213678602807545964360884075000141530067999832725047483666078146824389240568539044725617965362110446675240993289291953905557628951488, 127345113294141468961188902519945431055034104169927301366776022487192355789066095319244822078939301664755541055603616188823034667446987881047360, 489005235049503240810965385676590455251330960012520837248419926350818646230013806025900116783126918392661277653517886165080453122996433463221856, 1865344472771615011305404385097457630627593595809351008311853493894513511446940081264360710378020562875317191578982135305207556283747984601429064, 7068673791555593727052058722474576284483512573593330136760707976863419622325246623738630060379867396159096725983511249577628634338413415331731184, 26611477803503411678313632837551346012173223806469007573687371207015226813459751995251313168488912550246011203702630586645190152803438740072399744, 99533839057259513809796444898893346123453096834585378976908609189875134055537773696524392110711776811309756190472176739659932000095978664166897736, 369880589012783741641566143624274628174896669527233408327092638021729530425740371930309999069483764150415610101367572916413682787453443293936342552, 1365712944047201507599628837997321704030387702869784892284649740387924420033502911742683073487324667632303791143511038460604367215212713700688034032, 5010513731026675594760421724117562430073269534095516547490179939257608063307628516966786307826108334752910724195301644288586723031608427335008328672, 18266176639692184446721537424631113669127868681259604628824959778559381294083506492233347552581255701377699855294264222216619952317762368006106312120, 66171809713601875731519531802437241971180203524563096013856458065724551103094966915260428869728322540839969287103749635199830770660573106739102111824, 238218514968966752633470314488774071096248732688427145649883249036608383971141880894937543931021961147023889433573498686719390774378063184260767602560, 852260028708849996999247833202073695350554472226919477604551251211716951350172195003006368349494718140905343563592144369878068857402263317603739994248, 3030257879853688878219547851385150916801971456806824809260626670974993604800612248899578198575981220056552332670549846648455355937430269573702186646208, 10708150544759047815058034125140165202932119994605712209411785045899363904080691137215687376562976581304135850418630132941780889693005124383143923363280, 37609114108422021594350168634638629005420128761542013613543830405109961028966329847781926395733381163604769816104457052283328002824213119784700608885664, 131289998342127784474822406870011213982557540403928483887280280686929318501118824195893270326923803334765741903491922800698163209859071254521136671019040, 455560476175093999141552447934496742493693634172667510355864106479947514799062908053220022339205486270030526122959924898808084390836295437374546521126304, 1571274456747629601829546167726168405247709780140457999790285780433830949247067275680567262678936287973278940400149202046188362928872492047471489797417664, 5387226708849015777701301146489720246563576389052998856423836961487420397418516373761944900613495844479813509943368692729788672898991401305616536448289128, 18361198723651083360686091481527093858110177515352232788758166211933456502444174149626510430493334949232973856375031757469575595206029864804941568013103768, 62212061557782494210324639372703565072185072052016976978380610223962770267104966530499235340965652533871723183953048778249856134345136483103802018679692760, 209556417878846296287409311571212008664202347964688764558755739701769331426037781997471108516936934850936330724894480095157410136741512364139122589236859816, 701770329640787596869463741075686726689421816439887955731647128303599621519754432735717200614858572524065851729879189155875978132343669312465898903490879376, 2336530114873373732929544016529454072676918880169800361279934947415453075117795105524700043665656287710184569921447473721298054359710714011447154730697956760, 7734720380270478564180559502994054861275317672286235678719784653513223972803735521736938075582862193799231679739964050939469421328697536037894029453344960304, 25458279651633118016960012992711860571969045595639267148243405488134954333342580917259864751632734992162042557315538819092196495344741604330439776943581126480, 83318006132617477146414587976147907326444149222092147030614781597532577818212083001941375550798041792530321096669036135210824893855517977808711997269901868480, 271136562329873823934094930363057596723343672044774444574204035029258558323673219260554984843274983460437655094244998948482684400343380537953774635183409470304, 877385729786557992056397078028770650071044691560618427386188338072207469631661653337526243088350508276472411990365839293966439407852737021693113426211482330864, 2823319443335516220248517971757384885144814203010705107119801579494924595015849789510698972172569233336581616237154879515780274295660204047459404097753149846800, 9034622218673651904795257509623631632463405449634256342783365054383758704050719326434236710952221546677061171958895614450496877746112652951870093112810079509760, 28751062972132726503657836052724927183971942204360948361564741830525110572006709016718896936510937076718161519603999303444675146860557392819210904049605556892936, 90992375120595881681906118496536033285537575328087397012424677441661888403713540624341124370496152506536599095010459333978752113141104715735524619409740663573248, 286402229887777201359442209038277350669233023983488200432549804406542337270704914752024522608774775102541426659705052329900334520050690252806897162732298482066616, 896563502257389499907819089163303010790642509861354366571460257272654273195250167919381114253555817712303596499946250771861916758419552095743330248553282204730272, 2791462580001385686199479974908446130894108571244000622406276260481345196543049171467910928702962978390739846399832651051851157042430605444044098503603732702295328, 8644529280004291157262905728748736405349497510949163217774274871168036737681700660029659650176917610500355653367223693579926163744301229762201079236966398045817784, 26626999279585410195633335292830332457119307841212395793786001742207428667939356043727721703218740875124090140853052660438703049822018761192662147810121097724016272, 81580593537453171663217027280161018592025113385842233921386898954848292089005686602059402665180823106763169793251906023471771046263206417271135091162924214303369000, 248626570780809666021232845044300247137600345556852522427083882529061461604588759168181036693884413277754422227053427881056826045754533843112030754020340462638838856, 753731077735507198043316414450089170269777889688142383778949033351260009917069080425643563871986431831508143172540918207835430538708481545434366917451137402526164104, 2273031941233780869491886150383514984687916567855340382495678760263485684357234504320265407278870077146328222342322350197451350734534478377854425887182487664162672896, 6819095823701342608475658451150544954063749703566021147487036280790457053071703512960796221836610231438984667026967050592354052203603435133563277661547462992488018688, 20351291162963592448093156828304217064977822949502736688873227449405716386369436391012531729419106182947436104702243632855937482224225796046282113642753050174472014320, 60424452112716645619080713057233139326944464015018434705108139231225219786333996707336176681161882275142903073755115116108350462686361126405456172465081221136576702304, 178484535471409168597899952415211734627282109090515991744319426652234495368863497966285321888970483028114421387092032342966204443627405173382270540204547607049580412952, 524525981793528985267297819342663056863849463449679649207795866080036068022782524635614007183913256245887279178392911375247621222088700917694835873254180722757950601328, 1533639418848084748801845400717634115500392339832565877886753395239090229345800681168089685979360586790005445719565060670774770679812648368488454126875168001566393636368, 4461496491194428360150822983905844699637504988603828008397828058877353394460511072488988177394503525207288569366007449224072060159454977071966412005455034186374963305792, 12913678286070305203250623310199831894428155142893492124809793778459073141755047124390237136579065479996975959571961260065655812320834506499762076960513063775638084744400]
len(predicted_full) = 200, len(input_sequence + seq_pred) = 200
is_manual_check: False
