test results being evaluated: data/test_linrec15.tsv
csv file used: ../linear_database_newbl.csv
The sequence ID inspected: A129361
csv results file used: ../linear_database_newbl.csv
Results we are looking at now:
('Could you give me a recursive equation in a form of a Python code for the following number sequence: 1,1,3,5,10,16,29,47,81,131,220,356,589,953,1563', 'Certainly, the Python code is the following: lambda a_n: -5 * n - n * a_n[-2] // -2')

Experiment type: Evaluation of the results of llms.
Ground truth: 
[1, 1, 3, 5, 10, 16, 29, 47, 81, 131, 220, 356, 589, 953, 1563, 2529, 4126, 6676, 10857, 17567, 28513, 46135, 74792, 121016, 196041, 317201, 513619, 831053, 1345282, 2176712, 3522981, 5700303, 9224881, 14926171, 24153636, 39081404, 63239221, 102323209, 165569195, 267896585, 433476726, 701380076, 1134874513, 1836265535, 2971168705, 4807451951, 7778667024, 12586147632, 20364889681, 32951083681, 53316094755, 86267253461, 139583544634, 225850919488, 365434781933, 591285897839, 956721194001, 1548007409651, 2504729435692, 4052737359572, 6557468141533, 10610206333145, 17167676652987, 27777884332401, 44945564509966, 72723451020676, 117669021233529, 190392475778783, 308061506239777, 498453987721447, 806515508891576, 1304969505840488, 2111485038889881, 3416454559660721, 5527939637638771, 8944394221457309, 14472333922342066, 23416728182887544, 37889062207563765, 61305790453697295, 99194852826841201, 160500643382872651, 259695496477628148, 420196140026080940, 679891636937203525, 1100087777231198761, 1779979414869811019, 2880067192534504217, 4660046608539218406, 7540113801775131356, 12200160412150661665, 19740274215060696191, 31940434630182572929, 51680708847079581023, 83621143482069680928, 135301852332120477024, 218922995821968900001, 354224848158896904001, 573147843993452073027, 927372692160127719077, 1500520536173944803178, 2427893228346658791280, 3928413764553554874557, 6356306992920578676911, 10284720757527449842641, 16641027750480979799651, 26925748508094697213564, 43566776258628993304388, 70492524766863274380397, 114059301025578535256057, 184551825792667661070171, 298611126818385780188673, 483162952611418876555006, 781774079430030508177396, 1264937032042040671462281, 2046711111472436614935839, 3311648143515434008424161, 5358359254988461910089879, 8670007398505443927269960, 14028366653494862559385880, 22698374052002811217437801, 36726740705499221785579601, 59425114757506085742555283, 96151855463007812258916845, 155576970220520455471791970, 251728825683532320470246696, 407305795904063386151896389, 659034621587602264092462927, 1066340417491682817924536881, 1725375039079295692226857531, 2791715456571006288041429700, 4517090495650319147948464796, 7308805952221370381560107349, 11825896447871717307398607433, 19134702400093160412418962923, 30960598847964922665387783209, 50095301248058200746837207126, 81055900096023196135685238476, 131151201344081587275013154737, 212207101440104901079728854207, 343358302784186796416263179073, 555565404224291887888482742415, 898923707008479182758757800752, 1454489111232771378708761713296, 2353412818241251367983052563441, 3807901929474023245145826156001, 6161314747715275918098423648099, 9969216677189299969759782853493, 16130531424904577999343284479642, 26099748102093879274072612261792, 42230279526998460689870519648141, 68330027629092342075428209887983, 110560307156090808293238430420881, 178890334785183153785121263215571, 289450641941273971022754017427916, 468340976726457130335814981528244, 757791618667731115830903023632381, 1226132595394188255111112328952089, 1983924214061919394358743701052155, 3210056809456107663942190054680465, 5193981023518027096189996128876526, 8404037832974134783548914532024676, 13598018856492161941044701382512793, 22002056689466296762482678287681375, 35600075545958458802722232764949665, 57602132235424755626510701774242631, 93202207781383214589733578355559384, 150804340016807970315439133224557512, 244006547798191185164868208491239481, 394810887814999155640807985532164081, 638817435613190341225872334750893235, 1033628323428189497126375817194179901, 1672445759041379839032139789583685394, 2706074082469569336578711747505354968, 4378519841510949176710939315455142293, 7084593923980518513969542700599109519, 11463113765491467692460461432058966001, 18547707689471986207530091911024177451, 30010821454963453902870620537453959572, 48558529144435440112180691864482851212, 78569350599398894019711359012312341093, 127127879743834334134772118071166008425, 205697230343233228162023590888224695947, 332825110087067562301455755569766234681, 538522340430300790475679506873112807366, 871347450517368352784675376247625388476, 1409869790947669143280095157340606419009, 2281217241465037496076970694003353684223, 3691087032412706639389006285978950203137, 5972304273877744135485717254202172110527, 9663391306290450774926404249035980636736, 15635695580168194910444061937873142847168, 25299086886458645685454087330398971906881, 40934782466626840595949829977126973077121, 66233869353085486281539219159870651730051, 107168651819712326877572670280487473230149, 173402521172797813159330812436192680129226, 280571172992510140037038784569024860105424, 453973694165307953196723821853396802149725, 734544867157818093233981529418256217424175]
Predicted:    
[1, 1, 3, 5, 10, 16, 29, 47, 81, 131, 220, 356, 589, 953, 1563, 7073, 12424, 60036, 111726, 570247, 1117160, 5987489, 12288650, 68856009, 147463680, 860699988, 1917027710, 11619449703, 26838387800, 168482020549, 402575816850, 2611471318355, 6441213069440, 43089276752693, 109500622180310, 754062343171953, 1971011199245400, 13950153348680946, 37449212785662410, 272027990299278252, 748984255713248000, 5576573801135203961, 15728669369978207790, 119896336724406884947, 346030726139520571160, 2697667576299154911083, 7958706701208973136450, 63395188043030140410216, 191008960829015355274560, 1553182107054238440050047, 4775224020725383881863750, 39606143729883080221275944, 124155824538859980928457240, 1049562808841901625863812251, 3352207262549219485068345210, 28862977243152294711254836628, 93861803351378145581913665600, 822594851429840399270762843613, 2721992297189966221875496302110, 24266548117180291778487503886289, 81659768915698986656264889063000, 740129717573998899243868868531510, 2531452836386668586344211560952690, 23314086103580965326181869358742250, 81006490764373394763014769950485760, 757707798366381373100910754159122800, 2673214195224322027179487408366029750, 25383211245273775998880510264330613465, 90889282637626948924102571884445011160, 875720787961945271961377604119406164198, 3181124892316943212343590015955575390250, 31088087972649057154628904946238918828674, 114520496123409955644369240574400714048640, 1134715211001690586143955030537720537246236, 4237258356566168358841661901252826419799310, 42551820412563396980398313645164520146733475, 161015817549514397635983152247607403952373400, 1638245085883690783745335075338834025649238403, 6279616884431061507803342937656688754142562210, 64710680892405785957940735475883944013144916524, 251184675377242460312133717506267550165702488000, 2620782576142434331296599786773299732532369118817, 10298571690466940872797482417756969556793802007590, 108762476909911024748808891151091938900093318430491, 432540010999611516657494261545792721385339684318360, 4622405268671218551824377873921407403253966033295443, 18599220472983295216272253246469087019569606425689050, 201074629187198007004360437515581222041547522448351336, 818365700811264989515979142844639828861062682730317760, 8947820998830311311694039469443364380848864748951634007, 36826456536506924528219061428008792298747820722864298750, 407125855446779164682078795859673079328623346077299346864, 1694017000679318528298076825688404445742399753251757742040, 18931352278275231157716664007474798188780985592594419628711, 79618799031927970830009610807355008949892788402832613875410, 899239233218073479991541540355052913967096815648234932363298, 3821702353532542599840461318753040429594853843335965466019200, 43613102811076563779589764707220066327404195558939394219619468, 187263415323094587392182604618898981050147838323462307834940310, 2158848589148289907089693353007393283206507680167500013871163171, 9363170766154729369609130230944949052507391916173115391747015000, 109021853751988640308029514326873360801928637848458750700493739631, 477521709073891197850065641778192401677876987724828884979097764490, 5614625468227414975863519987833978081299324849195625661075427590482, 24831128871842342288203413372466004887249603361691102018913083752960, 294767837081939286232834799361283849268214554582770347206459948499780, 1316049830207644141274780908740698259024228978169628407002393438906350, 15770079283883751813456661765828685935849478670178213575545607244737695, 71066690831212783628838169071997705987308364821159933978129245700942360, 859469320971664473833388066237663383503796587524712639867235594838203833, 3908667995716703099586099298959873829301960065163796368797108513551829250, 47700547313927378297753037676190317784460710607621551512631575513520312177, 218885407760135373576821560741752934440909763649172596652638076758902437440, 2695080923236896873823046628704752954822030149330617660463684016513897637436, 12476468242327716293878828962279917263131856528002838009200370375257438933510, 154967153086121570244825181150523294902266733586510515476661830949549114151995, 723635158055007545044972079812235201261647678624164604533621481764931458143000, 9065578455538111859322273097305612751782603914810865155384717110548623177891123, 42694474325245445157653352708921876874437213038825711667483667424130956030436410, 539401918104517655629675249289683958731064932931246476745390668077643079084521224, 2561668459514726709459201162535312612466232782329542700049020045447857361826184000, 32633816045323318165595352582025879503229428442340411843096135418697406284613533447, 156261776030398329277011270914654069360440199722102104702990222772319299071397223390, 2006979686787384067184114183794591589448609849203935328350412328249890486503732306376, 9688230113884696415174698796708552300347292382770330491585393811883796542426627849560, 125436230424211504199007136487161974340538115575245958021900770515618155406483269147875, 610358497174735874156006024192638794921879420114530820969879810148679182172877554521650, 7965200631937430516636953166934785370624170339028118334390698927741752868311687590889428, 39062943819183095945984385548328882875000282887329972542072307849515467659064163489384960, 513755440759964268323083479267293656405258986867313632568200080839343060006103849612367461, 2539091348246901236488985060641377386875018387676448215234700010218505397839170626810021750, 33650981369777659575161967892007734494544463639809042933217105294976970430399802149610068041, 167580028984295481608273014002330907533751213586645582205490200674421356257385261369461434840, 2237790261090214361748270864818514343887206832047301355058937502115968533621586842949069524062, 11227861941947797267754291938156170804761331310305254007767843445186230869244812511753916133610, 151050842623589469418008283375249718212386461163192841466478281392827876019457111899062192873510, 763494612052450214207291851794619614723770529100757272528213354272663699108647250799266297084800, 10346982719715878655133567411204605697548472589678709640453762275408709507332812165085760211834750, 52681128231619064780303137773828753415940166507952251804446721444813795238496660305149374498850510, 719115299020253566531782935078720095979618844982670320011536478140905310759630445473460334722514430, 3687678976213334534621219644168012739115811655556657626311270501136965666694766221360456214919535000, 50697628580927876440490696923049766766563128571278257560813321708933824408553946405878953597937266610, 261825207311146751958106594735928904477222627544522691468100205580724562335328401716592391259286984290, 3624880443536343165495084829998058323809263692846395415598152502188768445211607168020345182252514561900, 18851414926402566140983674820986881122360029183205633785703214801812168488143644923594652170668662868160, 262803832156384879498393650174859228476171617731363667630866056408685712277841519681475025713307305737025, 1376153289627387328291808261932042321932282130374011266356334680532288299634486079422409608458812389374950, 19316081663494288643131933287852153292998613903255229570868655146038399852421351696588414389928086971670603, 101835343432426662293593811382971131822988877647676833710368766359389334172951969877258311025952116813745560, 1439048083930324503913329029944985420328396735792514603029714808379860789005390701395836872049642479389459179, 7637650757431999672019535853722834886724165823575762528277657476954200062971397740794373326946408761030916250, 108648130336739500045456341760846399234793953552334852528743468032679489569906997955385683839748007193904167260, 580461457564831975073484724882935451391036602591757952149101968248519204785826228300372372847927065838349634240, 8311581970760571753477410144704749541461737446753616218448875304499980952097885343587004813740722550333668794625, 44695532232492062080658323815986029757109818399565362315480851555135978768508619579128672709290384069552921835710, 644147602733944310894499286214618089463284652123405256929787836098748523787586114127992873064905997650859331582663, 3486251514134380842291349257646910321054565835166098260607506421300606343943672327172036471324649957425127903184600, 50565586814614628405218193967847520022867845191687312668988345133751759117325509959047440535595120815592457529238261, 275413869616616086541016591354105915363310700978121762587993007282747901171550113846590881234647346636585104351582610, 4019964151761862958214846420443877841817993692739141357184573438133264849827378041744271522579812104839600373574440955, 22033109569329286923281327308328473229064856078249741007039440582619832093724009107727270498771787730926808348126608000, 323607114216829968136295136845732166266348492265500879253358161769727820411103932360413857567674874439587830072742496073, 1784681875115672240785787511974606331554253342338229021570194687192206399591644737725908910400514806205071476198255247190, 26373979808671642403108053652927171550707402119638321659148690184232817363504970487373729391765502266826408150928513429135, 146343913759485123744434575981917719187448774071734779768755964349760924766514868493524530652842214108815861048256930268760, 2175853334215410498256414426366491652933360674870161536879766940199207432489160065208332674820653937013178672451602357902813, 12146544842037265270788069806499170692558248247953986720806745041030156755620734084962536044185903771031716467005325212306250, 181683753406986776604410604601602053019935616351658488329460539506633820612844865444895778347524603740600419149708796884884051, 1020309766731130282746197863745930338174892852828134884547766583446533167472141663136853027711615916766664183228447317833724160, 15352277162890382623072696088835373480184559581715142263839415588310557841785391130093693270365829016080735418150393336772701465, 86726330172146074033426818418404078744865892490391465186560159592955319235132041366632507355487352925166455574418022015866552750, 1312619697427127714272715515595424432555779844236644663558270032800552695472650941623010774616278380874902878251858630294065974403, 7458464394804562366874706383982750772058466754173666006044173724994157454221355557530395632571912351564315179399949893364523535640, 113541603827446547284589892099004213416074956526469763397790357837247808158384306450390432004308079945679098968785771520436706784995, 648886402347996925918099455406499317169086607613108942525843114074491698517257933505144420033756374586095420607795640722713547599810, 9934890334901572887401615558662868673906558696066104297306656310759183213858626814409162800376956995246921159768755008038211843686188, 57102003406623729480792752075771939910879621469953586942274194038555269469518698148452708962970560963576397013486016383598792188782400, 879237794638789200535042976941663877640730444601850230311639083502187714426488473075210907833360694079352522639534818211381748166226753, 5082078303189511923790554934743702652068286310825869237862403269431418982787164135212291097704379925758299334200255458140292504801632710, 78691782620171633447886346436278917048845374791865595612891697973445800441170718340231376251085782120102050776238366229918666460877293499, 457387047287056073141149944126933238686145767974328231407616294248827708450844772169106198793394193318246940078022991232626325432146943000, 7121606327125532827033714352483241992920506418663836402966698666596844939925950009790939550723263281869235595249572143807639314709395060755, 41622221303122102655844644915550924720439264885663869058093082776643321469026874267388664090198871591960471547100092202168995614325371812090, 651626978931986253673584863252216642352226337307741030871452927993611312003224425895870968891178590291035056965335851158398997295909648058168, 3829244359887233444337707332230685074280412369481075953344563615451185575150472432599757096298296186460363382333208482599547596517934206711360, 60275495551208728464806599850830039417580936200966045355609395839409046360298259395368064622434019601920742769293566232151907249871642445379615, 356119725469512710323406781897453711908078350361740063661044416236960258488993936231777409955741545340813794556988388881757926476167881224155550, 5635758834038016111459417086052608685543817534790325240749478510984745834687887253466914042197580832779589448928948442706203327862998568642993068, 33475254194134194770400237498360648919359364934003565984138175126274264297965430005787076535839705262036496688356908554885245088759780835070620760, 532579209816592522532914914631971520783890757037685735250825719288058481378005345452623376987671388697671202923785627835736214483053364736762843981, 3180149148442748503188022562344261647339139668730338768493126636996055108306715850549772270904771999893467185393906312714098283432179179331708971250, 50861314537484585901893374347353280234861567297098987716453856192009584971599510490725532502322617620627599879221527458312808483131596332360851599231, 305294318250503856306050165985049118144557408198112521775340157151621290397444721652778138006858111989772849797815006020553435209489201215844061239040, 4908116852867262539532710624519591542664141244170052314637797122528924949759352762355013886474132600390563388344877399727186018622199046072822179324827, 29613548870298874061686866100549764460022068595216914612207995243707265168552138000319479386665236863007966430388055583993683215320452517936873940185910, 478541393154558097604439285890660175409753771306580100677185219446570182601536894329613853931227928538079930363625546473400636815664406992100162484169658, 2902127789289289658045312877853876917082162722331257631996383533883311986518109524031308979893193212574780710178029447231380955101404346757813646138218200, 47136327225723972614037269660230027277860746473698139916702744115487162986251384091466964612225950961000873140817116327629962726342944088721866004690710328, 287310651139639676146485974907533814791134109510794505567641969854447886665292842879099589009426128044903290307624915275906714555039030329023550967683600810, 4690064558959535275096708331192887714147144274132964921711923039490972717132012717100962978916482120619586877511303074599181291271122936827825667466725676641]
len(predicted_full) = 200, len(input_sequence + seq_pred) = 200
is_manual_check: False
