test results being evaluated: data/test_linrec15.tsv
csv file used: ../linear_database_newbl.csv
The sequence ID inspected: A131412
csv results file used: ../linear_database_newbl.csv
Results we are looking at now:
('Could you give me a recursive equation in a form of a Python code for the following number sequence: 1,2,7,15,32,62,117,214,385,683,1200,2092,3625,6250,10731', 'Certainly, the Python code is the following: lambda a_n: n - a_n[-3] * -4 - -9')

Experiment type: Evaluation of the results of llms.
Ground truth: 
[1, 2, 7, 15, 32, 62, 117, 214, 385, 683, 1200, 2092, 3625, 6250, 10731, 18359, 31312, 53258, 90365, 152990, 258501, 435987, 734112, 1234200, 2072017, 3474002, 5817487, 9730719, 16258880, 27139478, 45258885, 75408742, 125538505, 208828475, 347119056, 576580804, 957085177, 1587684538, 2632173555, 4361280455, 7222280176, 11953809122, 19775163917, 32698296110, 54041857677, 89277874467, 147425850432, 243347563824, 401523371425, 662264731298, 1091931855895, 1799734136367, 2965347294560, 4884300282350, 8042547730581, 13238967017974, 21786533907217, 35842639088843, 58951330318320, 96933264893020, 159346048019401, 261880061206282, 430288310327547, 706831320929495, 1160844781754512, 1906064202577082, 3129022234722077, 5135587787582654, 8427224622978645, 13825928361518643, 22678883536128480, 37193658400235592, 60987118990583665, 99984200947627250, 163889320549238431, 268594945664701119, 440123690992802432, 721079485604201798, 1181203450322565285, 1934644058599026310, 3168208905319411801, 5187575482988517467, 8492868303775828752, 13902250221302324980, 22754008875084031897, 37236955880930213722, 60930551890563980547, 99687791690587785959, 163078214634795093040, 266746161298119797138, 436264401959295134765, 713430744256532094542, 1166555353241324636445, 1907266485522471300675, 3117962433813907913856, 5096649902411105760864, 8330173914349852197697, 13613806377960523027778, 22246524431634778817575, 36349857510119270506575, 59388452781602421577376, 97019907832094032998302, 158482028993917167743157, 258857202746604254823190, 422768166041335189815457, 690409569009346265969387, 1127390869572902044364592, 1840797773325875720244364, 3005399112164625763098985, 4906404689499976891743658, 8009222074939926061732875, 13073252841724701768766967, 21337519267224750052680400, 34823442536794372858918250, 56828676582424166171249981, 92732504325468503327290334, 151309280892547677055313637, 246870270408921152236499283, 402756136477028808702481440, 657031477252414912203544440, 1071769269271468651581258001, 1748187472432373445724598162, 2851325123154356909920883887, 4650267702945735050200305375, 7583716314909611467291040192, 12366862614023870719216019702, 20165581013911525895401584837, 32880324309081964525236803494, 53608788089118102040152112105, 87399875845471246095521838203, 142482310147985139285320596560, 232266595654123356060622003492, 378606961676171257175368814905, 617116022865024345745196601850, 1005823505949988097259197414931, 1639282515758534669852231798279, 2671549530060837488297898992752, 4353618541115209106184438351938, 7094398074824198263703114685005, 11560033114883395987142637938030, 18835677692299734537321614864301, 30688973808719259428195199944547, 49999161005147263155723624192192, 81455907319530920677856580662160, 132697350334470851117724770762977, 216163312169458837173663673859042, 352112999029179420953615332964407, 573538702239345056167588217599599, 934166428834481007823739649682400, 1521482249680489392734173177176398, 2477940524687590260003294235871445, 4035491739147362840925694131954742, 6571793074786856148562596495745585, 10701714589665405225310125474526475, 17426298251135350657328164945017456, 28375233203215031401915568241115324, 46201542403447746861976453982449417, 75224006918174418585902020841452618, 122472791582231170572621194238106395, 199391272072526234605275933111651095, 324605779487487055749392564796053776, 528433240964863586372916653386093082, 860216925689930588712052811106831197, 1400264261297224417692961212895996670, 2279273186867165195602749365330584437, 3709943542686830045101437667957409907, 6038414823956445861707649464346579552, 9827962555568166959618276653093403304, 15995179662851954495138578069287981745, 26031548690672354181378696195018797618, 42363937109103883076951767688792190655, 68941101027608044385386798780933811967, 112187862120123308989829394791334237440, 182557402358974542029763356790999107750, 297056527673752421201630743122672638181, 483353632438624722067979254672742097094, 786461125712929472288233144094824379257, 1279605426158004282211420699826046471323, 2081908185477936171373485291278760489360, 3387145913249392958313945739521176594260, 5510528033947784051290302226574196355801, 8964780184031084435936158910286001855642, 14583888390033230835161243276825086389027, 23724354982952585045364095271266605327655, 38592509953928448002726813772212096977072, 62776817926711934944559077351754624647922, 102113547451413916965955534656363049228397, 166094537938730287825652423848789923822734, 270156477521522174725415413878221550600765, 439403580152234868400013104940752301919363, 714661014497117418908181241405783257565440, 1162318116164695068939892336147085792025792, 1890333609000515645262524289940228687177345, 3074259725019256653248565328275224349330050, 4999555812212521394971689032790722544220231, 8130386015278573083727002477829126271389839, 13221474783730638610666039041958297701162272, 21499964233295550861867137167889052235943678, 34961075407552072771974619389287427086049525, 56848779465659846100757295384718184734328150]
Predicted:    
[1, 2, 7, 15, 32, 62, 117, 214, 385, 683, 1200, 2092, 3625, 6250, 10731, 14524, 25025, 42950, 58123, 100128, 171829, 232522, 400543, 687348, 930121, 1602206, 2749427, 3720520, 6408861, 10997746, 14882119, 25635484, 43991025, 59528518, 102541979, 175964144, 238114117, 410167962, 703856623, 952456516, 1640671897, 2815426542, 3809826115, 6562687640, 11261706221, 15239304514, 26250750615, 45046824940, 60957218113, 105003002518, 180187299819, 243828872512, 420012010133, 720749199338, 975315490111, 1680048040596, 2882996797417, 3901261960510, 6720192162451, 11531987189736, 15605047842109, 26880768649874, 46127948759015, 62420191368508, 107523074599569, 184511795036134, 249680765474107, 430092298398352, 738047180144613, 998723061896506, 1720369193593487, 2952188720578532, 3994892247586105, 6881476774374030, 11808754882314211, 15979568990344504, 27525907097496205, 47235019529256930, 63918275961378103, 110103628389984908, 188940078117027809, 255673103845512502, 440414513559939723, 755760312468111328, 1022692415382050101, 1761658054239758986, 3023041249872445407, 4090769661528200500, 7046632216959036041, 12092164999489781726, 16363078646112802099, 28186528867836144264, 48368659997959127005, 65452314584451208498, 112746115471344577159, 193474639991836508124, 261809258337804834097, 450984461885378308742, 773898559967346032603, 1047237033351219336496, 1803937847541513235077, 3095594239869384130522, 4188948133404877346095, 7215751390166052940420, 12382376959477536522201, 16755792533619509384494, 28863005560664211761795, 49529507837910146088920, 67023170134478037538093, 115452022242656847047298, 198118031351640584355799, 268092680537912150152492, 461808088970627388189313, 792472125406562337423318, 1072370722151648600610091, 1847232355882509552757376, 3169888501626249349693397, 4289482888606594402440490, 7388929423530038211029631, 12679554006504997398773716, 17157931554426377609762089, 29555717694120152844118654, 50718216026019989595094995, 68631726217705510439048488, 118222870776480611376474749, 202872864104079958380380114, 274526904870822041756194087, 472891483105922445505899132, 811491456416319833521520593, 1098107619483288167024776486, 1891565932423689782023596667, 3245965825665279334086082512, 4392430477933152668099106085, 7566263729694759128094386810, 12983863302661117336344330191, 17569721911732610672396424484, 30265054918779036512377547385, 51935453210644469345377320910, 70278887646930442689585698083, 121060219675116146049510189688, 207741812842577877381509283789, 281115550587721770758342792482, 484240878700464584198040758903, 830967251370311509526037135308, 1124462202350887083033371170081, 1936963514801858336792163035766, 3323869005481246038104148541387, 4497848809403548332133484680480, 7747854059207433347168652143221, 13295476021924984152416594165706, 17991395237614193328533938722079, 30991416236829733388674608573044, 53181904087699936609666376662985, 71965580950456773314135754888478, 123965664947318933554698434292339, 212727616350799746438665506652104, 287862323801827093256543019554077, 495862659789275734218793737169522, 850910465403198985754662026608583, 1151449295207308373026172078216476, 1983450639157102936875174948678257, 3403641861612795943018648106434502, 4605797180829233492104688312866075, 7933802556628411747500699794713200, 13614567446451183772074592425738181, 18423188723316933968418753251464474, 31735210226513646990002799178852975, 54458269785804735088298369702952900, 73692754893267735873675013005858073, 126940840906054587960011196715412078, 217833079143218940353193478811811779, 294771019573070943494700052023432472, 507763363624218351840044786861648493, 871332316572875761412773915247247298, 1179084078292283773978800208093730071, 2031053454496873407360179147446594156, 3485329266291503045651095660988989377, 4716336313169135095915200832374920470, 8124213817987493629440716589786376811, 13941317065166012182604382643955957696, 18865345252676540383660803329499682069, 32496855271949974517762866359145507434, 55765268260664048730417530575823830975, 75461381010706161534643213317998728468, 129987421087799898071051465436582029929, 223061073042656194921670122303295324094, 301845524042824646138572853271994914067, 519949684351199592284205861746328119912, 892244292170624779686680489213181296573, 1207382096171298584554291413087979656466, 2079798737404798369136823446985312479847, 3568977168682499118746721956852725186492, 4829528384685194338217165652351918626065, 8319194949619193476547293787941249919590, 14275908674729996474986887827410900746171, 19318113538740777352868662609407674504464, 33276779798476773906189175151764999678565, 57103634698919985899947551309643602984890, 77272454154963109411474650437630698018063, 133107119193907095624756700607059998714468]
len(predicted_full) = 200, len(input_sequence + seq_pred) = 200
is_manual_check: False
