test results being evaluated: data/test_linrec15.tsv
csv file used: ../linear_database_newbl.csv
The sequence ID inspected: A133265
csv results file used: ../linear_database_newbl.csv
Results we are looking at now:
('Could you give me a recursive equation in a form of a Python code for the following number sequence: 2,2,2,4,2,6,2,8,2,10,2,12,2,14,2', 'Certainly, the Python code is the following: lambda a_n: n - n + a_n[-2] + n // a_n[-1]')

Experiment type: Evaluation of the results of llms.
Ground truth: 
[2, 2, 2, 4, 2, 6, 2, 8, 2, 10, 2, 12, 2, 14, 2, 16, 2, 18, 2, 20, 2, 22, 2, 24, 2, 26, 2, 28, 2, 30, 2, 32, 2, 34, 2, 36, 2, 38, 2, 40, 2, 42, 2, 44, 2, 46, 2, 48, 2, 50, 2, 52, 2, 54, 2, 56, 2, 58, 2, 60, 2, 62, 2, 64, 2, 66, 2, 68, 2, 70, 2, 72, 2, 74, 2, 76, 2, 78, 2, 80, 2, 82, 2, 84, 2, 86, 2, 88, 2, 90, 2, 92, 2, 94, 2, 96, 2, 98, 2, 100, 2, 102, 2, 104, 2, 106, 2, 108, 2, 110, 2, 112, 2, 114, 2, 116, 2, 118, 2, 120, 2, 122, 2, 124, 2, 126, 2, 128, 2, 130, 2, 132, 2, 134, 2, 136, 2, 138, 2, 140, 2, 142, 2, 144, 2, 146, 2, 148, 2, 150, 2, 152, 2, 154, 2, 156, 2, 158, 2, 160, 2, 162, 2, 164, 2, 166, 2, 168, 2, 170, 2, 172, 2, 174, 2, 176, 2, 178, 2, 180, 2, 182, 2, 184, 2, 186, 2, 188, 2, 190, 2, 192, 2, 194, 2, 196, 2, 198, 2, 200]
Predicted:    
[2, 2, 2, 4, 2, 6, 2, 8, 2, 10, 2, 12, 2, 14, 2, 21, 2, 29, 2, 38, 2, 48, 2, 59, 2, 71, 2, 84, 2, 98, 2, 113, 2, 129, 2, 146, 2, 164, 2, 183, 2, 203, 2, 224, 2, 246, 2, 269, 2, 293, 2, 318, 2, 344, 2, 371, 2, 399, 2, 428, 2, 458, 2, 489, 2, 521, 2, 554, 2, 588, 2, 623, 2, 659, 2, 696, 2, 734, 2, 773, 2, 813, 2, 854, 2, 896, 2, 939, 2, 983, 2, 1028, 2, 1074, 2, 1121, 2, 1169, 2, 1218, 2, 1268, 2, 1319, 2, 1371, 2, 1424, 2, 1478, 2, 1533, 2, 1589, 2, 1646, 2, 1704, 2, 1763, 2, 1823, 2, 1884, 2, 1946, 2, 2009, 2, 2073, 2, 2138, 2, 2204, 2, 2271, 2, 2339, 2, 2408, 2, 2478, 2, 2549, 2, 2621, 2, 2694, 2, 2768, 2, 2843, 2, 2919, 2, 2996, 2, 3074, 2, 3153, 2, 3233, 2, 3314, 2, 3396, 2, 3479, 2, 3563, 2, 3648, 2, 3734, 2, 3821, 2, 3909, 2, 3998, 2, 4088, 2, 4179, 2, 4271, 2, 4364, 2, 4458, 2, 4553, 2, 4649, 2, 4746, 2, 4844, 2, 4943]
len(predicted_full) = 200, len(input_sequence + seq_pred) = 200
is_manual_check: False
