test results being evaluated: data/test_linrec15.tsv
csv file used: ../linear_database_newbl.csv
The sequence ID inspected: A135435
csv results file used: ../linear_database_newbl.csv
Results we are looking at now:
('Could you give me a recursive equation in a form of a Python code for the following number sequence: 7,0,0,0,4,0,0,7,4,0,0,11,4,0,7', 'Certainly, the Python code is the following: lambda a_n: a_n[-7] % 3 * ( n // 3 )')

Experiment type: Evaluation of the results of llms.
Ground truth: 
[7, 0, 0, 0, 4, 0, 0, 7, 4, 0, 0, 11, 4, 0, 7, 15, 4, 0, 18, 19, 4, 7, 33, 23, 4, 25, 52, 27, 11, 58, 75, 31, 36, 110, 102, 42, 94, 185, 133, 78, 204, 287, 175, 172, 389, 420, 253, 376, 676, 595, 425, 765, 1096, 848, 801, 1441, 1691, 1273, 1566, 2537, 2539, 2074, 3007, 4228, 3812, 3640, 5544, 6767, 5886, 6647, 9772, 10579, 9526, 12191, 16539, 16465, 16173, 21963, 27118, 25991, 28364, 38502, 43583, 42164, 50327, 65620, 69574, 70528, 88829, 109203, 111738, 120855, 154449, 178777, 182266, 209684, 263652, 290515, 303121, 364133, 442429, 472781, 512805, 627785, 732944, 775902, 876938, 1070214, 1205725, 1288707, 1504723, 1803158, 1981627, 2165645, 2574937, 3008883, 3270334, 3670368, 4378095, 4990510, 5435979, 6245305, 7386978, 8260844, 9106347, 10623400, 12377488, 13696823, 15351652, 18010378, 20638332, 22803170, 25975052, 30387866, 34335155, 38154822, 43985430, 51026198, 57138325, 64129874, 74373296, 85361353, 95293147, 108115304, 125399494, 142499678, 159423021, 182488600, 210760847, 237792825, 267538325, 307888094, 353260525, 397215846, 450026925, 518648941, 591053350, 664754171, 757915019, 871909466, 988269196, 1114781096, 1276563960, 1462962816, 1653023367, 1872696115, 2148473426, 2451232012, 2767804463, 3149260075, 3611436242, 4104255379, 4640500578, 5297733501, 6062668254, 6872059842, 7789760653, 8909169743, 10166923633, 11512560420, 13087494154, 14971837997, 17038983475, 19302321073, 21996663897, 25138761630, 28551543895, 32389815227, 36968501894, 42177745105, 47853864968, 54386479124, 62107263524, 70729289000, 80243680195, 91354981018, 104285008629, 118583153968, 134630159319, 153462244542]
Predicted:    
[7, 0, 0, 0, 4, 0, 0, 7, 4, 0, 0, 11, 4, 0, 7, 5, 0, 0, 12, 6, 0, 7, 14, 0, 0, 0, 0, 0, 9, 18, 0, 0, 0, 0, 0, 0, 0, 0, 0, 0, 0, 0, 0, 0, 0, 0, 0, 0, 0, 0, 0, 0, 0, 0, 0, 0, 0, 0, 0, 0, 0, 0, 0, 0, 0, 0, 0, 0, 0, 0, 0, 0, 0, 0, 0, 0, 0, 0, 0, 0, 0, 0, 0, 0, 0, 0, 0, 0, 0, 0, 0, 0, 0, 0, 0, 0, 0, 0, 0, 0, 0, 0, 0, 0, 0, 0, 0, 0, 0, 0, 0, 0, 0, 0, 0, 0, 0, 0, 0, 0, 0, 0, 0, 0, 0, 0, 0, 0, 0, 0, 0, 0, 0, 0, 0, 0, 0, 0, 0, 0, 0, 0, 0, 0, 0, 0, 0, 0, 0, 0, 0, 0, 0, 0, 0, 0, 0, 0, 0, 0, 0, 0, 0, 0, 0, 0, 0, 0, 0, 0, 0, 0, 0, 0, 0, 0, 0, 0, 0, 0, 0, 0, 0, 0, 0, 0, 0, 0, 0, 0, 0, 0, 0, 0, 0, 0, 0, 0, 0, 0]
len(predicted_full) = 200, len(input_sequence + seq_pred) = 200
is_manual_check: False
