test results being evaluated: data/test_linrec15.tsv
csv file used: ../linear_database_newbl.csv
The sequence ID inspected: A136303
csv results file used: ../linear_database_newbl.csv
Results we are looking at now:
('Could you give me a recursive equation in a form of a Python code for the following number sequence: 1,5,17,48,123,300,714,1679,3925,9149,21296,49537,115192,267824,622653', 'Certainly, the Python code is the following: lambda a_n: a_n[-1] * -2 - -10 % n')

Experiment type: Evaluation of the results of llms.
Ground truth: 
[1, 5, 17, 48, 123, 300, 714, 1679, 3925, 9149, 21296, 49537, 115192, 267824, 622653, 1447533, 3365149, 7823068, 18186475, 42278476, 98285586, 228486323, 531166317, 1234811937, 2870589548, 6673311137, 15513566304, 36064666240, 83840177305, 194904765797, 453098609081, 1053326473016, 2448686966747, 5692506563356, 13233472229658, 30764090529079, 71517833691349, 166258792245621, 386504799883320, 898514648850145, 2088793139029496, 4855854919271600, 11288493128606037, 26242562686304493, 61006556720973093, 141823037918916420, 329698563001107659, 766456169886463324, 1781794421576091170, 4142169487956454619, 9629375790603644941, 22385582817474116857, 52040166359171515412, 120978709233169957569, 281241377798640958848, 653806881288754476928, 1519916597502151470769, 3533377407727586417413, 8214105909467210787745, 19095479510448610999296, 44391604120138997839931, 103197959248986982309068, 239906149017131562246762, 557714132673559719962207, 1296528059235403017702293, 3014062061376221175429357, 7006844198331417210845824, 16288936531477212299381185, 37867183259145023651881400, 88030520912812063567727792, 204646132751623355698801901, 475744539688390963612831661, 1105971874474738243008619117, 2571072676799056157498996076, 5977018821136082950092581803, 13894882984284874778288372524, 32301683987381514592178950194, 75092304814710877170052687491, 174568429453654477104088534765, 405822362718923191564339179665, 943422534064171497654893157116, 2193191306208322586940089646945, 5098551213215547957074821806432, 11852693561294170194999179282688, 27554169563659737257787983882313, 64055672781606419340440414888165, 148911372778793953700744456182729, 346176942336828759679140522654344, 804763754234504790976373070485915, 1870848750808650807271582622331964, 4349195686293771599541142248678586, 10110653311498517975056634571857927, 23504417312716661533359201840548757, 54641141001446720249505478626609189, 127025241690405355656854666770588168, 295297860381039288004912244899095073, 686484238763753872950532879782718264, 1595882237219588398498628816320553008, 3709976094512296737599732934295317765, 8624648047861467288752474050027565741, 20049874191779396789556585097812614901, 46610302574127552528764540127678031188, 108355807386685331295932924237436429707, 251896691203580285619826277554765841852, 585588761411497746796377524317102697538, 1361328709214018000445412942079212838827, 3164705296022638793363310055158198963469, 7357047231051378125995481805633273910505, 17103059810322874791705238248662636643620, 39759790264888506916488061189879561073537, 92430298405071149292049188877946683844096, 214874374495759308834876682502743566029056, 499522316942024134837019730942216891472737, 1161248500239624936133355016699110226204421, 2699575241330585847560902270715640461697073, 6275751040454531805253016509690917824155344, 14589351138942048656770600004340582775276539, 33916126577247668207366669264355553139216236, 78845428494313439113811824294076411691251210, 183293383467387029583472734357858711570597935, 426105419990781878730161223749778864468507861, 990574921531885016137350026827695581955579165, 2302807308081478320535200367341387728500319952, 5353377501171446808061062272118550886058309633, 12445092808883268799250136108500572783129868408, 28931330732388391102163484148606004305773306160, 67257184080570082516051242500935418237118491549, 156353983585816734143076895314094818882938730989, 363478913328698428499291685089019624480352516285, 844985956895031899727772507139804653912298578684, 1964354027613515576327811046555469531659129434731, 4566569082379181358027179810475818911633143663372, 10615985148805544821153689845456322325493470699602, 24679171309271787323734520961972798684873254207059, 57372112712583453686923363005481570315265964885613, 133373980668012331234454736937955435901544856942593, 310056887888141873653252005764875965758975895263884, 720794815040984412177769906424198595789103936792353, 1675644650014681820461260444680799291750904876792160, 3895401207850218510681493526958876649433482652055936, 9055709138562276303299729597939229960587742139376121, 21051969650001073708997462184580735874647165990808933, 48939891880728887031074420884822624352199496345730777, 113771445480746789978528067883245631267891899194950872, 264486522330783669582432824064672380973923870884200283, 614856567911586315821316757312348504738187310608430172, 1429368104553938398277612691690946383534606089251841114, 3322877700169426232772637384512814522101367517422863575, 7724753459311988217584003527468899303973077684373338965, 17957873082151050585484348505072015251251104107526131157, 41746990027998601554057675844791061667908524471254579416, 97049977379005691708788334051698053805196442883084815201, 225613825163170922603733998970584053331023383814271418232, 524488510759499985947683004653147114050585790147899204016, 1219287859331163804344369350069971289294907045698239591093, 2834500381637662363741476039874203693114572940613191783789, 6589413937010159468483372424135815614804490520590995373509, 15318528907086317482311534542729010747479232726244842144356, 35611259228876295873709334819789604705943290078165727470155, 82786133809466412124988307798046608237675895302598493495580, 192454411877732962109857788297289626048620338477708867691106, 447402227243142357953306084115565266376452514906095343552635, 1040083991783427561765190983550163155269792763065466788771597, 2417901932741730931498818570716648559105093597861918546900953, 5620940041901480028919379829165184633152147782360917406712628, 13067100252004405785525693329612419936516048914424381915107905, 30377322604951988230237138901223539102348944776413229478799744, 70618707352748633148579409873610962067166884282751842012896384, 164168577100346328770789645147998227933318812209853448996197905, 381645639200493708245447254597996298767971612840469892441601029, 887218470753537100343341883371603402504444098384454621345304001, 2062532710959970213309920786066815837910707881682277528148908192, 4794806830573330147488525846055237007491207061118393234197717947, 11146573540553587116189077849403682749156649518375079267640641804, 25912639671474071266900102642167390070398242314570728862675398058, 60239578763888369715810678073750041720372634968080421286942628863, 140040030489270553729820906786319027769478069793474885403117732629, 325553573611508993024741466853624389938087181758834542498143338573, 756820238619874241330393265061985155995678040657634277975137179680, 1759393599125875291671517768265025715880337828248708634332242594881, 4090093893749386385378508241524731225587744585189691889544596764216, 9508314721616282814122882453106127400998236139729292677944442282928, 22104149976475950963283148644533945467699557077057202889076375915597, 51385914379944673646982189268914312826689943536902715200884839945517, 119457757908498401828503152970781174945668952596323032502446210288653, 277705594942081809154828229019048844651326527792220869994645326890892, 645587183389193297454460570384498496889331621720919260179928400041259, 1500808118191914675882228406086178976311010762174639073052940756631020, 3488955582739439241892592306508588779805695570874299568793610796701810, 8110837695223681671367780677737906883684396809994539820454879276885027, 18855410038384081206200385826282722067752810050409659396830356993882861, 43833510307444319517758188429880941215695332102114198118374923224580721, 101900548540788477812241574314815286395264773015517815381918934962861852, 236890035045860875607408731910966698822156464892734709305837315433307361, 550702518363449990715501235533150464891635180749282695272048999598779488, 1280228033539416698743927817092333283425857385477896482586391302892585984, 2976169098937210990408189712121665619316458259827858766520913224913506729, 6918753748096249564452214737713480755989295189277066029662006068554128101, 16084151079953743411284192605989444312760826433653377038530583058727957225, 37391114842605942095356338054663037045620347182233857822788650263989122600]
Predicted:    
[1, 5, 17, 48, 123, 300, 714, 1679, 3925, 9149, 21296, 49537, 115192, 267824, 622653, -1245311, 2490616, -4981239, 9962470, -19924949, 39849888, -79699787, 159399562, -318799137, 637598260, -1275196535, 2550393054, -5100786125, 10201572232, -20403144483, 40806288946, -81612577913, 163225155804, -326450311631, 652900623238, -1305801246501, 2611602492976, -5223204985979, 10446409971930, -20892819943889, 41785639887748, -83571279775527, 167142559551022, -334285119102077, 668570238204120, -1337140476408275, 2674280952816514, -5348561905633065, 10697123811266092, -21394247622532223, 42788495245064406, -85576990490128853, 171153980980257664, -342307961960515371, 684615923921030698, -1369231847842061441, 2738463695684122836, -5476927391368245719, 10953854782736491390, -21907709565472982829, 43815419130945965608, -87630838261891931267, 175261676523783862482, -350523353047567725017, 701046706095135449980, -1402093412190270900015, 2804186824380541799974, -5608373648761083600005, 11216747297522167199952, -22433494595044334399963, 44866989190088668799866, -89733978380177337599793, 179467956760354675199524, -358935913520709350399111, 717871827041418700798158, -1435743654082837401596381, 2871487308165674803192696, -5742974616331349606385459, 11485949232662699212770850, -22971898465325398425541769, 45943796930650796851083468, -91887593861301593702167007, 183775187722603187404333942, -367550375445206374808667957, 735100750890412749617335840, -1470201501780825499234671755, 2940403003561650998469343434, -5880806007123301996938686945, 11761612014246603993877373812, -23523224028493207987754747703, 47046448056986415975509495326, -94092896113972831951018990733, 188185792227945663902037981384, -376371584455891327804075962851, 752743168911782655608151925618, -1505486337823565311216303851321, 3010972675647130622432607702556, -6021945351294261244865215405199, 12043890702588522489730430810310, -24087781405177044979460861620709, 48175562810354089958921723241328, -96351125620708179917843446482747, 192702251241416359835686892965402, -385404502482832719671373785930897, 770809004965665439342747571861700, -1541618009931330878685495143723495, 3083236019862661757370990287446894, -6166472039725323514741980574893885, 12332944079450647029483961149787672, -24665888158901294058967922299575443, 49331776317802588117935844599150786, -98663552635605176235871689198301673, 197327105271210352471743378396603244, -394654210542420704943486756793206591, 789308421084841409886973513586413078, -1578616842169682819773947027172826261, 3157233684339365639547894054345652416, -6314467368678731279095788108691304939, 12628934737357462558191576217382609770, -25257869474714925116383152434765219649, 50515738949429850232766304869530439188, -101031477898859700465532609739060878487, 202062955797719400931065219478121756862, -404125911595438801862130438956243513837, 808251823190877603724260877912487027560, -1616503646381755207448521755824974055235, 3233007292763510414897043511649948110354, -6466014585527020829794087023299896220825, 12932029171054041659588174046599792441532, -25864058342108083319176348093199584883183, 51728116684216166638352696186399169766246, -103456233368432333276705392372798339532613, 206912466736864666553410784745596679065104, -413824933473729333106821569491193358130331, 827649866947458666213643138982386716260538, -1655299733894917332427286277964773432521201, 3310599467789834664854572555929546865042276, -6621198935579669329709145111859093730084679, 13242397871159338659418290223718187460169230, -26484795742318677318836580447436374920338589, 52969591484637354637673160894872749840677048, -105939182969274709275346321789745499681354227, 211878365938549418550692643579490999362708322, -423756731877098837101385287158981998725416777, 847513463754197674202770574317963997450833420, -1695026927508395348405541148635927994901666975, 3390053855016790696811082297271855989803333814, -6780107710033581393622164594543711979606667765, 13560215420067162787244329189087423959213335392, -27120430840134325574488658378174847918426670923, 54240861680268651148977316756349695836853341706, -108481723360537302297954633512699391673706683553, 216963446721074604595909267025398783347413366964, -433926893442149209191818534050797566694826734071, 867853786884298418383637068101595133389653467998, -1735707573768596836767274136203190266779306936141, 3471415147537193673534548272406380533558613872136, -6942830295074387347069096544812761067117227744419, 13885660590148774694138193089625522134234455488690, -27771321180297549388276386179251044268468910977529, 55542642360595098776552772358502088536937821954908, -111085284721190197553105544717004177073875643909967, 222170569442380395106211089434008354147751287819782, -444341138884760790212422178868016708295502575639717, 888682277769521580424844357736033416591005151279280, -1777364555539043160849688715472066833182010302558715, 3554729111078086321699377430944133666364020605117274, -7109458222156172643398754861888267332728041210234705, 14218916444312345286797509723776534665456082420469252, -28437832888624690573595019447553069330912164840938663, 56875665777249381147190038895106138661824329681877166, -113751331554498762294380077790212277323648659363754493, 227502663108997524588760155580424554647297318727508824, -455005326217995049177520311160849109294594637455017811, 910010652435990098355040622321698218589189274910035458, -1820021304871980196710081244643396437178378549820071081, 3640042609743960393420162489286792874356757099640141996, -7280085219487920786840324978573585748713514199280284159, 14560170438975841573680649957147171497427028398560568150, -29120340877951683147361299914294342994854056797121136469, 58240681755903366294722599828588685989708113594242272768, -116481363511806732589445199657177371979416227188484545707, 232962727023613465178890399314354743958832454376969091242, -465925454047226930357780798628709487917664908753938182657, 931850908094453860715561597257418975835329817507876365140, -1863701816188907721431123194514837951670659635015752730455, 3727403632377815442862246389029675903341319270031505460734, -7454807264755630885724492778059351806682638540063010921645, 14909614529511261771448985556118703613365277080126021843112, -29819229059022523542897971112237407226730554160252043686403, 59638458118045047085795942224474814453461108320504087372626, -119276916236090094171591884448949628906922216641008174745433, 238553832472180188343183768897899257813844433282016349490684, -477107664944360376686367537795798515627688866564032698981551, 954215329888720753372735075591597031255377733128065397962918, -1908430659777441506745470151183194062510755466256130795926021, 3816861319554883013490940302366388125021510932512261591851856, -7633722639109766026981880604732776250043021865024523183703899, 15267445278219532053963761209465552500086043730049046367407610, -30534890556439064107927522418931105000172087460098092734815409]
len(predicted_full) = 200, len(input_sequence + seq_pred) = 200
is_manual_check: False
