test results being evaluated: data/test_linrec15.tsv
csv file used: ../linear_database_newbl.csv
The sequence ID inspected: A140158
csv results file used: ../linear_database_newbl.csv
Results we are looking at now:
('Could you give me a recursive equation in a form of a Python code for the following number sequence: 1,3,84,88,713,719,3120,3128,9689,9699,24340,24352,52913,52927,103552', 'Certainly, the Python code is the following: lambda a_n: -1 % a_n[-2] - 1 + ( 7 * 7 * 6 + 1 + a_n[-2] // 7 )')

Experiment type: Evaluation of the results of llms.
Ground truth: 
[1, 3, 84, 88, 713, 719, 3120, 3128, 9689, 9699, 24340, 24352, 52913, 52927, 103552, 103568, 187089, 187107, 317428, 317448, 511929, 511951, 791792, 791816, 1182441, 1182467, 1713908, 1713936, 2421217, 2421247, 3344768, 3344800, 4530721, 4530755, 6031380, 6031416, 7905577, 7905615, 10219056, 10219096, 13044857, 13044899, 16463700, 16463744, 20564369, 20564415, 25444096, 25444144, 31208945, 31208995, 37974196, 37974248, 45864729, 45864783, 55015408, 55015464, 65571465, 65571523, 77688884, 77688944, 91534785, 91534847, 107287808, 107287872, 125138497, 125138563, 145289684, 145289752, 167956873, 167956943, 193368624, 193368696, 221766937, 221767011, 253407636, 253407712, 288560753, 288560831, 327510912, 327510992, 370557713, 370557795, 418016116, 418016200, 470216825, 470216911, 527506672, 527506760, 590249001, 590249091, 658824052, 658824144, 733629345, 733629439, 815080064, 815080160, 903609441, 903609539, 999669140, 999669240, 1103729641, 1103729743, 1216280624, 1216280728, 1337831353, 1337831459, 1468911060, 1468911168, 1610069329, 1610069439, 1761876480, 1761876592, 1924923953, 1924924067, 2099824692, 2099824808, 2287213529, 2287213647, 2487747568, 2487747688, 2702106569, 2702106691, 2930993332, 2930993456, 3175134081, 3175134207, 3435278848, 3435278976, 3712201857, 3712201987, 4006701908, 4006702040, 4319602761, 4319602895, 4651753520, 4651753656, 5004029017, 5004029155, 5377330196, 5377330336, 5772584497, 5772584639, 6190746240, 6190746384, 6632797009, 6632797155, 7099746036, 7099746184, 7592630585, 7592630735, 8112516336, 8112516488, 8660497769, 8660497923, 9237698548, 9237698704, 9845271905, 9845272063, 10484401024, 10484401184, 11156299425, 11156299587, 11862211348, 11862211512, 12603412137, 12603412303, 13381208624, 13381208792, 14196939513, 14196939683, 15051975764, 15051975936, 15947720977, 15947721151, 16885611776, 16885611952, 17867118193, 17867118371, 18893744052, 18893744232, 19967027353, 19967027535, 21088540656, 21088540840, 22259891465, 22259891651, 23482722612, 23482722800, 24758712641, 24758712831, 26089576192, 26089576384, 27477064385, 27477064579, 28922965204, 28922965400, 30429103881, 30429104079, 31997343280, 31997343480]
Predicted:    
[1, 3, 84, 88, 713, 719, 3120, 3128, 9689, 9699, 24340, 24352, 52913, 52927, 103552, 60781, 118638, 69757, 135879, 80015, 155583, 91738, 178102, 105136, 203838, 120448, 233250, 137947, 266864, 157946, 305280, 180802, 349184, 206923, 399360, 236776, 456704, 270894, 522240, 309886, 597138, 354448, 682736, 405376, 780562, 463579, 892363, 530097, 1020136, 606118, 1166162, 692999, 1333049, 792291, 1523777, 905768, 1741752, 1035456, 1990866, 1183671, 2275568, 1353059, 2600942, 1546646, 2972798, 1767888, 3397776, 2020736, 3883465, 2309705, 4438538, 2639955, 5072907, 3017384, 5797901, 3448731, 6626465, 3941699, 7573395, 4505091, 8655601, 5148968, 9892408, 5884827, 11305902, 6725809, 12921323, 7686931, 14767519, 8785357, 16877457, 10040701, 19288815, 11475379, 22044653, 13115011, 25194182, 14988877, 28793643, 17130438, 32907313, 19577936, 37608650, 22375077, 42981607, 25571809, 49122129, 29225217, 56139869, 33400541, 64160143, 38172339, 73326170, 43625823, 83801630, 49858376, 95773584, 56981294, 109455817, 65121771, 125092655, 74425174, 142963327, 85057634, 163386952, 97209017, 186728238, 111096312, 213403993, 126967506, 243890570, 145106014, 278732373, 165835737, 318551576, 189526849, 364059237, 216602406, 416067992, 247545899, 475506569, 282909891, 543436371, 323325882, 621070431, 369515586, 709795071, 422303819, 811194659, 482633229, 927079903, 551581126, 1059520182, 630378722, 1210880501, 720433118, 1383863722, 823352427, 1581558832, 940974495, 1807496101, 1075399715, 2065710122, 1229028538, 2360811861, 1404604336, 2698070991, 1605262391, 3083509997, 1834585882, 3524011718, 2096669872, 4027442256, 2396194432, 4602791442, 2738508215, 5260333369, 3129723967, 6011809857, 3576827683, 6870640129, 4087803359, 7852160440, 4671775560, 8973897938, 5339172361, 10255883650, 6101911562, 11721010178, 6973613506, 13395440496, 7969844299, 15309075145, 9108393777, 17496086173, 10409593181, 19995527347, 11896678214, 22852031546, 13596203966]
len(predicted_full) = 200, len(input_sequence + seq_pred) = 200
is_manual_check: False
