test results being evaluated: data/test_linrec15.tsv
csv file used: ../linear_database_newbl.csv
The sequence ID inspected: A140788
csv results file used: ../linear_database_newbl.csv
Results we are looking at now:
('Could you give me a recursive equation in a form of a Python code for the following number sequence: 8,26,98,386,1538,6146,24578,98306,393218,1572866,6291458,25165826,100663298,402653186,1610612738', 'Certainly, the Python code is the following: lambda a_n: a_n[-1] * 4 - 2')

Experiment type: Evaluation of the results of llms.
Ground truth: 
[8, 26, 98, 386, 1538, 6146, 24578, 98306, 393218, 1572866, 6291458, 25165826, 100663298, 402653186, 1610612738, 6442450946, 25769803778, 103079215106, 412316860418, 1649267441666, 6597069766658, 26388279066626, 105553116266498, 422212465065986, 1688849860263938, 6755399441055746, 27021597764222978, 108086391056891906, 432345564227567618, 1729382256910270466, 6917529027641081858, 27670116110564327426, 110680464442257309698, 442721857769029238786, 1770887431076116955138, 7083549724304467820546, 28334198897217871282178, 113336795588871485128706, 453347182355485940514818, 1813388729421943762059266, 7253554917687775048237058, 29014219670751100192948226, 116056878683004400771792898, 464227514732017603087171586, 1856910058928070412348686338, 7427640235712281649394745346, 29710560942849126597578981378, 118842243771396506390315925506, 475368975085586025561263702018, 1901475900342344102245054808066, 7605903601369376408980219232258, 30423614405477505635920876929026, 121694457621910022543683507716098, 486777830487640090174734030864386, 1947111321950560360698936123457538, 7788445287802241442795744493830146, 31153781151208965771182977975320578, 124615124604835863084731911901282306, 498460498419343452338927647605129218, 1993841993677373809355710590420516866, 7975367974709495237422842361682067458, 31901471898837980949691369446728269826, 127605887595351923798765477786913079298, 510423550381407695195061911147652317186, 2041694201525630780780247644590609268738, 8166776806102523123120990578362437074946, 32667107224410092492483962313449748299778, 130668428897640369969935849253798993199106, 522673715590561479879743397015195972796418, 2090694862362245919518973588060783891185666, 8362779449448983678075894352243135564742658, 33451117797795934712303577408972542258970626, 133804471191183738849214309635890169035882498, 535217884764734955396857238543560676143529986, 2140871539058939821587428954174242704574119938, 8563486156235759286349715816696970818296479746, 34253944624943037145398863266787883273185918978, 137015778499772148581595453067151533092743675906, 548063113999088594326381812268606132370974703618, 2192252455996354377305527249074424529483898814466, 8769009823985417509222108996297698117935595257858, 35076039295941670036888435985190792471742381031426, 140304157183766680147553743940763169886969524125698, 561216628735066720590214975763052679547878096502786, 2244866514940266882360859903052210718191512386011138, 8979466059761067529443439612208842872766049544044546, 35917864239044270117773758448835371491064198176178178, 143671456956177080471095033795341485964256792704712706, 574685827824708321884380135181365943857027170818850818, 2298743311298833287537520540725463775428108683275403266, 9194973245195333150150082162901855101712434733101613058, 36779892980781332600600328651607420406849738932406452226, 147119571923125330402401314606429681627398955729625808898, 588478287692501321609605258425718726509595822918503235586, 2353913150770005286438421033702874906038383291674012942338, 9415652603080021145753684134811499624153533166696051769346, 37662610412320084583014736539245998496614132666784207077378, 150650441649280338332058946156983993986456530667136828309506, 602601766597121353328235784627935975945826122668547313238018, 2410407066388485413312943138511743903783304490674189252952066, 9641628265553941653251772554046975615133217962696757011808258, 38566513062215766613007090216187902460532871850787028047233026, 154266052248863066452028360864751609842131487403148112188932098, 617064208995452265808113443459006439368525949612592448755728386, 2468256835981809063232453773836025757474103798450369795022913538, 9873027343927236252929815095344103029896415193801479180091654146, 39492109375708945011719260381376412119585660775205916720366616578, 157968437502835780046877041525505648478342643100823666881466466306, 631873750011343120187508166102022593913370572403294667525865865218, 2527495000045372480750032664408090375653482289613178670103463460866, 10109980000181489923000130657632361502613929158452714680413853843458, 40439920000725959692000522630529446010455716633810858721655415373826, 161759680002903838768002090522117784041822866535243434886621661495298, 647038720011615355072008362088471136167291466140973739546486645981186, 2588154880046461420288033448353884544669165864563894958185946583924738, 10352619520185845681152133793415538178676663458255579832743786335698946, 41410478080743382724608535173662152714706653833022319330975145342795778, 165641912322973530898434140694648610858826615332089277323900581371183106, 662567649291894123593736562778594443435306461328357109295602325484732418, 2650270597167576494374946251114377773741225845313428437182409301938929666, 10601082388670305977499785004457511094964903381253713748729637207755718658, 42404329554681223909999140017830044379859613525014854994918548831022874626, 169617318218724895639996560071320177519438454100059419979674195324091498498, 678469272874899582559986240285280710077753816400237679918696781296365993986, 2713877091499598330239944961141122840311015265600950719674787125185463975938, 10855508365998393320959779844564491361244061062403802878699148500741855903746, 43422033463993573283839119378257965444976244249615211514796594002967423614978, 173688133855974293135356477513031861779904976998460846059186376011869694459906, 694752535423897172541425910052127447119619907993843384236745504047478777839618, 2779010141695588690165703640208509788478479631975373536946982016189915111358466, 11116040566782354760662814560834039153913918527901494147787928064759660445433858, 44464162267129419042651258243336156615655674111605976591151712259038641781735426, 177856649068517676170605032973344626462622696446423906364606849036154567126941698, 711426596274070704682420131893378505850490785785695625458427396144618268507766786, 2845706385096282818729680527573514023401963143142782501833709584578473074031067138, 11382825540385131274918722110294056093607852572571130007334838338313892296124268546, 45531302161540525099674888441176224374431410290284520029339353353255569184497074178, 182125208646162100398699553764704897497725641161138080117357413413022276737988296706, 728500834584648401594798215058819589990902564644552320469429653652089106951953186818, 2914003338338593606379192860235278359963610258578209281877718614608356427807812747266, 11656013353354374425516771440941113439854441034312837127510874458433425711231250989058, 46624053413417497702067085763764453759417764137251348510043497833733702844925003956226, 186496213653669990808268343055057815037671056549005394040173991334934811379700015824898, 745984854614679963233073372220231260150684226196021576160695965339739245518800063299586, 2983939418458719852932293488880925040602736904784086304642783861358956982075200253198338, 11935757673834879411729173955523700162410947619136345218571135445435827928300801012793346, 47743030695339517646916695822094800649643790476545380874284541781743311713203204051173378, 190972122781358070587666783288379202598575161906181523497138167126973246852812816204693506, 763888491125432282350667133153516810394300647624726093988552668507892987411251264818774018, 3055553964501729129402668532614067241577202590498904375954210674031571949645005059275096066, 12222215858006916517610674130456268966308810361995617503816842696126287798580020237100384258, 48888863432027666070442696521825075865235241447982470015267370784505151194320080948401537026, 195555453728110664281770786087300303460940965791929880061069483138020604777280323793606148098, 782221814912442657127083144349201213843763863167719520244277932552082419109121295174424592386, 3128887259649770628508332577396804855375055452670878080977111730208329676436485180697698369538, 12515549038599082514033330309587219421500221810683512323908446920833318705745940722790793478146, 50062196154396330056133321238348877686000887242734049295633787683333274822983762891163173912578, 200248784617585320224533284953395510744003548970936197182535150733333099291935051564652695650306, 800995138470341280898133139813582042976014195883744788730140602933332397167740206258610782601218, 3203980553881365123592532559254328171904056783534979154920562411733329588670960825034443130404866, 12815922215525460494370130237017312687616227134139916619682249646933318354683843300137772521619458, 51263688862101841977480520948069250750464908536559666478728998587733273418735373200551090086477826, 205054755448407367909922083792277003001859634146238665914915994350933093674941492802204360345911298, 820219021793629471639688335169108012007438536584954663659663977403732374699765971208817441383645186, 3280876087174517886558753340676432048029754146339818654638655909614929498799063884835269765534580738, 13123504348698071546235013362705728192119016585359274618554623638459717995196255539341079062138322946, 52494017394792286184940053450822912768476066341437098474218494553838871980785022157364316248553291778, 209976069579169144739760213803291651073904265365748393896873978215355487923140088629457264994213167106, 839904278316676578959040855213166604295617061462993575587495912861421951692560354517829059976852668418, 3359617113266706315836163420852666417182468245851974302349983651445687806770241418071316239907410673666, 13438468453066825263344653683410665668729872983407897209399934605782751227080965672285264959629642694658, 53753873812267301053378614733642662674919491933631588837599738423131004908323862689141059838518570778626, 215015495249069204213514458934570650699677967734526355350398953692524019633295450756564239354074283114498, 860061980996276816854057835738282602798711870938105421401595814770096078533181803026256957416297132457986, 3440247923985107267416231342953130411194847483752421685606383259080384314132727212105027829665188529831938, 13760991695940429069664925371812521644779389935009686742425533036321537256530908848420111318660754119327746, 55043966783761716278659701487250086579117559740038746969702132145286149026123635393680445274643016477310978, 220175867135046865114638805949000346316470238960154987878808528581144596104494541574721781098572065909243906, 880703468540187460458555223796001385265880955840619951515234114324578384417978166298887124394288263636975618, 3522813874160749841834220895184005541063523823362479806060936457298313537671912665195548497577153054547902466, 14091255496642999367336883580736022164254095293449919224243745829193254150687650660782193990308612218191609858, 56365021986571997469347534322944088657016381173799676896974983316773016602750602643128775961234448872766439426, 225460087946287989877390137291776354628065524695198707587899933267092066411002410572515103844937795491065757698, 901840351785151959509560549167105418512262098780794830351599733068368265644009642290060415379751181964263030786, 3607361407140607838038242196668421674049048395123179321406398932273473062576038569160241661519004727857052123138, 14429445628562431352152968786673686696196193580492717285625595729093892250304154276640966646076018911428208492546, 57717782514249725408611875146694746784784774321970869142502382916375569001216617106563866584304075645712833970178, 230871130056998901634447500586778987139139097287883476570009531665502276004866468426255466337216302582851335880706, 923484520227995606537790002347115948556556389151533906280038126662009104019465873705021865348865210331405343522818, 3693938080911982426151160009388463794226225556606135625120152506648036416077863494820087461395460841325621374091266, 14775752323647929704604640037553855176904902226424542500480610026592145664311453979280349845581843365302485496365058, 59103009294591718818418560150215420707619608905698170001922440106368582657245815917121399382327373461209941985460226, 236412037178366875273674240600861682830478435622792680007689760425474330628983263668485597529309493844839767941840898, 945648148713467501094696962403446731321913742491170720030759041701897322515933054673942390117237975379359071767363586, 3782592594853870004378787849613786925287654969964682880123036166807589290063732218695769560468951901517436287069454338, 15130370379415480017515151398455147701150619879858731520492144667230357160254928874783078241875807606069745148277817346, 60521481517661920070060605593820590804602479519434926081968578668921428641019715499132312967503230424278980593111269378, 242085926070647680280242422375282363218409918077739704327874314675685714564078861996529251870012921697115922372445077506, 968343704282590721120969689501129452873639672310958817311497258702742858256315447986117007480051686788463689489780310018, 3873374817130362884483878758004517811494558689243835269245989034810971433025261791944468029920206747153854757959121240066]
Predicted:    
[8, 26, 98, 386, 1538, 6146, 24578, 98306, 393218, 1572866, 6291458, 25165826, 100663298, 402653186, 1610612738, 6442450950, 25769803798, 103079215190, 412316860758, 1649267443030, 6597069772118, 26388279088470, 105553116353878, 422212465415510, 1688849861662038, 6755399446648150, 27021597786592598, 108086391146370390, 432345564585481558, 1729382258341926230, 6917529033367704918, 27670116133470819670, 110680464533883278678, 442721858135533114710, 1770887432542132458838, 7083549730168529835350, 28334198920674119341398, 113336795682696477365590, 453347182730785909462358, 1813388730923143637849430, 7253554923692574551397718, 29014219694770298205590870, 116056878779081192822363478, 464227515116324771289453910, 1856910060465299085157815638, 7427640241861196340631262550, 29710560967444785362525050198, 118842243869779141450100200790, 475368975479116565800400803158, 1901475901916466263201603212630, 7605903607665865052806412850518, 30423614430663460211225651402070, 121694457722653840844902605608278, 486777830890615363379610422433110, 1947111323562461453518441689732438, 7788445294249845814073766758929750, 31153781176999383256295067035718998, 124615124707997533025180268142875990, 498460498831990132100721072571503958, 1993841995327960528402884290286015830, 7975367981311842113611537161144063318, 31901471925247368454446148644576253270, 127605887700989473817784594578305013078, 510423550803957895271138378313220052310, 2041694203215831581084553513252880209238, 8166776812863326324338214053011520836950, 32667107251453305297352856212046083347798, 130668429005813221189411424848184333391190, 522673716023252884757645699392737333564758, 2090694864093011539030582797570949334259030, 8362779456372046156122331190283797337036118, 33451117825488184624489324761135189348144470, 133804471301952738497957299044540757392577878, 535217885207810953991829196178163029570311510, 2140871540831243815967316784712652118281246038, 8563486163324975263869267138850608473124984150, 34253944653299901055477068555402433892499936598, 137015778613199604221908274221609735569999746390, 548063114452798416887633096886438942279998985558, 2192252457811193667550532387545755769119995942230, 8769009831244774670202129550183023076479983768918, 35076039324979098680808518200732092305919935075670, 140304157299916394723234072802928369223679740302678, 561216629199665578892936291211713476894718961210710, 2244866516798662315571745164846853907578875844842838, 8979466067194649262286980659387415630315503379371350, 35917864268778597049147922637549662521262013517485398, 143671457075114388196591690550198650085048054069941590, 574685828300457552786366762200794600340192216279766358, 2298743313201830211145467048803178401360768865119065430, 9194973252807320844581868195212713605443075460476261718, 36779893011229283378327472780850854421772301841905046870, 147119572044917133513309891123403417687089207367620187478, 588478288179668534053239564493613670748356829470480749910, 2353913152718674136212958257974454682993427317881922999638, 9415652610874696544851833031897818731973709271527691998550, 37662610443498786179407332127591274927894837086110767994198, 150650441773995144717629328510365099711579348344443071976790, 602601767095980578870517314041460398846317393377772287907158, 2410407068383922315482069256165841595385269573511089151628630, 9641628273535689261928277024663366381541078294044356606514518, 38566513094142757047713108098653465526164313176177426426058070, 154266052376571028190852432394613862104657252704709705704232278, 617064209506284112763409729578455448418629010818838822816929110, 2468256838025136451053638918313821793674516043275355291267716438, 9873027352100545804214555673255287174698064173101421165070865750, 39492109408402183216858222693021148698792256692405684660283462998, 157968437633608732867432890772084594795169026769622738641133851990, 631873750534434931469731563088338379180676107078490954564535407958, 2527495002137739725878926252353353516722704428313963818258141631830, 10109980008550958903515705009413414066890817713255855273032566527318, 40439920034203835614062820037653656267563270853023421092130266109270, 161759680136815342456251280150614625070253083412093684368521064437078, 647038720547261369825005120602458500281012333648374737474084257748310, 2588154882189045479300020482409834001124049334593498949896337030993238, 10352619528756181917200081929639336004496197338373995799585348123972950, 41410478115024727668800327718557344017984789353495983198341392495891798, 165641912460098910675201310874229376071939157413983932793365569983567190, 662567649840395642700805243496917504287756629655935731173462279934268758, 2650270599361582570803220973987670017151026518623742924693849119737075030, 10601082397446330283212883895950680068604106074494971698775396478948300118, 42404329589785321132851535583802720274416424297979886795101585915793200470, 169617318359141284531406142335210881097665697191919547180406343663172801878, 678469273436565138125624569340843524390662788767678188721625374652691207510, 2713877093746260552502498277363374097562651155070712754886501498610764830038, 10855508374985042210009993109453496390250604620282851019546005994443059320150, 43422033499940168840039972437813985561002418481131404078184023977772237280598, 173688133999760675360159889751255942244009673924525616312736095911088949122390, 694752535999042701440639559005023768976038695698102465250944383644355796489558, 2779010143996170805762558236020095075904154782792409861003777534577423185958230, 11116040575984683223050232944080380303616619131169639444015110138309692743832918, 44464162303938732892200931776321521214466476524678557776060440553238770975331670, 177856649215754931568803727105286084857865906098714231104241762212955083901326678, 711426596863019726275214908421144339431463624394856924416967048851820335605306710, 2845706387452078905100859633684577357725854497579427697667868195407281342421226838, 11382825549808315620403438534738309430903417990317710790671472781629125369684907350, 45531302199233262481613754138953237723613671961270843162685891126516501478739629398, 182125208796933049926455016555812950894454687845083372650743564506066005914958517590, 728500835187732199705820066223251803577818751380333490602974258024264023659834070358, 2914003340750928798823280264893007214311275005521333962411897032097056094639336281430, 11656013363003715195293121059572028857245100022085335849647588128388224378557345125718, 46624053452014860781172484238288115428980400088341343398590352513552897514229380502870, 186496213808059443124689936953152461715921600353365373594361410054211590056917522011478, 745984855232237772498759747812609846863686401413461494377445640216846360227670088045910, 2983939420928951089995038991250439387454745605653845977509782560867385440910680352183638, 11935757683715804359980155965001757549818982422615383910039130243469541763642721408734550, 47743030734863217439920623860007030199275929690461535640156520973878167054570885634938198, 190972122939452869759682495440028120797103718761846142560626083895512668218283542539752790, 763888491757811479038729981760112483188414875047384570242504335582050672873134170159011158, 3055553967031245916154919927040449932753659500189538280970017342328202691492536680636044630, 12222215868124983664619679708161799731014638000758153123880069369312810765970146722544178518, 48888863472499934658478718832647198924058552003032612495520277477251243063880586890176714070, 195555453889999738633914875330588795696234208012130449982081109909004972255522347560706856278, 782221815559998954535659501322355182784936832048521799928324439636019889022089390242827425110, 3128887262239995818142638005289420731139747328194087199713297758544079556088357560971309700438, 12515549048959983272570552021157682924558989312776348798853191034176318224353430243885238801750, 50062196195839933090282208084630731698235957251105395195412764136705272897413720975540955206998, 200248784783359732361128832338522926792943829004421580781651056546821091589654883902163820827990, 800995139133438929444515329354091707171775316017686323126604226187284366358619535608655283311958, 3203980556533755717778061317416366828687101264070745292506416904749137465434478142434621133247830, 12815922226135022871112245269665467314748405056282981170025667618996549861737912569738484532991318, 51263688904540091484448981078661869258993620225131924680102670475986199446951650278953938131965270, 205054755618160365937795924314647477035974480900527698720410681903944797787806601115815752527861078, 820219022472641463751183697258589908143897923602110794881642727615779191151226404463263010111444310, 3280876089890565855004734789034359632575591694408443179526570910463116764604905617853052040445777238, 13123504359562263420018939156137438530302366777633772718106283641852467058419622471412208161783108950, 52494017438249053680075756624549754121209467110535090872425134567409868233678489885648832647132435798, 209976069752996214720303026498199016484837868442140363489700538269639472934713959542595330588529743190, 839904279011984858881212105992796065939351473768561453958802153078557891738855838170381322354118972758, 3359617116047939435524848423971184263757405895074245815835208612314231566955423352681525289416475891030, 13438468464191757742099393695884737055029623580296983263340834449256926267821693410726101157665903564118, 53753873856767030968397574783538948220118494321187933053363337797027705071286773642904404630663614256470, 215015495427068123873590299134155792880473977284751732213453351188110820285147094571617618522654457025878, 860061981708272495494361196536623171521895909139006928853813404752443281140588378286470474090617828103510, 3440247926833089981977444786146492686087583636556027715415253619009773124562353513145881896362471312414038, 13760991707332359927909779144585970744350334546224110861661014476039092498249414052583527585449885249656150, 55043966829329439711639116578343882977401338184896443446644057904156369992997656210334110341799540998624598, 220175867317317758846556466313375531909605352739585773786576231616625479971990624841336441367198163994498390, 880703469269271035386225865253502127638421410958343095146304926466501919887962499365345765468792655977993558, 3522813877077084141544903461014008510553685643833372380585219705866007679551849997461383061875170623911974230, 14091255508308336566179613844056034042214742575333489522340878823464030718207399989845532247500682495647896918, 56365022033233346264718455376224136168858970301333958089363515293856122872829599959382128990002729982591587670, 225460088132933385058873821504896544675435881205335832357454061175424491491318399837528515960010919930366350678, 901840352531733540235495286019586178701743524821343329429816244701697965965273599350114063840043679721465402710, 3607361410126934160941981144078344714806974099285373317719264978806791863861094397400456255360174718885861610838, 14429445640507736643767924576313378859227896397141493270877059915227167455444377589601825021440698875543446443350, 57717782562030946575071698305253515436911585588565973083508239660908669821777510358407300085762795502173785773398, 230871130248123786300286793221014061747646342354263892334032958643634679287110041433629200343051182008695143093590, 923484520992495145201147172884056246990585369417055569336131834574538717148440165734516801372204728034780572374358, 3693938083969980580804588691536224987962341477668222277344527338298154868593760662938067205488818912139122289497430, 14775752335879922323218354766144899951849365910672889109378109353192619474375042651752268821955275648556489157989718, 59103009343519689292873419064579599807397463642691556437512437412770477897500170607009075287821102594225956631958870, 236412037374078757171493676258318399229589854570766225750049749651081911590000682428036301151284410376903826527835478, 945648149496315028685974705033273596918359418283064903000198998604327646360002729712145204605137641507615306111341910, 3782592597985260114743898820133094387673437673132259612000795994417310585440010918848580818420550566030461224445367638, 15130370391941040458975595280532377550693750692529038448003183977669242341760043675394323273682202264121844897781470550, 60521481567764161835902381122129510202775002770116153792012735910676969367040174701577293094728809056487379591125882198, 242085926271056647343609524488518040811100011080464615168050943642707877468160698806309172378915236225949518364503528790, 968343705084226589374438097954072163244400044321858460672203774570831509872642795225236689515660944903798073458014115158, 3873374820336906357497752391816288652977600177287433842688815098283326039490571180900946758062643779615192293832056460630]
len(predicted_full) = 200, len(input_sequence + seq_pred) = 200
is_manual_check: False
