test results being evaluated: data/test_linrec15.tsv
csv file used: ../linear_database_newbl.csv
The sequence ID inspected: A154597
csv results file used: ../linear_database_newbl.csv
Results we are looking at now:
('Could you give me a recursive equation in a form of a Python code for the following number sequence: 0,1,15,226,3405,51301,772920,11645101,175449435,2643386626', 'Certainly, the Python code is the following: lambda a_n: 8 - 8 * -4 + ( n * 9 ) * a_n[-1] // 2')

Experiment type: Evaluation of the results of llms.
Ground truth: 
[0, 1, 15, 226, 3405, 51301, 772920, 11645101, 175449435, 2643386626, 39826248825, 600037119001, 9040383033840, 136205782626601, 2052127122432855, 30918112619119426, 465823816409224245, 7018275358757483101, 105739954197771470760, 1593117588325329544501, 24002503779077714638275, 361630674274491049118626, 5448462617896443451417665, 82088569942721142820383601, 1236777011758713585757171680, 18633743746323424929177958801, 280742933206610087523426553695, 4229777741845474737780576264226, 63727409060888731154232070517085, 960140913655176442051261634020501, 14465841113888535361923156580824600, 217947757621983206870898610346389501, 3283682205443636638425402311776667115, 49473180839276532783251933286996396226, 745381394794591628387204401616722610505, 11230194102758150958591317957537835553801, 169198292936166856007256973764684255917520, 2549204588145260991067445924427801674316601, 38407267115115081722018945840181709370666535, 578658211314871486821351633527153442234314626, 8718280436838187384042293448747483342885385925, 131352864763887682247455753364739403585515103501, 1979011251895153421095878593919838537125611938440, 29816521643191188998685634662162317460469694180101, 449226835899762988401380398526354600444171024639955, 6768219060139636015019391612557481324123035063779426, 101972512737994303213692254586888574462289696981331345, 1536355910130054184220403210415886098258468489783749601, 23147311164688807066519740410825180048339317043737575360, 348746023380462160182016509372793586823348224145847380001, 5254337661871621209796767381002728982398562679231448275375, 79163810951454780307133527224413728322801788412617571510626, 1192711501933693325816799675747208653824425388868495020934765, 17969836339956854667559128663432543535689182621440042885532101, 270740256601286513339203729627235361689162164710469138303916280, 4079073685359254554755615073071962968873121653278477117444276301, 61456845536990104834673429825706679894785986963887625899968060795, 925931756740210827074857062458672161390662926111592865616965188226, 13950433196640152510957529366705789100754729878637780610154445884185, 210182429706342498491437797563045508672711611105678302017933653451001, 3166686878791777629882524492812388419191428896463812310879159247649200, 47710485611583006946729305189748871796544145058062862965205322368189001, 718823971052536881830822102339045465367353604767406756788958994770484215, 10830070051399636234409060840275430852306848216569164214799590243925452226, 163169874742047080397966734706470508249970076853304869978782812653652267605, 2458378191182105842203910081437333054601858001016142213896541780048709466301, 37038842742473634713456617956266466327277840092095438078426909513384294262120, 558041019328286626544053179425434327963769459382447713390300184480813123398101, 8407654132666773032874254309337781385783819730828811138932929676725581145233635, 126672853009329882119657867819492155114721065421814614797384245335364530301902626, 1908500449272615004827742271601720108106599801058048033099696609707193535673773025, 28754179592098554954535791941845293776713718081292535111292833390943267565408498001, 433221194330750939322864621399281126758812371020446074702492197473856207016801243040, 6527072094553362644797505112931062195158899283387983655648675795498786372817427143601, 98339302612631190611285441315365214054142301621840200909432629129955651799278208397055, 1481616611284021221814079124843409273007293423610990997297138112744833563361990553099426, 22322588471872949517822472313966504309163543655786705160366504320302459102229136504888445, 336320443689378263989151163834340973910460448260411568402794702917281720096799038126426101, 5067129243812546909355089929829081112966070267561960231202287048079528260554214708401279960, 76343259100877581904315500111270557668401514461689815036437100424110205628410019664145625501, 1150216015756976275474087591598887446138988787192909185777758793409732612686704509670585662475, 17329583495455521714015629374094582249753233322355327601702819001570099395928977664722930562626, 261093968447589801985708528203017621192437488622522823211320043816961223551621369480514544101865, 3933739110209302551499643552419358900136315562660197675771503476255988452670249519872441092090601, 59267180621587128074480361814493401123237170928525487959783872187656788013605364167567130925460880, 892941448434016223668705070769820375748693879490542517072529586291107808656750712033379404974003801, 13453388907131830483105056423361799037353645363286663244047727666554273917864866044668258205535517895, 202693775055411473470244551421196805936053374328790491177788444584605216576629741382057252488006772226, 3053860014738303932536773327741313888078154260295144030910874396435632522567310986775527045525637101285, 46010593996129970461521844467540905127108367278755950954840904391119093055086294543014962935372563291501, 693212769956687860855364440340854890794703663441634408353524440263222028348861729131999971076114086473800, 10444202143346447883291988449580364267047663318903272076257707508339449518288012231523014529077083860398501, 157356244920153406110235191184046318896509653446990715552219137065354964802669045201977217907232371992451315, 2370787875945647539536819856210275147714692465023764005359544763488663921558323690261181283137562663747168226, 35719174384104866499162533034338173534616896628803450795945390589395313788177524399119696464970672328199974705, 538158403637518645026974815371282878166968141897075525944540403604418370744221189677056628257697647586746788801, 8108095228946884541903784763603581346039139025084936339964051444655670874951495369554969120330435386129401806720, 122159586837840786773583746269425003068754053518171120625405312073439481495016651733001593433214228439527773889601, 1840501897796558686145659978804978627377349941797651745721043732546247893300201271364578870618543861979046010150735, 27729688053786221078958483428344104413729003180482947306441061300267157880998035722201684652711372158125217926150626, 417785822704589874870522911403966544833312397649041861342336963236553616108270737104389848661289126233857314902410125, 6294517028622634344136802154487842276913414967916110867441495509848571399505059092288049414572048265665984941462302501, 94835541252044105036922555228721600698534536916390704872964769610965124608684157121425131067242013111223631436836947640, 1428827635809284209897975130585311852754931468713776683961913039674325440529767415913665015423202244934020456494016517101, 21527250078391307253506549514008399392022506567623040964301660364725846732555195395826400362415275687121530478847084704155, 324337578811678893012496217840711302733092529983059391148486818510562026428857698353309670451652337551756977639200287079426, 4886590932253574702440949817124677940388410456313513908191603938023156243165420670695471457137200338963476195066851390895545, 73623201562615299429626743474710880408559249374685768014022545888857905673910167758785381527509657422003899903641971150512601, 1109234614371483066146842101937787884068777151076600034118529792270891741351817937052476194369782061669021974749696418648584560, 16712142417134861291632258272541529141440216515523686279791969429952234025951179223545928297074240582457333521149088250879281001, 251791370871394402440630716190060725005672024883931894230998071241554402130619506290241400650483390798529024791986020181837799575, 3793582705488050897901093001123452404226520589774502099744763038053268265985243773577166938054325102560392705400939390978446274626, 57155531953192157870957025733041846788403480871501463390402443642040578391909276109947745471465359929204419605806076884858531918965, 861126562003370418962256478996751154230278733662296452955781417668661944144624385422793349010034724040626686792492092663856425059101, 12974053962003748442304804210684309160242584485805948257727123708671969740561275057451847980621986220538604721493187466842704907805480, 195471935992059597053534319639261388557869046020751520318862637047748208052563750247200513058339828032119697509190304095304430042141301, 2945053093842897704245319598799605137528278274797078753040666679424895090529017528765459543855719406702334067359347748896409155539924995, 44371268343635525160733328301633338451482043167976932815928862828421174565987826681729093670894130928567130707899406537541441763141016226, 668514078248375775115245244123299681909758925794451070991973609105742513580346417754701864607267683335209294685850445812018035602655168385, 10072082442069272151889411990151128567097865930084742997695532999414558878271184093002257062779909380956706550995656093717811975802968542001, 151749750709287458053456425096390228188377747877065596036424968600324125687648107812788557806305908397685807559620691851579197672647183298400, 2286318343081381142953735788436004551392764084086068683544070062004276444192992801284830624157368535346243819945306033867405777065510718018001, 34446524896930004602359493251636458499079839009168095849197475898664470788582540127085247920166833938591343106739211199862665853655307953568415, 518984191797031450178346134562982882037590349221607506421506208541971338272931094707563549426659877614216390421033474031807393581895130021544226, 7819209401852401757277551511696379689062935077333280692171790604028234544882548960740538489320064998151837199422241321676973569582082258276731805, 117807125219583057809341618810008678217981616509220817888998365268965489511511165505815640889227634849891774381754653299186410937313129004172521301, 1774926087695598268897401833661826552958787182715645549027147269638510577217550031547975151827734587746528452925742040809473137629279017320864551320, 26741698440653557091270369123737406972599789357243904053296207409846624147774761638725442918305246451047818568267885265441283475376498388817140791101, 402900402697498954637952938689722931141955627541374206348470258417337872793838974612429618926406431353463806976944021022428725268276754849577976417835, 6070247738903137876660564449469581374101934202477856999280350083669914716055359380825169726814401716753004923222428200601872162499527821132486787058626, 91456616486244567104546419680733443542670968664709229195553721513466058613624229686989975521142432182648537655313367030050511162761194071836879782297225, 1377919495032571644444856859660471234514166464173116294932586172785660793920418804685674802543950884456481069752922933651359539603917438898685683521517001, 20760249041974819233777399314587801961255167931261453653184346313298377967419906299972112013680405699029864583949157371800443605221522777552122132605052240, 312781655124654860151105846578477500653341685433094921092697780872261330305219013304267355007750036369904449828990283510658013617926759102180517672597300601, 4712485075911797721500365097991750311761380449427685270043651059397218332545705105863982437129930951247596612018803410031670647874122909310259887221564561255, 71000057793801620682656582316454732177074048426848373971747463671830536318490795601264003911956714305083853630111041433985717731729770398756078825996065719426, 1069713351982936107961349099844812732967872106852153294846255606136855263109907639124824041116480645527505401063684424919817436623820678890651442277162550352645, 16116700337537843240102893079988645726695155651209147796665581555724659482967105382473624620659166397217664869585377415231247267089039953758527712983434321009101, 242820218415050584709504745299674498633395206874989370244829978942006747507616488376229193351003976603792478444844345653388526442959419985268567137028677365489160, 3658419976563296613882674072575106125227623258776049701469115265685825872097214431025911524885718815454104841542250562216059143911480339732787034768413594803346501, 55119119866864499792949615833926266377047744088515734892281558964229394828965832953764902066636786208415365101578602778894275685115164515977074088663232599415686675, 830445217979530793508126911581469101780943784586512073085692499729126748306584708737499442524437511941684581365221292245630194420638948079388898364716902586038646626, 12511797389559826402414853289555962793091204512886196831177669054901130619427736464016256539933199465333684085579897986463347191994699385706810549559416771389995386065, 188507406061376926829730926254920910998149011477879464540750728323246086039722631668981347541522429491946945865063691089195838074341129733681547141755968473435969437601, 2840122888310213728848378747113369627765326376681078164942438593903592421215267211498736469662769641844537872061535264324400918307111645390930017675898943872929536950080, 42790350730714582859555412132955465327478044661694051938677329636877132404268730804150028392483067057160015026788092655955209612681015810597631812280240126567379023688801, 644695383849028956622179560741445349539935996302091857245102383147060578485246229273749162356908775499244763273882925103652545108522348804355407201879500842383614892282095, 9713221108466148932192248823254635708426517989193071910615213076842785809682962169910387463746114699545831464135031969210743386240516247875928739840472752762321602407920226, 146343012010841262939505911909560980975937705834198170516473298535788847723729678777929561118548629268686716725299362463264803338716266066943286504808970792277207651011085485, 2204858401271085093024780927466669350347492105502165629657714691113675501665628143838853804241975553729846582343625468918182793466984507252025226311975034636920436367574202501, 33219219031077117658311219823909601236188319288366682615382193665240921372708151836360736624748181935216385451879681396236006705343483874847321681184434490346083753164624123000, 500493143867427849967693078286110687893172281431002404860390619669727496092287905689249903175464704581975628360538846412458283373619242629961850444078492389828176733836936047501, 7540616377042494867173707394115569919633772540753402755521241488711153362757026737175109284256718750664850810859962377583110257309632123324275078342361820337768734760718664835515, 113609738799504850857573303990019659482399760392732043737679012950337027937447688963315889167026245964554737791259974510159112143018101092494088025579505797456359198144616908580226, 1711686698369615257730773267244410462155630178431734058820706435743766572424472361186913446789650408218985917679759580029969792402581148510735595462034948782183156706929972293538905, 25788910214343733716819172312656176591816852436868742926048275549106835614304533106767017591011782369249343502987653674959705998181735328753528019956103737530203709802094201311663801, 388545339913525621010018357957087059339408416731462877949544839672346300786992468962692177311966385946959138462494564704425559765128611079813655894803591011735238803738342991968495920, 5853969008917228048867094541668962066682943103408811912169220870634301347419191567547149677270507571573636420440406124241343102475110901525958366442009968913558785765877239080839102601, 88198080473671946354016436482991518059583554967863641560487857899186866512074865982169937336369579959551505445068586428324572096891792133969189152524953124715117025291896929204555034935, 1328825176113996423359113641786541732960436267621363435319487089358437299028542181300096209722814206964846218096469202549109924555851992911063795654316306839640314165144331177149164626626, 20020575722183618296740721063281117512466127569288315171352794198275746351940207585483613083178582684432244776892106624664973440434671685799926123967269555719319829502456864586442024434325, 301637461008868270874469929591003304419952349806946091005611400063494632578131655963554292457401554473448517871478068572523711531075927279909955655163359642629437756701997299973779531141501, 4544582490855207681413789664928330683811751374673479680255523795150695235023915047038797999944201899786160012849063135212520646406573580884449260951417664195160886180032416364193134991556840, 68470374823836983492081314903515963561596222969909141294838468327323923157936857361545524291620430051265848710607425096760333407629679640546648869926428322570042730457188242762870804404494101, 1031600204848409960062633513217667784107755095923310599102832548705009542604076775470221662374250652668773890671960439586617521760851768189084182309847842502745801843037856057807255201058968355, 15542473447549986384431584013168532725177922661819568127837326698902467062219088489414870459905380220082874208790014018896023159820406202476809383517644065863757070376025029109871698820289019426, 234168701918098205726536393710745658661776595023216832516662733032242015475890404116693278560954953953911887022522170723026964919066944805341224935074508830459101857483413292705882737505394259745, 3528073002219023072282477489674353412651826848010072055877778322182532699200575150239814048874229689528761179546622574864300496945824578282595183409635276522750284932627224419698112761401202915601, 53155263735203444289963698738826046848439179315174297670683337565770232503484517657713904011674400296885329580221860793687534419106435619044268976079603656671713375846891779588177574158523437993760, 800857029030270687421737958572065056139239516575624537116127841808736020251468340015948374223990234142808704882874534480177316783542358863946629824603690126598450922636003918242361725139252772822001, 12066010699189263755616033077319801888937031927949542354412600964696810536275509617896939517371527912439015902823339877996347286172241818578243716345134955555648477215386950553223603451247315030323775, 181791017516869227021662234118369093390194718435818759853305142312260894064384112608470041134796908920728047247232972704425386609367169637537602375001628023461325609153440262216596413493848978227678626, 2738931273452227669080549544852856202741857808465230940153989735648610221502037198744947556539325161723359724611317930444377146426679786381642279341369555307475532614516990883802169805858981988445503165, 41265760119300284263229905406911212134518061845414282862163151177041414216594942093782683389224674334771123916417001929370082583009563965362171792495544957635594314826908303519249143501378578804910226101, 621725333062956491617529130648521038220512785489679473872601257391269823470426168605485198394909440183290218470866346870995615891570139266814219166774543919841390255018141543672539322326537664062098894680, 9367145756063647658526166865134726785442209844190606390951182012046088766272987471176060659312866277084124400979412204994304320956561652967575459294113703755256448140099031458607338978399443539736393646301, 141128911674017671369510032107669422819853660448348775338140331438082601317565238236246395088087903596445156233162049421785560430239994933780446108578480100248688112356503613422782623998318190760108003589195, 2126300820866328718201176648480176069083247116569422236463056153583285108529751561014871986980631420223761467898410153531777710774556485659674267087971315207485578133487653232800346698953172304941356447484226, 32035641224668948444387159759310310459068560408989682322283982635187359229263838653459326199797559206952867174709314352398451222048587279828894452428148208212532360114671302105427983108295902764880454715852585, 482660919190900555384008573038134832955111653251414657070722795681393673547487331362904764983944019524516769088538125439508546041503365683093091053510194438395470979853557184814220093323391713778148177185273001, 7271949429088177279204515755331332804785743359180209538383125917856092462441573809097030800958957852074704403502781195945026641844599072526225260255081064784144597057918029074318729382959171609437103112494947600, 109561902355513559743451744903008126904741262040954557732817611563522780610171094467818366779368311800645082821630256064614908173710489453576471994879726166200564426848623993299595160837710965855334694864609487001, 1650700484761791573430980689300453236375904673973498575530647299370697801615007990826372532491483634861750946727956622165168649247501940876173305183450973557792610999787277928568246141948623659439457526081637252615, 24870069173782387161208162084409806672543311371643433190692527102123989804835290956863406354151622834726909283740979588542144646886239602596176049746644329533089729423657792921823287290067065857447197586089168276226, 374701738091497598991553411955447553324525575248624996435918553831230544874144372343777467844765826155765390202842650450297338352541095979818814051383115916554138552354654171755917555492954611521147421317419161396005, 5645396140546246372034509341416123106540426940101018379729470834570582162917000876113525424025639015171207762326380736343002219935002679299878386820493383077845168014743470369260586619684386238674658517347376589216301, 85055643846285193179509193533197294151430929676763900692377981072389962988629157514046658828229351053723881825098553695595330637377581285477994616358783862084231658773506709710664716850758748191641025181528067999640520, 1281480053834824144064672412339375535378004372091559528765399186920420026992354363586813407847465904821029435138804686170272961780598721961469797632202251314341320049617344116029231339381065609113290036240268396583824101, 19307256451368647354149595378623830324821496511050156832173365784878690367873944611316247776540217923369165408907168846249689757346358410707524959099392553577204032403033668450149134807566742884890991568785554016757002035, 290890326824364534456308603091696830407700452037843912011365885960100775545101523533330530055950734755358510568746337379915619321975974882574344184123090554972401806095122370868266253452882208882478163568023578647938854626, 4382662158816836664198778641754076286440328277078708837002661655186390323544396797611274198615801239253746823940102229544983979586985981649322687720945750878163231123829869231474142936600799876122063445089139233735839821425, 66030822709076914497437988229402841127012624608218476467051290713755955628711053487702443509292969323561560869670279780554675313126765699622414659998309353727420868663543160842980410302464880350713429839905112084685536176001, 994845002794970554125768602082796693191629697400355855842772022361525724754210199113147926838010341092677159868994298937865113676488471475985542587695586056789476261076977281876180297473574005136823511043665820504018882461440, 14988705864633635226383967019471353239001458085613556314108631626136641826941864040184921346079448085713718958904584763848531380460453837839405553475432100205569564784818202388985684872406074957403066095494892419644968773097601, 225825432972299498949885273894153095278213500981603700567472246414411153128882170801886968118029731626798461543437765756665835820583296039067068844719177089140332948033350013116661453383564698366182814943467052115178550478925455, 3402370200449126119474663075431767782412203972809669064826192327842303938760174426068489443116525422487690642110471071113836068689209894423845438224263088437310563785285068399138907485625876550450145290247500674147323225956979426, 51261378439709191291069831405370669831461273093126639672960357164048970234531498561829228614865911068942158093200503832464206866158731712396748642208665503648798789727309376000200273737771712955118362168655977164325026939833616845, 772323046796086995485522134155991815254331300369709264159231549788576857456732652853506918666105191456620062040118028558076939061070185580375075071354245643169292409694925708402143013552201570877225577820087158139022727323461232101, 11636107080381014123573901843745247898646430778638765602061433603992701832085521291364433008606443782918243088694970932203618292782211515418022874712522350151188184935151195002032345477020795276113502029469963349249665936791752098360, 175313929252511298849094049790334710294950792979951193295080735609679104338739552023320002047762761935230266392464682011612351330794242916850718195759189497910992066436962850738887325168864130712579756019869537396884011779199742707501]
Predicted:    
[0, 1, 15, 226, 3405, 51301, 772920, 11645101, 175449435, 2643386626, 118952398210, 5888143711435, 317959760417530, 18600645984425545, 1171840697018809375, 79099247048769632852, 5695145787511413565384, 435678652744623137751916, 35289970872314474157905236, 3017292509582887540500897718, 271556325862459878645080794660, 25662072794002458531960135095410, 2540545206606243394664053374445630, 262946428883746191347729524255122745, 28398214319444588665554788619553256500, 3194799110937516224874913719699741356290, 373791495979689398310364905204869738685970, 45415666761532261894709335982391673250345395, 5722374011953064998733376333781350829543519810, 746769808559874982334705611558466283255429335245, 100813924155583122615185257560392948239482960258115, 14063542419703845604818343429674816279407872956007082, 2025150108437353767093841453873173544234733705665019848, 300734791102947034413435455900166271318857955291255447468, 46012423038750896265255624752725439511785267159562083462644, 7246956628603266161777760898554256723106179577631028145366470, 1174006973833729118207997265565789589143201091576226559549368180, 195472161143315898181631544716703966592342981747441722164969802010, 33425739555507018589058994146556378287290649878812534490209836143750, 5866217291991481762379853472720644389419509053731599803031826243228165, 1055919112558466717228373625089715990095511629671687964545728723781069740, 194817076267037109328634933829052600172621895674426429458686949537607367070, 36820427414470013663112002493690941432625538282466595167691833462607792376270, 7124752704699947643812172482529197167213041657657286164948369775014607824808285, 1410701035530589633474810151540781039108182248216142660659777215452892349312040470, 285666959694944400778649055687008160419406905263768888783604886129210700735688195215, 59133060656853490961180354527210689206817229389600159978206211428746615052287456409545, 12506642328924513338289644982505060767241844015900433835390613717179909083558797030618807, 2701434743047694881070563316221093125724238307434493708444372562910860362048700158613662352, 595666360842016721276059211226751034222194546789305862711984150121844709831738384974312548656, 134024931189453762287113322526018982699993773027593819110196433777415059712141136619220323447640, 30758721707979638444892507519721356529648570909832781485790081551916756203936390854111064231233420, 7197540879667235396104846759614797427937765592900870867674879083148520951721115459861989030108620320, 1716613499800635641971005952168129186563157093906857701940458661330922246985486037177084383680905946360, 417137080451554460998954446376855392334847173819366421571531454703414106017473107034031505234460144965520, 103241427411759729097241225478271709602874675520293189338954035039094991239324593990922797545528885878966240, 26016839707763451732504788820524470819924418231113883713416416829851937792309797685712544981473279241499492520, 6673319385041325369387478332464526765310613276280711172491310916857022043727463106385267787747896125444619831420, 1741736359495785921410131844773241485746070065109265616020232149299682753412867870766554892602200888741045776000660, 462431003446131162134390004787295614465581602286510021053371635639065771031116419688520323985884335960747653528175270, 124856370930455413776285301292569815905707032617357705684410341622547758178401433315900487476188770709401866452607322940, 34273073820410011081590315204810414466116580453464690210370638775389359619971193445214683812213817559730812341240710147070, 9562187595894393091763697942142105636046525946516648568693408218333631333971962971214896783607655099164896643206158131032570, 2710880183436060441515008366597286947819190105837469869224581229897584483181051502339423238152770220613248198348945830147733635, 780733492829585407156322409580018640971926750481191322336679394210504331156142832673753892587997823536615481124496399082547286920, 228364546652653731593224304802155452484288574515748461783478722806572516863171778557073013581989363384460028228915196731645081424140, 67824270355838158283187618526240169387833706631177293149693180673552037508362018231450685033850840925184628383987813429298589182969620, 20449017512285204722381066985661411070431862549299953884632493973075939308771148496782381537706028538943165457772325748933524638665340470, 6257399358759272645048606497612391787552149940085785888697543155761237428483971440015408750538044732916608630078331679173658539431594183860, 1942922500894754156287592317508647650034942556396636518440587149863864221544273132124784417042062889570606979639321986383420976493509994088570, 612020587781847559230591580015224009761006905264940503308784952207117229786446036619307091368249810214741198586386425710777607595455648137899590, 195540577796300295174174009814864071118641706232148490807156792230173954916769508699868615692155814363609812948350463014593445626748079580058919045, 63355147206001295636432379180015959042439912819216111021518800682576361393033320818757431484258483853809579395265550016728276383066377783939089770620, 20812165857171425616568036560635242545441511361112492470568926024226334717611445888961816242578911945976446831344733180495238791837305102023990989648710, 6930451230438084730317156174691535767632023283250459992699452366067369460964611481024284808778777678010156794837796149104914517681822598973988999553020470, 2339027290272853596482040208958393321575807858097030247536065173547737193075556374845696122962837466328427918257756200322908649717615127153721287349144408665, 799947333273315929996857751463770515978926287469184344657334289353326120031840280197228074053290413484322348044152620510434758203424373486572680273407387763470, 277181750979203969743911210882196483786697958608072375423766331260927500591032657088339527659465128272317693597298883006865643717486545413097433714735659860042395, 97290794593700593380112835019650965809130983471433403773741982272585552707452462638007174208472260023583510452651907935409840944837777439997199233872216610874880685, 34586877478060560946630112849485918345146064624094575041565274697904163987499350467811550431111888438383937965917753271038198455889829879919004327641573005166020083557, 12451275892101801940786840625814930604252583264674047014963498891245499035499766168412158155200279837818217667730391177573751444120338756770841557950966281859767230080560, 4538490062671106807416803408109542205250066599973690136954195345858984398439664768386231647570502000884740339887727584225632401381863476842971747873127209737885155364364160, 1674702833125638411936800457592421073737274575390291660536098082621965243024236299534519477953515238326469185418571478579258356109907622955056574965183940393279622329450375080, 625501508172425946858394970910769271040872053908273935210232633859304018269552257876143025015637941514936240753836447249352996007050497173713630749496201736889938940049715092420, 236439570089177007912473299004270784453449636377327547509467935598816918905890753477182063455911141892645899004950177060255432490665087931663752423309564256544396919338792304934800, 90438135559110205526521036869133575053444485914327786922371485366547471481503213205022139271886011773937056369393442725547702927679396133861385301915908328128231821647088056637561040, 34999558461375649538763641268354693545683016048844853538957764836853871463341743510343567898219886556513640814955262334786961033011926303804356111841456522985625714977423077918736122520, 13702327137628566794425965556560862523134900783122760160501964933628290677898292584299506832153085586875090379054985204069095244424169147939405417785930228748872467413661135005185191966620, 5426121546500912450592682360398101559161420710116613023558778113716803108447723863382604705532621892402535790105774140811361716791970982584004545443228370584553497095809809462053336018781560, 2173161679373615436462369285339439674444148994401703515935290634543579644933313407284733184565815067907215583937362543394950367575184378524893820450012962419113675586871828689552361075522014820, 880130480146314251767259560562473068149880342732689923953792706990149756197991929950316939749155102502422311494631830074954898867949673302581997282255249779741038612683090619268706235586416002140, 360413431619915686098692790050332721407376000349036523859078113512466325163077695314654786827279014474741936557051734415694031086425391217407327887083524784803955311893725608590535203472637352876370, 149211160690645094044858815080837746662653664144501120877658338994161058617514165860267081746493511992543161734619418048097328869780111964006633745252579260908837499124002401956481574237671864090817220, 62444870749034971857773414111330596978320558444473719087300014869056403031429678412521773710907534768879313185938226453128732132002976856936776222388204420690348493383395005218787538818465675122007006610, 26414180326841793095838154169092842521829596222012383173927906289610858482294753968496710279713887207235949477651869789673453691837259210484256342070210469952017412701176087207547128920210980576608963796070, 11292062089724866548470810907287190178082152384910293806854179938808642001181007321532343644577686781093368401696174335085401453260428312482019586235014975904487443929752777281226397613390194196500332022819965, 4878170822761142348939390311948066156931489830281246924561005733565333344510195162901972454457560689432335149532747312756893427808505030992232461253526469590738575777653199785489803768984563892888143433858224920, 2129321564135238635312043871165330877500595310917764282570879002701268004878700188606710976370725240937214292771044202018383981238412446028109469337164303976357388326945621706366299345161762139245674608879115177620, 939030809783640238172611347183910916977762532114734048613757640191259190151506783175559540579489831253311503112030493090107335726139888698396275977689458053573608252183019172507538011216337103407342502515689793330460, 418338225758611726105898355170432313513593208057114018657429028705205969212496271904711775328162719823350274636409584671642818065995320415135540948060653562867042476347535041352108183996878179567971084870739802928719970, 188252201591375276747654259826694541081116943625701308395843062917342686145623322357120298897673223920507623586384313102239268129697894186810993426627294103290169114356390768608448682798595180805586988191832911317923986540, 85560625623280063281808861091232668921367650877881244665910672095932250853185800011311175848992480271870714920011670304967747364947692907905596512402105169945381862474979604332539926331961509676139286133188058193996451882470, 39272327161085549046350267240875795034907751752947491301652998492032903141612282205191829714687548444788658148285356669980196040510991044728668799192566273004930274876015638388635826186370332941347932335133318711044371414053770, 18202723639163151982983348866145930998679742937491162218316164801057250606137292802106413072757678704159543051730262816535820864776844349231737988425754467537785182405033248393132705437382649318314766637334293222569066150413922435, 8518874663128355128036207269356295707382119694745863918171965126894793283672253031385801318050593633546666148209762998138764164715563155440453378583253090807683465365555560247986106144695079880971310786272449228162322958393715699620, 4025168278328147797997107934770849721738051555767420701336253522457789826535139557329791122778905491850799755029113016620566067828103590945614221380587085406630437385225002217173435153368425243758944346513732260306697597841030668070490, 1920005268762526499644620484885695317269050592101059674537392930212365747257261568846310365565537919612831483148886908928010014354005412881057983598540039738962718632752326057591728568156738841273016453287050288166294754170171628669623770, 924482536909156509578884763472462295265047860096660233289754695897254107304371445399498441019806508293578359136189046648836821911453606302229419102697029134310549021670244996730417305567469752072957422257714713752070924132937639204423845295, 449298512937850063655337995047616675498813260006976873378820782206065496149924522464156242335625963030679082540187876671334695448966452662883497683910756159274926824531739068410982810505790299507457307217249350883506469128607692653349988813410, 220380920596015456222943286570855979332167904033422156392311593672075125861537978268668636865624534866548089985962153507289668117718045031144355613958225896124351607432818013055587068553090141908407809190060806608359923107582073246468169512977645, 109088555695027650830356926852573709769423112496543967414194238867677187301461299242990975248484144758941304543051265986108385718270432290416456028909321818581554045679244916462515598933779620244661865549080099271138161938253126257001743908923934315, 54489733569666311589763284962860568029826844692023711723390022314404755057079918971873992136617830307091181619254107360061138666276080929063019786440206248381486245816782835773026541667422920312208601841765509585933511888157436565372371082507505190382, 27462825719111821041240695621281726287032729724779950708588571246459996548768279161824492036855386474773955536104070109470813887803144788247761972365863949184269067891658549229605377000381151837353135328249816831310489991631348028947675025583782615952568, 13964846878168360999470893723421757816956143065050604935317288478824908245048669953787754200740964022422556390108919650665908861947899124823986962948041818160200821022908372283254334204693815709294069314415031858721384160744540472719892750509353460211880868, 7163966448500369192728568480115361760098501392370960331817768989637177929709967686293117904980114543502771428125875780791611246179272251034705311992345452716183021184751994981309473447007927458867857558294911343524070074461949262505304981011298325088694885324, 3707352637098941057237034188459699710850974470551971971715695452137239578624908277656688515827209276262684214055140716559658819897773389910459998956038771780624713463109157402827652508826602459964116286417616620273706263534058743346495327673346883233399603155210, 1935238076565647231877731846375963249064208673628129369235593026015639060042202120936791405261803242209121159736783454044141903986637709533260119455052238869486100427742980164276034609607486484101268701509995875782874669564778664026870561045487073047834592847019660, 1018902847311813267583625817116944650632305866665210112902539728197233965112219416673220674870339407023102290601416488554240712448964754069261452893085003764784431875206679056491332221958341633879317971345012828599683513525855966610147350390448943959684913133955851030, 541037411922572845086905308889097609485754415199226569951248595672731235474588510253480178356150225129267316309352155422301818310400284410777831486228136999100533325734746578996897409859879407589917842784201811986431945682229518269988243057328389242592688874130556896970, 289725534084537758544037792910111769879621489339185828208893622982747576596642147240738635509718445556722647883658079228642623705219352301971528760875167363018335595930956793052838562979965422764401004810940070318734306912833907033578704157199352439408384892096913218327475, 156451788405650389613780408171460355734995604243160347232802556410683691362186759509998863175247960600630229857175362783467016800818450243064625530872590376029901221802716668248532824009181328292776542597907637972116525732930309798132500244887650317280527841732333137896836540, 85187998786876637144703432249360163697705106510400809068260991965617269946710690553194380998922514547043160157231985035597790648045646157348688601560125459748281215271579225861326122672999233255416827444560708875817448261580553685083146383341325597759247409823255393584827496070, 46768211333995273792442184304898729870040103474210044178475284589123881200744169113703715168408460486326694926320359784543187065777059740384430042256508877401806387184096994997868041347476579057223838267063829172823779095607723973110647364454387753169826827992967211078070295342470, 25886204973366384044116749012761446983067197272975259452786070020080068244611897604435006345714082879181825641718319140744654040907602566302782028388977663641899835306397686731319960885828286508173394480819829447157961729418875219116743316225503621379499149294107351331711908472057185, 14444502375138442296617145949120887416551496078320194774654627071204678080493438863274733540908458246583458708078822080535516954826442231996952371841049536312180108100969909196076538174292183871560754120297464831514142645015732372267142770453831020729760525306111902043095244927407909270, 8125032586015373791847144596380499171810216544055109560743227727552631420277559360592037616761007763703195523294337420301228287089873755498285709160590364175601310806795573922793052723039353427752924192667323967726705237821349459400267808380279949160490295484687944899241075271666948964415, 4606893476270716939977330986147743030416392780479247120941410121522342015297376157455685328703491402019711861707889317310796438779958419367527997094054736487565943227453090414223660893963313393535908017242372689701041869844705143479951847351618731173997997539818064757869689679035160062823345, 2632839621688714731197044658583435141882968474043889729618015884450018461742450473985924165354045336254265328966058744843120164762746236668542250339252281902643936554489441171728822200900033604405771431854015992164145428616248989498792480761450104865939855594006024009122527651568593975903541707, 1516515622092699685169497723344058641724589841049280484259977149443210633963651473015892319243930113682456829484449837029637214903341832321080336195409314375922907455385918114915801587718419356137724344747913211486547766882959417951304468918595260402781356822147469829254575927303510130120440023272, 880337318624812167240893428401226041521124402729107321112916735251783773015899680085725491321101430992666189515723130395704403251389933662387135161435106995223247777851525465708622821670542436237948982126163619267940978675557942120732244207244548663814577635256606235882281325799687630534915433509436, 514997331395515117835922655614717234289857775596527782851056290122293507214301312850149412422844337130709720866698031281487075902063111192496474069439537592205599950043142397439544350677267325199200154543805717271745472525201396140628362861238060968331527916625114647991134575592817263862925528603020100, 303590926857656161964276405484875809613871158714153127990697683027092022502830623925163078623266736738553380450918489440436631244266204047976671463934607410605201170550432443290611394724249088204928491103573470331693956053606223024900419906699836940831435706850505084990773832311965777047194599111480348990, 180333010553447760206780184858016230910639468276206958026474423718092661366681390611546868702220441622700707987845582727619358959094125204498142849577156801899489495306956871314623168466203958393727523715522641377026209895842096476790849424579703142853872809869200020484519656393307671566033591872219327300100, 107929306816238484483757940637522714200017721763309864378844942595278457827958812281010800918278934311186373730725581262480186337017833934892138495471928345936844462941213687481801966327023069098645922943740300864150186622661494741359323380610952330998042876706716212259985014351394641432271104735523267389109890, 65081372010191806143706038204426196662610686223275848220443500384952910070259163805449512953722197389645383359627525501275552361221753862739959512769572792599917211153551853551526585695194910666483491535075401421082562533464881329039671998508404255591819854654149875992770963653890968783659476155520530235633263710, 39536933496191522232301418209188914472535991880640077793919426483858892867682442011810579119386234914209570390973721742024898059442215471614525404007515471504449705775782751032552400809830908229888721107558306363307656739079915407391600739093855585272030561702396049665608360419738763536073131764478722118147207703865, 24196603299669211606168467944023615657192027030951727609878689008121642435021654511228074421064375767496257079275917706119237612378635868628089547252599468560723219934779043631922069295616515836691897317825683494344285924316908229323659652325439618186482703761866382395352316576880123284076756639860977936306091114765420, 14917205934246068955202860487490559052658884664581740071490211773506992561190850006172107880586187660661442489373603265822509988031429013009217205881227572367685865089791280399079955720747582013320554696439533874263252272341373923378036175658633524611966586869190624746734703169646596004633320468474292897732705172252881470, 9263584885166808821180976362731637171701167376705260584395421511347842380499517853832878993844022537270755785901007628075778702567517417078723884852242322440332922220760385127828652502584248430272064466488950535917479661123993206417760465084011418784031250445767377967722250668350536118877292010922535889492009911969039392910, 5794372345671838917648700714888639050899080194129140495539336155348075409002448417572465810649436097062857744081080271361399578455982144382741789975077572686428242849085620897456822140366447393135176323788838560216383528033057750614309170910049142449411547153827494918810267793053260342357746152832046198877252199936634140265245, 3650454577773258518118681450379842602066420522301358512189781777869287507671542503070653460709144741149600378771080570957681734427268750961127327684298870792449792994923941165397797948430861857675161083986968292936321622660826382887014777673330959743129274706911321798850468709623554015685380076284189105292668885960079508367104390, 2316213429597132529746303380266010131011143821400211975984416538058062923617593718198329620819952338259421440330250622272649060494102022484835289415687633517809393655279240669444902798279381848694889707789731381868096069578294339941810876433728493957015524801535233681370622396256145022952373658402317987308198408141670448058927735495, 1480060381512567686507887859989980473716120901874735452654042167819102208191642385928732627703949544147770300371030147632222749655731192367809749936624397817880202545723434787775292888100525001316034523277638353013713388460530083222817150041152507638532920348181014322395827711207676669666566767719081193889938782802527416309654822981345, 952418855503337306267825837903552434836323800356392263782876134991592270971321875345139445927491531659090188288757900001335339403463022288685574084217799995805910338173030285933400973492687838346868215729160280164324565474351108553882836051481638665395934244054482716461715132162139936930435715027228748268175606733426392395262878588495547, 617167418366162574461551142961501977773937822630942186931303735474551791589416575223650360961014512515090442011115119200865299933444038443068252006573134397282229899136123625284843830823261719248770603792495861546482318427379518342916077761360101855176565390147304800267191405641066679130922343337644228877777793163260302272130345325345114496, 402701740483921079836162120782380040497494429266689776972675687397145044012094315333431860527061969416096513412252615278564608206572235084102034434288970194226655009186320665498360599612178271809822818974603549659079712773865135718752740739287466460502708917071116382174342392180796008132926829027812859342750010039027347232565050324787687208680, 264575043497936149452358513354023686606853840028215183471047926619924293915945965174064732366279713906375409311849968238016947591717958450255036623327853417606912341035412677232422913945201124579053592066314532126015371292429394167220550665711865464550279758515723463088542951662782977343332926671273048588186756595640967131795238063385510496102800, 175016391273884762862735156583686668690433815178664343866098203459079920425398255962643820460294030749067333259788753989448210831921429514843706726331375035746972513594925485989247757574750543909043951151867063001359168109942044241616394265368399004800010060258151070833071162524930939512614730993047121641085539488016499757682549978929515193172002240, 116560916588407252066581614284735321347828920908990453014821403503747227003315238471120784426555824478878843951019310156972508414059672056885908679736695773807483694054220373668839006544783862243423271467143463958905205961221401464916518580735353737196806700131928613174825394241604005715401410841369383012962969299018988838616578285967057118652553491880, 78154094572527062510642972377915032963719291469478098746437751049262515705722867394886485958005680313088264869158447460250066891627010114142001769763454516337917816863354760544956553888277579634215303518719692584445940596998949682226525708383054680790458892438458135133720426838995485832176645969138171310191670914992232016292415740740911798056537116305580, 52754013836455767194684006355092647250510521741897716653845481958252198101362935491548378021653834211334578786681952035668795151848231827045851194590331798528094526382764463367845673874587366253095329875135792494501009902974291035502904853158561909533559752395959241215261288116321952936719236029168265634379377867619756610997380625000115463688162553506266540, 35846352401871693808787782318285453806721899523619498466288004990632368609876114666507122865713780346601846285550386408236946305680873526477655886724130457099840230677088452858451135397782115368978276650154771000013436229071030758624223847721242817528053851753054304405770045275040767020500720881819836498560787261047624617172720134687578457576106455107508113970, 24518905042880238565210843105707250403797779274155736950940995413592540129155262431890872040148225757075662859316464303234071273085717492110716626519305232656290717783128501755180576612082966912381141228705863364009190380684585038898969111841330087189188834599089144213546710968127884642022493083164768165015578486556575238146140572126303664982056815293535549955520, 16881266122023044252147665478279441903014771030256224890722875342258463878923398184356865399642053433746593878639385672776658071519516493318228397358541652683856159193683973458441826997419122719174415735963986926120327577101336799281940233502755765029756512621472875791026910501556048576032486487758942881613225787994202051463617783908960073340146117329599226144375560, 11698717422561969666738332176447653238789236323967563849270952612185115468093914941759307721951943029586389557897094271234224043563024929869532279369469365309912318321222993606700186109211452044387870105023042939801387010931226401902384581817409745165621263246680702923181648977578341663190513136016947416957965471079982021664287124248909330824721259309412263718052263120, 8159855402236973842549986693072238134055492335967375784866489446999118038995505671877117136061480263136506716633223254185871270385209888583998764860204882303663842029053038040673379811174987800960539398253572450511467440124530415326913245817643297253020831114559790288919200161860893310075382912371820823328180916078287460110840269163614258250243078368315053943341453526240, 5728218492370355637470090658536711170106955619849097800976275591793380863374844981657736229515159144721827715076522724438481631810417341785967132931863827377172017104395232704552712627444841436274298657574007860259050142967420351559493098563985594671620623442420972782821278513626347103672918804485018217976383003086957796997809868952857209291670641014557167868225700375420520, 4046986364859656257872619050256186441680564145423387596389738705602023579974327979541190646152459935745971280701563304815787272874059851971785779416361794041972030084255231905766491471289780474727792001576036553273018926006482478376781874135455822635499970462070417271063233269877014228744917135368665371000314591680935683578952672415193618364565307876784639098901457315234597420, 2877407305415215599347432144732148560034881107396028581033104219683038765361747193453786549414399014315385580578811509724024751013456554751939689165033235563842113389905469884999975436087033917531460113120561989377116456390609042125891912510309089893840478998532066679725958854882557116637636083247121078781223674685145271024635350087202662657205933900393878399318936151131798765660, 2058784927024586761333087699555852294704957432341858449729186069183214236616330116916184276106002494742658382904139635207539709350128164925012847597581280045929032130477363702717482424520272767993759710937762103399326824547480769641075663401126153819042862723449693709343923560668469616954228617563315131867965539237221441418126592987393505131230845705731819994712698816134802016829770, 1482325147457702468159823143680213652187569351286138083805013969811914250363757684179652678796321796214714035690980537349428590732092278746009250270258521633068903133943701865956587345654596392955506991875188714447515313674186154141574477648810830749710861160883779470727624963681298124207044604645586894944935188250799437821051146950923323694486208908126910396193143147617057452117434440, 1073944569333105438181791867596314791009893995006807041716732621128731874388542442188158365787935141357560318858115399309661013985400855951483701820802298923158420320542212001885547531926755086696264815613574223617224844756947868675570709056563446878165518911060298226542164286187100490988003816065727705387605543887704192701351555965943948016655258353937946582041932210448558124059081251820, 782905591043833864434526271477713482646212722359962333411498080802845536429247440355167448659404718049661472447566126096742879195357223988631618627364875914982488413675272549374564150774604458201577050582295609016956911827814996264491046902234752774182663286162957407149237764630396257930254781911915497227564441494136356479285284299173138104141683340020763058308568581416998872439070232576820, 574261251030652139562725020128902839520997031851032371557333842268887200970852997500515323591673360689426690040289753491960901889794523795661292263172136483639655251430812414966242804593172370090856766602113829213937894825702299760004182902789191159862983520400529258143965900356395655191841882532390017216418517835949017477555756033443496799387924729905229703269335054469368672934058015595097510, 423804803260621278997291064855130295566495809506061890209312375594438754316489512155380308810654940188796897249733838077067145594668358561198033690221036724926065575555939562245087189789761209127052293752360005959886166381368297222883086982258423075978881838055590592510246834463019993531579309308903832705716866162930374898436147952681300637948288450670059521012769270198394080625334815509181962420, 314675066421011299655488615654934244458123138558250953480414438878870775079993462775369879291911293090181696207927374772222355604041256231689540014989119768257603689850285124966977238418897697776836328111127304425215478538165960687990692084326879133914319764756276014938858274588792345197197637161861095783994773125975803362088839854865865723676604174622519194351981183122307604864311100515567607096890, 235062274616495440842649995894235880610217984503013462249869585842516468984755116693201299831057735938365727067321748954850099636218818405072086391196872466888429956318162988350331997098916580239296737099012096405635962468009972633929046986992178713033996864272938183159327131117827881862306634959910238550644095525103925111480363371584801695586423318443021838180929943792363780833640392085129002501376870, 176649299374296323793251471914518264278578815354014616880776993760651126442043470194940776823039888557681843891092294339569849876618442031411672922984449658866655112173099485745274495819835810049831497929907590448835425794709494434397678810724622302845048643501113044644234339035047653219523436172372544270809037787115599721277493073745978474233197123809930911392968852759961381296480754651974445379784717845, 133546870326968020787698112767375807794605584407635050361867407283052251590184863467375227278218155749607473981665774520714806506723542175747224729776243942103191264802863211223427518839795872397672612435010138379319581900800377792404645180907814460950856774486841461751041160310496025833959717746313643468731632567059393389285784763751959726520297025600307769013084452686530804260139450516892680707117246690860, 101562394883659179809044414759589301827797546942006455800200163238761237334335588666938860345084907447576483963056821523003610348363253824655764406994833517969476956882577472135416628077664760958430021756825210237472542035558687311123732660080392897553126576997242931661666802416132227646726365346071525857970406567248668672551839312833365372018685887969034058334450726268106676639836052118096883677762666108399070, 77695232085999272553918977291085815898265123410634938687153124877652346560766725330208228163989954197396010231738468465097761916497889175861659771351047641246649872015171766183593720479413542133198966643971285831666494657202395793009655484961500566628141831402890842721175103848341154149745669489744717281347361023945231534502157074317524509594294704296311054625854805595101607629474579870344116013488439572925288590, 59786481090176440230240653025490535333715012464483585319764329593353480678509995141595231572190269754896229873322751483892727794745125720825547194054631159939297076515674674078275367908908720671496604832535904447467367638717243562720929895677874686020355139264524503473944242411298518118229292672358559947996794307925855665799409868687335110132809774956011356534595272905430687070880689210229797272379354251366009570045, 46274736363796564738206265441729674348295419647510295037497591105255594045166736239594709236875268790289681921951809648532971313132727307918973528198284517793015937223132197736585134761495349799738372140382790042339742552367146517545999739254675006979754877790741965688832843626345053023509472528405525399749518794334612285328743238363997375242794765815952789957776741228803351792861653448717863088821620190557291407214870, 36024882259215625648693577646386551480147984195586764686691874675441479964162304162524481140907396753240517376239483811382918167273828209214920891702364497101862907128208415937931527411824129819096322711288002047961489577017823563909560797009764492933739172360092620288756368763109623778802124363363701523705000381389495664128426611066371956626515725187719246982129193046623409370742797209826856414647631318348851360516776335, 28207482808965834882927071297120669808955871625144436749679737870870678811939084159256668733330491657787325105595515824312824924975407487815283058202951401230758656281387189679400385963458293648352420682938505603553846338804955850541186104058645597967117771957952521686096236741514835418802063376513778293061015298627975105012558036464969242038561812821984170387007158155506129537291610215294428572669095322267150615284635870345, 22213392712060594970305068646482527474552748904801243940372793573310659564402028775414626627497762180507518520656468711646349628418133396654535408334824228469222441821592411872527803946223406248077531287814073162798653991808902732301184056946183408399105245416887610827800786433942932892306624909004600405785549547669530395197389453716163278105367427597312534179768137047461077010617143044544362500976912566285381109536650747896727, 17593007027951991216481614368014161759845777132602585200775252510062042375006406790128384288978227646961954668359923219623908905707161650150392043401180788947624173922701190203042020725408937748477404779948745944936533961512650963982537773101377259452091354370174987775618222855682802850706846927931643521382155241754268072996332447343201316259451002657071527070376364541589172992408777291279135100773714752498021838753027392334207824, 14012830097763761003927605844123279841717161486117959112417488624264416751692603008337258086171158320805196893348678844430443443395754254344787262569040498396782654529431497996722969507788218916662252907229176145141949300344826492812091336275246987153590763755844377763279914504551352470588003578097554064780886650057274520141578794308859848400652723616357471311554774357375776288453591112503831107766263800364674394566786317994196531856, 11224276908308772564146012281142747153215446350380485249046408388035797818105775009678143727023097814964962711572291754388785198159999157730174597317801439215822906278074629895375098575738363352246464578690570092258701389576206020742485160356472836710026201768431346588387211518145633328940990866056140805889490206695876890633404614241396738568922831616702334520555374260257996807051326481115568717320777304092104190047995840713351422016696, 9041155049642716300419612892460482831915042035231480868106881956562835142484201770295744772117105289954277464171481008160166477117879321551655638139489059288345351006989114380724641902757251680234527218135254209314383969303633949708071796667138869969926105524471449676945898877866307646461968142608221419143984361493528835405207416771445072917267340867253730456307353966637816428079843480538590601801886118446189925083660649694604570434448668, 7323335590210600203339886442892991093851184048537499503166574384815896465412203433939553265414855284862964745978899616609734846465482250456841066892986138023559734315661182648386959941233373860989967046689555909544651015135943499263538155300382484675640145474821874238326178091071709193634194195512659349506627332809758356678218007584870509062986546102475521669608956712976631306744673219236258387459527755941413839317765126252629702051903421120, 5964856838226533865620337507736341245941789407533793345329174836432547671078239696943766134680399629520884785599813737728629032446135292997097048984337209420189403600106033267111178872134583009776328159528643288324118251828225980150151827492161533768308898489242416567116672055177907138215051172245061040173147962573548181514408567177877029631802541800466312399896495242719466199343536337067932456585785357214281572124319695332766892321275336502280, 4885217750507531235943056418836063480426325524770176749824594191038256542613078311796944464303247296577604639406247451199747177573384804964622483118172174515135121548486841245764055496278223485006812762653958853137452848247317077742974346716080296156244987862689539168468554413190705946198126910068704991901808181347735960660300616518681287268446281734581909855515229603787242817262356260058636681943758207558496607569817830477536084811124500595367360, 4022976817542951972799106960911498276131079069648240553480553316320004262841869989764783766353724148731657420551044776062991800731682386888366614847814785713213772595178913765886699701185117039903110310045535115558692420531665613521339374520692123884667747504924835505233854559262546346694157510441578560831139037339860563603757557703134040065565513008428202766016791578718794460015550380158287307580684883924421956333744983398250965841961026240285021000, 3331024804925564233477660563634720572636533469668743178281898145912963529633068351525240958540883595149812344216265074580157211005833016343567557093990642570541003708808140598154187352581276909039775336717703075682597324200219127995669002103133078576504894934077763798333631575069388375062762418645627048368183122917404546663911257778194985174288244770978551890261903427179161812892875714771061890676807083889421379844340846253751799717143729726955997388040, 2773078150100532224370152419225904876719914113499228695919680206472542138419529402644763097985285592962218776560040674587980878162355986106019991280747209939975385587582777047963360971023913026775612967817487810505762272396682424056394444250858287914940325032619738362112748286245265822239749713522484517766512449828739285097706122100347325157594963771839644448643034603126652209233319032546909023988441897337943298720413754506248373264522154997690867825543340, 2321066411634145471797817574892082381814568112998854418484772332817517769857146110013666713013684041309377115980754044630139995021891960370738732701985414719759397736806784389145333132747015203411188054063237297393323021996023188935202149837968386984805052052302721009088370315587287493214670510218319541370570920506654781626780024197990711156906984677029782403514219962817007899128288030241762853078325868071858541028986312521729888422405043733067256369979775620, 1953177385390133414517863489271687324296959067088535993154935918065941203334788451576500539001015120761840843097804528556262805810922084651976643568720726486677533195522909063465797831206613293670514747494214185756481323009653513488972609088650397647713451302012739729147863620566702425540145234348715894063335429606349998738935390362609183438537227605720561892557216098710512147116454377448443440865411217982468962275891981987035701107453844301376096235337981184270, 1652388068040052868682112511923847476355227370756901450209075786683786258021231030033719455994858792164517353260742631158598333716040083615572240459137734607729193083412381067692064965200794846445255476380105201149983199266166872411670827288998236409965579801502777810859092622999430252006962868259013646377581773446972098933139340246767369189002494554439595361103404819509093276460520403321383150972137890413168742085404616761032203136905952278964177415095932081892460, 1405356051868064964814136691391232278640120878828744683402818956574560212447056991043678397323627402735922008948261607800387882825492091115044190510496643283873678717442230098072101252903276016901689782661279473578060710975874924986126038609293000066675725621178112528135658275861015429331921919454291106244133298316649770142635008879875647495246621618550875854618445798992483831629672603024836369901803275796400015143636626555257888767938512413259032891539090235649537270, 1201579424347195544916086871139503598237303351398576704309410207871248981642233727342345029711701429339213317650763674669331639815795737903362782886474630007711995303413106733851646571232300994450944764175393949909241907884373060863137763010945515057007745406107286211555987825861168192078793241133418895838733970060735553471952932592293678608435861483860998855698771158138573676043370075586235096266041800805922012947809315704745494896587428113336473122265922151480354365890, 1032757515226414570855376665744403342684962230527076677353938073665338499721499888650745553037207378517053846520831378378290544421676436727940311890924944491628459963283565237745490227974162704730587024808751099946993419826618645811866907307907670191498157176549212498832371536327674061091722790754173540973391847267202208209143545563076416763950622945378528516473093810420104074559276579966369065240662927792689970128642106848228752863616894463412698648587560089197364577482495, 892302493155622189219045439203164488079807367175394249233802495646852463759375903794244157824147175038734523393998310918843030380328441332940429473759152040766989408277000365412103556969676576887227189434760950354202314730198509981453007914032227045454407800538519598991169007387110388783248491211605939401010556038862707892700023366498024084053338224807048638232753052202969920419214965090942872367932769612884134191146780316869642474164996816388571632379651917066522994944875720, 774964715305657871336740963947948357897312698391829905459557467469291364775017972445301051070271821521140933567687533033015171885315251297658762997959823547406130301088574817360411939228164107026556814024089885382624710343177405918891937373336989188977153174767704271723830282915705372658251314617279758369777667919752261804809970293803533917000324248244921742305146025838279375884088197181483884651549610408789870545010978705201284488812299735033474462721727689972275221109624562860, 676544196461839321676974861526558916444353985696067507466193669100691361448590689944747817584347300187956035004591216337822245055880214382856100097218925956885551752850325815555639622946187265434184098643030469939031372129593875367192661326923191561977054721572205829214903836985410790330653397660885229056815904093943724555599104066490485109541283068717816681032392480556817895146808996139435431300802809886873556985794584409640721358733137668684223205956068273345796268028702243376820, 593667532395264004771545440989555449179920622448299237801584944635856669671138330426516209930264755914931420716528792336439020036534888120956227835309607527167071663126160903150073769135279325418496546559259237371500029043718625634711560314375100595634865518179610615136078116954697968515148356447426788497355955842435618297538213818345400683622475892799884137605924401688607702991324894112354590966454465675731546255034747819459732992288328304270405863226449909860936225195186218563159590, 523614763572622852208503078952787906176689988999399927740997921168825582649944007436187297158493514716969513071978394840739215672223771322683392950743073838961357206877273916578365064377316365019113954065266647361663025616559827809815596197278838725349951387034416562550020899154043608230360850386630427454667953053028215338428704587780643402955023737449497809368425322289351994038348556607096749232412838725995223796940647576763484499198305564366497971365728820497345750622154244772706758420, 464184487907130158482837979491646478825635675247968035942394657116163879019175362592180038931004500796593473338308847026315314693426373277558827850833734958239243163896703327046720629570490957589444520278858882886114272209080287353401526028887690530022731904606010282700593527100059658696214893867747873938563140381509512897517046617067540376719628543248979808005109048209510542714995995432191268194533981530594765895987884076800829008539297882810900451615718599370897007926539737991004541339370, 413588378725252971208208639727057012633641386645939520024673639490502016206085248069632414687525010209764784744433182700446945391842898590304915615092857847791165659031962664398628080947307443212195067568463264651527816538290536031880759691738932262250254127003955161886228832646153155898327470436163355679259758079924975991687688535807178475657189032034841008932552161954673893559061431930082419961329777543759936413325204712429538646608514413584512302389605272039469234062546906549985046333378710, 370368393148464035716950836875579554813425861741438840182095244163744555512549339646355827352678646642844364738639915108250239598395315687618051933315654202696988847663122565968971446488313815396520683007558853495443159710039175016549220303952213840845102570732041847469117919634630151106952249775584285010777113360572816000556325083815328324951012778187200123499100461030410471682139512293388807075370815790437023058132720819980651858037924657364930766789891521111344699103010754815511608991540634845]
len(predicted_full) = 200, len(input_sequence + seq_pred) = 200
is_manual_check: False
