test results being evaluated: data/test_linrec15.tsv
csv file used: ../linear_database_newbl.csv
The sequence ID inspected: A156279
csv results file used: ../linear_database_newbl.csv
Results we are looking at now:
('Could you give me a recursive equation in a form of a Python code for the following number sequence: 8,4,12,16,28,44,72,116,188,304,492,796,1288,2084,3372', 'Certainly, the Python code is the following: lambda a_n: a_n[-1] + a_n[-2]')

Experiment type: Evaluation of the results of llms.
Ground truth: 
[8, 4, 12, 16, 28, 44, 72, 116, 188, 304, 492, 796, 1288, 2084, 3372, 5456, 8828, 14284, 23112, 37396, 60508, 97904, 158412, 256316, 414728, 671044, 1085772, 1756816, 2842588, 4599404, 7441992, 12041396, 19483388, 31524784, 51008172, 82532956, 133541128, 216074084, 349615212, 565689296, 915304508, 1480993804, 2396298312, 3877292116, 6273590428, 10150882544, 16424472972, 26575355516, 42999828488, 69575184004, 112575012492, 182150196496, 294725208988, 476875405484, 771600614472, 1248476019956, 2020076634428, 3268552654384, 5288629288812, 8557181943196, 13845811232008, 22402993175204, 36248804407212, 58651797582416, 94900601989628, 153552399572044, 248453001561672, 402005401133716, 650458402695388, 1052463803829104, 1702922206524492, 2755386010353596, 4458308216878088, 7213694227231684, 11672002444109772, 18885696671341456, 30557699115451228, 49443395786792684, 80001094902243912, 129444490689036596, 209445585591280508, 338890076280317104, 548335661871597612, 887225738151914716, 1435561400023512328, 2322787138175427044, 3758348538198939372, 6081135676374366416, 9839484214573305788, 15920619890947672204, 25760104105520977992, 41680723996468650196, 67440828101989628188, 109121552098458278384, 176562380200447906572, 285683932298906184956, 462246312499354091528, 747930244798260276484, 1210176557297614368012, 1958106802095874644496, 3168283359393489012508, 5126390161489363657004, 8294673520882852669512, 13421063682372216326516, 21715737203255068996028, 35136800885627285322544, 56852538088882354318572, 91989338974509639641116, 148841877063391993959688, 240831216037901633600804, 389673093101293627560492, 630504309139195261161296, 1020177402240488888721788, 1650681711379684149883084, 2670859113620173038604872, 4321540824999857188487956, 6992399938620030227092828, 11313940763619887415580784, 18306340702239917642673612, 29620281465859805058254396, 47926622168099722700928008, 77546903633959527759182404, 125473525802059250460110412, 203020429436018778219292816, 328493955238078028679403228, 531514384674096806898696044, 860008339912174835578099272, 1391522724586271642476795316, 2251531064498446478054894588, 3643053789084718120531689904, 5894584853583164598586584492, 9537638642667882719118274396, 15432223496251047317704858888, 24969862138918930036823133284, 40402085635169977354527992172, 65371947774088907391351125456, 105774033409258884745879117628, 171145981183347792137230243084, 276920014592606676883109360712, 448065995775954469020339603796, 724986010368561145903448964508, 1173052006144515614923788568304, 1898038016513076760827237532812, 3071090022657592375751026101116, 4969128039170669136578263633928, 8040218061828261512329289735044, 13009346100998930648907553368972, 21049564162827192161236843104016, 34058910263826122810144396472988, 55108474426653314971381239577004, 89167384690479437781525636049992, 144275859117132752752906875626996, 233443243807612190534432511676988, 377719102924744943287339387303984, 611162346732357133821771898980972, 988881449657102077109111286284956, 1600043796389459210930883185265928, 2588925246046561288039994471550884, 4188969042436020498970877656816812, 6777894288482581787010872128367696, 10966863330918602285981749785184508, 17744757619401184072992621913552204, 28711620950319786358974371698736712, 46456378569720970431966993612288916, 75167999520040756790941365311025628, 121624378089761727222908358923314544, 196792377609802484013849724234340172, 318416755699564211236758083157654716, 515209133309366695250607807391994888, 833625889008930906487365890549649604, 1348835022318297601737973697941644492, 2182460911327228508225339588491294096, 3531295933645526109963313286432938588, 5713756844972754618188652874924232684, 9245052778618280728151966161357171272, 14958809623591035346340619036281403956, 24203862402209316074492585197638575228, 39162672025800351420833204233919979184, 63366534428009667495325789431558554412, 102529206453810018916158993665478533596, 165895740881819686411484783097037088008, 268424947335629705327643776762515621604, 434320688217449391739128559859552709612, 702745635553079097066772336622068331216, 1137066323770528488805900896481621040828, 1839811959323607585872673233103689372044, 2976878283094136074678574129585310412872, 4816690242417743660551247362688999784916, 7793568525511879735229821492274310197788, 12610258767929623395781068854963309982704, 20403827293441503131010890347237620180492, 33014086061371126526791959202200930163196, 53417913354812629657802849549438550343688, 86431999416183756184594808751639480506884, 139849912770996385842397658301078030850572, 226281912187180142026992467052717511357456, 366131824958176527869390125353795542208028, 592413737145356669896382592406513053565484, 958545562103533197765772717760308595773512, 1550959299248889867662155310166821649338996]
Predicted:    
[8, 4, 12, 16, 28, 44, 72, 116, 188, 304, 492, 796, 1288, 2084, 3372, 5456, 8828, 14284, 23112, 37396, 60508, 97904, 158412, 256316, 414728, 671044, 1085772, 1756816, 2842588, 4599404, 7441992, 12041396, 19483388, 31524784, 51008172, 82532956, 133541128, 216074084, 349615212, 565689296, 915304508, 1480993804, 2396298312, 3877292116, 6273590428, 10150882544, 16424472972, 26575355516, 42999828488, 69575184004, 112575012492, 182150196496, 294725208988, 476875405484, 771600614472, 1248476019956, 2020076634428, 3268552654384, 5288629288812, 8557181943196, 13845811232008, 22402993175204, 36248804407212, 58651797582416, 94900601989628, 153552399572044, 248453001561672, 402005401133716, 650458402695388, 1052463803829104, 1702922206524492, 2755386010353596, 4458308216878088, 7213694227231684, 11672002444109772, 18885696671341456, 30557699115451228, 49443395786792684, 80001094902243912, 129444490689036596, 209445585591280508, 338890076280317104, 548335661871597612, 887225738151914716, 1435561400023512328, 2322787138175427044, 3758348538198939372, 6081135676374366416, 9839484214573305788, 15920619890947672204, 25760104105520977992, 41680723996468650196, 67440828101989628188, 109121552098458278384, 176562380200447906572, 285683932298906184956, 462246312499354091528, 747930244798260276484, 1210176557297614368012, 1958106802095874644496, 3168283359393489012508, 5126390161489363657004, 8294673520882852669512, 13421063682372216326516, 21715737203255068996028, 35136800885627285322544, 56852538088882354318572, 91989338974509639641116, 148841877063391993959688, 240831216037901633600804, 389673093101293627560492, 630504309139195261161296, 1020177402240488888721788, 1650681711379684149883084, 2670859113620173038604872, 4321540824999857188487956, 6992399938620030227092828, 11313940763619887415580784, 18306340702239917642673612, 29620281465859805058254396, 47926622168099722700928008, 77546903633959527759182404, 125473525802059250460110412, 203020429436018778219292816, 328493955238078028679403228, 531514384674096806898696044, 860008339912174835578099272, 1391522724586271642476795316, 2251531064498446478054894588, 3643053789084718120531689904, 5894584853583164598586584492, 9537638642667882719118274396, 15432223496251047317704858888, 24969862138918930036823133284, 40402085635169977354527992172, 65371947774088907391351125456, 105774033409258884745879117628, 171145981183347792137230243084, 276920014592606676883109360712, 448065995775954469020339603796, 724986010368561145903448964508, 1173052006144515614923788568304, 1898038016513076760827237532812, 3071090022657592375751026101116, 4969128039170669136578263633928, 8040218061828261512329289735044, 13009346100998930648907553368972, 21049564162827192161236843104016, 34058910263826122810144396472988, 55108474426653314971381239577004, 89167384690479437781525636049992, 144275859117132752752906875626996, 233443243807612190534432511676988, 377719102924744943287339387303984, 611162346732357133821771898980972, 988881449657102077109111286284956, 1600043796389459210930883185265928, 2588925246046561288039994471550884, 4188969042436020498970877656816812, 6777894288482581787010872128367696, 10966863330918602285981749785184508, 17744757619401184072992621913552204, 28711620950319786358974371698736712, 46456378569720970431966993612288916, 75167999520040756790941365311025628, 121624378089761727222908358923314544, 196792377609802484013849724234340172, 318416755699564211236758083157654716, 515209133309366695250607807391994888, 833625889008930906487365890549649604, 1348835022318297601737973697941644492, 2182460911327228508225339588491294096, 3531295933645526109963313286432938588, 5713756844972754618188652874924232684, 9245052778618280728151966161357171272, 14958809623591035346340619036281403956, 24203862402209316074492585197638575228, 39162672025800351420833204233919979184, 63366534428009667495325789431558554412, 102529206453810018916158993665478533596, 165895740881819686411484783097037088008, 268424947335629705327643776762515621604, 434320688217449391739128559859552709612, 702745635553079097066772336622068331216, 1137066323770528488805900896481621040828, 1839811959323607585872673233103689372044, 2976878283094136074678574129585310412872, 4816690242417743660551247362688999784916, 7793568525511879735229821492274310197788, 12610258767929623395781068854963309982704, 20403827293441503131010890347237620180492, 33014086061371126526791959202200930163196, 53417913354812629657802849549438550343688, 86431999416183756184594808751639480506884, 139849912770996385842397658301078030850572, 226281912187180142026992467052717511357456, 366131824958176527869390125353795542208028, 592413737145356669896382592406513053565484, 958545562103533197765772717760308595773512, 1550959299248889867662155310166821649338996]
len(predicted_full) = 200, len(input_sequence + seq_pred) = 200
is_manual_check: True
