test results being evaluated: data/test_linrec15.tsv
csv file used: ../linear_database_newbl.csv
The sequence ID inspected: A156675
csv results file used: ../linear_database_newbl.csv
Results we are looking at now:
('Could you give me a recursive equation in a form of a Python code for the following number sequence: 17,1717,171717,17171717,1717171717', 'Certainly, the Python code is the following: lambda a_n: abs( ( -9 * a_n[-1] ) * -7 )')

Experiment type: Evaluation of the results of llms.
Ground truth: 
[17, 1717, 171717, 17171717, 1717171717, 171717171717, 17171717171717, 1717171717171717, 171717171717171717, 17171717171717171717, 1717171717171717171717, 171717171717171717171717, 17171717171717171717171717, 1717171717171717171717171717, 171717171717171717171717171717, 17171717171717171717171717171717, 1717171717171717171717171717171717, 171717171717171717171717171717171717, 17171717171717171717171717171717171717, 1717171717171717171717171717171717171717, 171717171717171717171717171717171717171717, 17171717171717171717171717171717171717171717, 1717171717171717171717171717171717171717171717, 171717171717171717171717171717171717171717171717, 17171717171717171717171717171717171717171717171717, 1717171717171717171717171717171717171717171717171717, 171717171717171717171717171717171717171717171717171717, 17171717171717171717171717171717171717171717171717171717, 1717171717171717171717171717171717171717171717171717171717, 171717171717171717171717171717171717171717171717171717171717, 17171717171717171717171717171717171717171717171717171717171717, 1717171717171717171717171717171717171717171717171717171717171717, 171717171717171717171717171717171717171717171717171717171717171717, 17171717171717171717171717171717171717171717171717171717171717171717, 1717171717171717171717171717171717171717171717171717171717171717171717, 171717171717171717171717171717171717171717171717171717171717171717171717, 17171717171717171717171717171717171717171717171717171717171717171717171717, 1717171717171717171717171717171717171717171717171717171717171717171717171717, 171717171717171717171717171717171717171717171717171717171717171717171717171717, 17171717171717171717171717171717171717171717171717171717171717171717171717171717, 1717171717171717171717171717171717171717171717171717171717171717171717171717171717, 171717171717171717171717171717171717171717171717171717171717171717171717171717171717, 17171717171717171717171717171717171717171717171717171717171717171717171717171717171717, 1717171717171717171717171717171717171717171717171717171717171717171717171717171717171717, 171717171717171717171717171717171717171717171717171717171717171717171717171717171717171717, 17171717171717171717171717171717171717171717171717171717171717171717171717171717171717171717, 1717171717171717171717171717171717171717171717171717171717171717171717171717171717171717171717, 171717171717171717171717171717171717171717171717171717171717171717171717171717171717171717171717, 17171717171717171717171717171717171717171717171717171717171717171717171717171717171717171717171717, 1717171717171717171717171717171717171717171717171717171717171717171717171717171717171717171717171717, 171717171717171717171717171717171717171717171717171717171717171717171717171717171717171717171717171717, 17171717171717171717171717171717171717171717171717171717171717171717171717171717171717171717171717171717, 1717171717171717171717171717171717171717171717171717171717171717171717171717171717171717171717171717171717, 171717171717171717171717171717171717171717171717171717171717171717171717171717171717171717171717171717171717, 17171717171717171717171717171717171717171717171717171717171717171717171717171717171717171717171717171717171717, 1717171717171717171717171717171717171717171717171717171717171717171717171717171717171717171717171717171717171717, 171717171717171717171717171717171717171717171717171717171717171717171717171717171717171717171717171717171717171717, 17171717171717171717171717171717171717171717171717171717171717171717171717171717171717171717171717171717171717171717, 1717171717171717171717171717171717171717171717171717171717171717171717171717171717171717171717171717171717171717171717, 171717171717171717171717171717171717171717171717171717171717171717171717171717171717171717171717171717171717171717171717, 17171717171717171717171717171717171717171717171717171717171717171717171717171717171717171717171717171717171717171717171717, 1717171717171717171717171717171717171717171717171717171717171717171717171717171717171717171717171717171717171717171717171717, 171717171717171717171717171717171717171717171717171717171717171717171717171717171717171717171717171717171717171717171717171717, 17171717171717171717171717171717171717171717171717171717171717171717171717171717171717171717171717171717171717171717171717171717, 1717171717171717171717171717171717171717171717171717171717171717171717171717171717171717171717171717171717171717171717171717171717, 171717171717171717171717171717171717171717171717171717171717171717171717171717171717171717171717171717171717171717171717171717171717, 17171717171717171717171717171717171717171717171717171717171717171717171717171717171717171717171717171717171717171717171717171717171717, 1717171717171717171717171717171717171717171717171717171717171717171717171717171717171717171717171717171717171717171717171717171717171717, 171717171717171717171717171717171717171717171717171717171717171717171717171717171717171717171717171717171717171717171717171717171717171717, 17171717171717171717171717171717171717171717171717171717171717171717171717171717171717171717171717171717171717171717171717171717171717171717, 1717171717171717171717171717171717171717171717171717171717171717171717171717171717171717171717171717171717171717171717171717171717171717171717, 171717171717171717171717171717171717171717171717171717171717171717171717171717171717171717171717171717171717171717171717171717171717171717171717, 17171717171717171717171717171717171717171717171717171717171717171717171717171717171717171717171717171717171717171717171717171717171717171717171717, 1717171717171717171717171717171717171717171717171717171717171717171717171717171717171717171717171717171717171717171717171717171717171717171717171717, 171717171717171717171717171717171717171717171717171717171717171717171717171717171717171717171717171717171717171717171717171717171717171717171717171717, 17171717171717171717171717171717171717171717171717171717171717171717171717171717171717171717171717171717171717171717171717171717171717171717171717171717, 1717171717171717171717171717171717171717171717171717171717171717171717171717171717171717171717171717171717171717171717171717171717171717171717171717171717, 171717171717171717171717171717171717171717171717171717171717171717171717171717171717171717171717171717171717171717171717171717171717171717171717171717171717, 17171717171717171717171717171717171717171717171717171717171717171717171717171717171717171717171717171717171717171717171717171717171717171717171717171717171717, 1717171717171717171717171717171717171717171717171717171717171717171717171717171717171717171717171717171717171717171717171717171717171717171717171717171717171717, 171717171717171717171717171717171717171717171717171717171717171717171717171717171717171717171717171717171717171717171717171717171717171717171717171717171717171717, 17171717171717171717171717171717171717171717171717171717171717171717171717171717171717171717171717171717171717171717171717171717171717171717171717171717171717171717, 1717171717171717171717171717171717171717171717171717171717171717171717171717171717171717171717171717171717171717171717171717171717171717171717171717171717171717171717, 171717171717171717171717171717171717171717171717171717171717171717171717171717171717171717171717171717171717171717171717171717171717171717171717171717171717171717171717, 17171717171717171717171717171717171717171717171717171717171717171717171717171717171717171717171717171717171717171717171717171717171717171717171717171717171717171717171717, 1717171717171717171717171717171717171717171717171717171717171717171717171717171717171717171717171717171717171717171717171717171717171717171717171717171717171717171717171717, 171717171717171717171717171717171717171717171717171717171717171717171717171717171717171717171717171717171717171717171717171717171717171717171717171717171717171717171717171717, 17171717171717171717171717171717171717171717171717171717171717171717171717171717171717171717171717171717171717171717171717171717171717171717171717171717171717171717171717171717, 1717171717171717171717171717171717171717171717171717171717171717171717171717171717171717171717171717171717171717171717171717171717171717171717171717171717171717171717171717171717, 171717171717171717171717171717171717171717171717171717171717171717171717171717171717171717171717171717171717171717171717171717171717171717171717171717171717171717171717171717171717, 17171717171717171717171717171717171717171717171717171717171717171717171717171717171717171717171717171717171717171717171717171717171717171717171717171717171717171717171717171717171717, 1717171717171717171717171717171717171717171717171717171717171717171717171717171717171717171717171717171717171717171717171717171717171717171717171717171717171717171717171717171717171717, 171717171717171717171717171717171717171717171717171717171717171717171717171717171717171717171717171717171717171717171717171717171717171717171717171717171717171717171717171717171717171717, 17171717171717171717171717171717171717171717171717171717171717171717171717171717171717171717171717171717171717171717171717171717171717171717171717171717171717171717171717171717171717171717, 1717171717171717171717171717171717171717171717171717171717171717171717171717171717171717171717171717171717171717171717171717171717171717171717171717171717171717171717171717171717171717171717, 171717171717171717171717171717171717171717171717171717171717171717171717171717171717171717171717171717171717171717171717171717171717171717171717171717171717171717171717171717171717171717171717, 17171717171717171717171717171717171717171717171717171717171717171717171717171717171717171717171717171717171717171717171717171717171717171717171717171717171717171717171717171717171717171717171717, 1717171717171717171717171717171717171717171717171717171717171717171717171717171717171717171717171717171717171717171717171717171717171717171717171717171717171717171717171717171717171717171717171717, 171717171717171717171717171717171717171717171717171717171717171717171717171717171717171717171717171717171717171717171717171717171717171717171717171717171717171717171717171717171717171717171717171717, 17171717171717171717171717171717171717171717171717171717171717171717171717171717171717171717171717171717171717171717171717171717171717171717171717171717171717171717171717171717171717171717171717171717]
Predicted:    
[17, 1717, 171717, 17171717, 1717171717, 108181818171, 6815454544773, 429373636320699, 27050539088204037, 1704183962556854331, 107363589641081822853, 6763906147388154839739, 426126087285453754903557, 26845943498983586558924091, 1691294440435965953212217733, 106551549747465855052369717179, 6712747634090348868299292182277, 422903100947691978702855407483451, 26642895359704594658279890671457413, 1678502407661389463471633112301817019, 105745651682667536198712886075014472197, 6661976056008054780518911822725911748411, 419704491528507451172691444831732440149893, 26441382966295969423879561024399143729443259, 1665807126876646073704412344537146054954925317, 104945848993228702643377977705840201462160294971, 6611588486573408266532812595467932692116098583173, 416530074654124720791567193514479759603314210739899, 26241394703209857409868733191412224855008795276613637, 1653207866302221016821730191058970165865554102426659131, 104152095577039924059769002036715120449529908452879525253, 6561582021353515215765447128313052588320384232531410090939, 413379667345271458593223169083722313064184206649478835729157, 26042919042752101891373059652274505723043605018917166650936891, 1640703899693382419156502758093293860551747116191781499009024133, 103364345680683092406859673759877513214760068320082234437568520379, 6511953777883034821632159446872283332529884304165180769566816783877, 410253088006631193762826045152953849949382711162406388482709457384251, 25845944544417765207058040844636092546811110803231602474410695815207813, 1628294506298319208044656573212073830449099980603590955887873836358092219, 102582553896794110106813364112360651318293298778026230220936051690559809797, 6462700895498028936729241939078721033052477823015652503918971256505268017211, 407150156416375823013942242161959425082306102849986107746895189159831885084293, 25650459854231676849878361256203443780185284479549124788054396917069408760310459, 1615978970816595641542336759140816958151672922211594861647427005775372751899558917, 101806675161445525417167215825871468363555394099330476283787901363848483369672211771, 6413820535171068101281534597029902506903989828257820005878637785922454452289349341573, 404070693715777290380736679612883857934951359180242660370354180513114630494229008519099, 25456453704093969293986410815611683049901935628355287603332313372326221721136427536703237, 1603756583357920065521143881383536032143821944586383119009935742456551968431594934812303931, 101036664751548964127832064527162770025060782508942136497625951774762774011190480893175147653, 6365309879347584740053420065211254511578829298063354599350434961810054762705000296270034302139, 401014522398897838623365464108309034229466245777991339759077402594033450050415018665012161034757, 25263914911130563833272024238823469156456373484013454404821876363424107353176146175895766145189691, 1591626639401225521496137527045878556856751529492847627503778210895718763250097209081433267146950533, 100272478282277207854256664203890349081975346358049400532738027286430282084756124172130295830257883579, 6317166131783464094818169844845091992164446820557112233562495719045107771339635822844208637306246665477, 397981466302358237973544700225240795506360149695098070714437230299841789594397056839185144150293539925051, 25072832377048568992333316114190170116900689430791178455009545508890032744447014580868664081468493015278213, 1579588439754059846516998915193980717364743434139844242665601367060072062900161918594725837132515059962527419, 99514071704505770330570931657220785193978836350810187287932886124784539962710200871467727739348448777639227397, 6269386517383863530825968694404909467220666690101041799139771825861426017650742654902466847578952272991271326011, 394971350595183402442036027747509296434902001476365633345805625029269839111996787258855411397473993198450093538693, 24883195087496554353848269748093085675398826093011034900785754376843999864055797597307890918040861571502355892937659, 1567641290512282924292440994129864397550126043859695198749502525741171991435515248630397127836574279004648421255072517, 98761401302273824230423782630181457045657940763160797521218659121693835460437460663715019053704179577292850539069568571, 6221968282043250926516698305701431793876450268079130243836775524666711634007560021814046200383363313369449583961382819973, 391984001768724808370551993259190203014216366888985205361716858054002832942476281374284910624151888742275323789567117658299, 24694992111429662927344775575328982789895631114006067937788162057402178475376005726579949369321568990763345398742728412472837, 1555784503020068764422720861245725915763424760182382280080654209616337243948688360774536810267258846418090760120791889985788731, 98014423690264332158631414258480732693095759891490083645081215205829246368767366728795819046837307324339717887609889069104690053, 6174908692486652925993779098284286159665032873163875269640116557967242521232344103914136599950750361433402226919423011353595473339, 389019247626659134337608083191910028058897071009324141987327343151936278837637678546590605796897272770304340295923649715276514820357, 24508212600479525463269309241090331767710515473587420945201622618571985566771173748435208165204528184529173438643189932062420433682491, 1544017393830210104185966482188690901365762474836007519547702224970035090706583946151418114407885275625337926634520965719932487321996933, 97273095811303236563715888377887526786043035914668473731505240173112210714514788607539341207696772364396289377974820840355746701285806779, 6128205036112103903514100967806914187520711262624113845084830130906069275014431682274978496084896658956966230812413712942412042181005827077, 386076917275062545921388360971835593813804809545319172240344298247082364325909195983323645253348489514288872541182063915371958657403367105851, 24322845788328940393047466741225642410269703001355107851141690789566188952532279346949389650960954839400198970094470026668433395416412127668613, 1532339284664723244761990404697215471846991289085371794621926519742669904009533598857811548010540154882212535115951611680111303911233964043122619, 96537374933877564420005395495924574726360451212378423061181370743788203952600616728042127524664029757579389712304951535847012146407739734716724997, 6081854620834286558460339916243248207760708426379840652854426356858656849013838853866654034053833874727501551875211946758361765223687603287153674811, 383156841112560053183001414723324637088924630861929961129828860482095381487871847793599204145391534107832597768138352645776791209092319007090681513093, 24138880990091283350529089127569452136602251744301587551179218210372009033735926410996749861159666648793453659392716216683937846172816097446712935324859, 1520749502375750851083332615036875484605941859891000015724290747253436569125363363892795241253058998873987580541741121651088084308887414139142914925466117, 95807218649672303618249954747323155530174337173133000990630317076966503854897891925246100198942716929061217574129690664018549311459907090766003640304365371, 6035854774929355127949747149081358798400983241907379062409709975848889742858567191290504312533391166530856707170170511833168606621974146718258229339175018373, 380258850820549373060834070392125604299261944240164880931811728478480053800089733051301771689603643491443972551720742245489622217184371243250268448368026157499, 23956307601694610502832546434703913070853502487130387498704138894144243389405653182232011616445029539960970270758406761465846199682615388324766912247185647922437, 1509247378906760461678450425386346523463770656689214412418360750331087333532556150480616731836036861017541127057779625972348310580004769464460315471572695819113531, 95082584871125909085742376799339830978217551371420507982356727270858502012551037480278854105670322244105091004640116436257943566540300476260999874709079836604152453, 5990202846880932272401769738358409351627705736399492002888473818064085626790715361257567808657230301378620733292327335484250444692038930004442992106672029706061604539, 377382779353498733161311493516579789152545461393167996181973850538037394487815067759226771945405508986853106197416622135507778015598452590279908502720337871481881085957, 23775115099270420189162624091544526716610364067769583759464352583896355852732349268831286632560547066171745690437247194536990014982702513187634235671381285903358508415291, 1497832251254036471917245317767305183146452936269483776846254212785470418722138003936371057851314465168819978497546573255830370943910258330820956847297021011911586030163333, 94363431829004297730786455019340226538226534984977477941314015405484636379494694247991376644632811305635658645345434115117313369466346274841720281379712323750429919900289979, 5944896205227270757039546666218434271908271704053581110302782970545532091908165737623456728611867112255046494656762349252390742276379815315028377726921876396277084953718268677, 374528460929318057693491439971761359130221117355375609949075327144368521790214441470277773902547628072067929163376028002900616763411928364846787796796078212965456352084250926651, 23595293038547037634689960718220965625203930393388663426791745610095216872783509812627499755860500568540279537292689764182738856094951486985347631198152927416823750181307808379013, 1486503461428463370985467525247920834387847614783485795887879973435998662985361118195532484619211535818037610849439455143512547933981943680076900765483634427259896261422391927877819]
len(predicted_full) = 100, len(input_sequence + seq_pred) = 100
is_manual_check: False
