test results being evaluated: data/test_linrec15.tsv
csv file used: ../linear_database_newbl.csv
The sequence ID inspected: A157060
csv results file used: ../linear_database_newbl.csv
Results we are looking at now:
('Could you give me a recursive equation in a form of a Python code for the following number sequence: 2,66,1212,15620,155850,1272810,8823080,53265960,285510150,1379301990,6078578508', 'Certainly, the Python code is the following: lambda a_n: 2 % a_n[-1] * 9 * n')

Experiment type: Evaluation of the results of llms.
Ground truth: 
[2, 66, 1212, 15620, 155850, 1272810, 8823080, 53265960, 285510150, 1379301990, 6078578508, 24680519604, 93093230958, 328512273390, 1091144804400, 3429182092560, 10244035242630, 29206656395910, 79759293448100, 209294745286620, 529244674992222, 1292986222651646, 3059000328006312, 7023070170402600, 15677116400829650, 34084184942296242, 72289879424643636, 149786240635178252, 303610009666655370, 602758415976923850, 1173396885194646560, 2242202047912186080, 4209712158409065210, 7772608216802526650, 14124686337489935340, 25282735247881319508, 44608224481707201954, 77632358572786641858, 133345886709980192040, 226193352868905599400, 379124273790705666510, 628214795343835069230, 1029601387463447404860, 1669788291963834188100, 2680836476183238990870, 4262558642359411221782, 6714691694623273847376, 10483172845268383890672, 16226209913927156169950, 24907942311608525171550, 37930307096826820064532, 57317473186951501893356, 85972165972682396760342, 128029729895440097970870, 189344318258630327714600, 278152725086211286373160, 405975795252465308267130, 588835956177783346238810, 848893314598349099388900, 1216633328386392934430940, 1733777992238944179021458, 2457141854827054739939154, 3463716574106430235046208, 4857346246705369739125440, 6777454229911680071497650, 9410405242184498402541810, 13004239788173064586612380, 17887708176968080892058660, 24494766737316669831425850, 33395989063658427961313370, 45338701963769072957380392, 61298093206463103924521256, 82542072840598848741098582, 110713321560127797895034550, 147932751772868924687030700, 196929567417929651896844372, 261204269874159288372057726, 345232358005822288152041982, 454718155715137896498827120, 596910223305118547954715600, 780992231478522139840741110, 1018566071254829537636874230, 1324247423758132957005280260, 1716398118714293175622731900, 2218024483335127638653083790, 2857876655828759684051309358, 3671790662442887510010913704, 4704323109643430127303924008, 6010737826507177208136741090, 7659414939953700270330451650, 9734765945053652724187517460, 12340753651705492657762241580, 15605133799476438502248798810, 19684556036862901488493373850, 24770686319216185914248289120, 31097541115080709954685403552, 38950256720272102416352479786, 48675555140955664653418008042, 60694212191401957148151453900, 75515884532264530147822762100, 93756711340082526684158607762, 116160174266763517157282317746, 143621777582525270104998437672, 177218200322665317013346814120, 218241675483955226847431464350, 268240469648498215757801158910, 329066471884313421084872500380, 402931055665528544741138553060, 492470554431648901257671978150, 600822893134392965613487476390, 731717147913992766844303928208, 889578067496205104781614493104, 1079647887018466160386417687758, 1308128102255576320817150118990, 1582344254612943163000971638900, 1910937210347253768671043512460, 2304084907445246642090845573830, 2773759097316102467759097374310, 3334022233567320297331974594600, 4001370365110007938583433678120, 4795128685069611074905622346762, 5737907280865470667647615839466, 6856125635880279267536613242052, 8180615562098976931730618485500, 9747313510020808017989537633250, 11598054622564684987307648759202, 13781482490722910045195785164416, 16354090349247480592225731606912, 19381411441464507384612226934370, 22939378506281753882477399410850, 27115874822736957812867378280060, 32012502015670837730803252448580, 37746592910647699665828358103210, 44453501160387737508441888712650, 52289203185228939609164958291240, 61433252216506198181091206868008, 72092128948020707872133710354854, 84503038534898522449916391869958, 98938209483505620592902686064140, 115709756407959031144635646086900, 135175175750679011197570242503310, 157743551444605096658374150223630, 183882556207572242560123474154160, 214126343786029491545933377875600, 249084438094141950761706061152870, 289451736921537132961920255698022, 336019760813190891171385399901796, 389689291971987991745809355043612, 451484563721995967267300433724350, 522569178332761569941975003949150, 604263949987759636854751139073192, 698066890541649934323021147773736, 805675578622712812779565032329202, 929012177784575082337331572540370, 1070251396996384426090381120730100, 1231851717000839029537926594378060, 1416590239200686955789799809644330, 1627601550011431652436552438159210, 1868421033316590321130637191370400, 2143033107079663998100656675935840, 2455924907625464046075778396551258, 2812145996949556932362388187548954, 3217374725022621209841251226248108, 3677991940830027416561025076731540, 4201162813260896835897005088235650, 4794927596403808021124807152399010, 5468302253822699648203488646365480, 6231389943519337548044528827752360, 7095504460122092737144110537354350, 8073306834002824065051865283985870, 9178956399189488201059456026190332, 10428277763837037242163066670278276, 11838945249422150946993643283463222, 13430686508574553032786595765552950, 15225507187446302611549816757614800, 17247938667712876044682299824069232, 19525311106727831738508045456694206, 22088054193122143037564539239316542, 24970028250434482652356262492209620, 28208888554448385867741750945197100, 31846485982154221159465071148033910, 35929307383101279140144399788260630, 40508959358912260896910562359819560, 45642699455560818059176707952111400, 51394019117438780315371094532417690, 57833283124161089054063626684270458, 65038430632500188422370292984810404, 73095743378971834146922737991719708, 82100687065720733069859237848688690, 92158832455941465790935166985937650, 103386863247746122054693036957978560, 115913678379957304153523614013858880, 129881597052750395753428599638715410, 145447675423574548676911549950080850, 162785144667737204835559422913174620, 182084980877051143025301977890926692, 203557618112857483054681998818202906, 227434816835640373598680088174733882, 253971700906687314611731688938453800, 283448977402446937610282619971260200]
Predicted:    
[2, 66, 1212, 15620, 155850, 1272810, 8823080, 53265960, 285510150, 1379301990, 6078578508, 198, 216, 234, 252, 270, 288, 306, 324, 342, 360, 378, 396, 414, 432, 450, 468, 486, 504, 522, 540, 558, 576, 594, 612, 630, 648, 666, 684, 702, 720, 738, 756, 774, 792, 810, 828, 846, 864, 882, 900, 918, 936, 954, 972, 990, 1008, 1026, 1044, 1062, 1080, 1098, 1116, 1134, 1152, 1170, 1188, 1206, 1224, 1242, 1260, 1278, 1296, 1314, 1332, 1350, 1368, 1386, 1404, 1422, 1440, 1458, 1476, 1494, 1512, 1530, 1548, 1566, 1584, 1602, 1620, 1638, 1656, 1674, 1692, 1710, 1728, 1746, 1764, 1782, 1800, 1818, 1836, 1854, 1872, 1890, 1908, 1926, 1944, 1962, 1980, 1998, 2016, 2034, 2052, 2070, 2088, 2106, 2124, 2142, 2160, 2178, 2196, 2214, 2232, 2250, 2268, 2286, 2304, 2322, 2340, 2358, 2376, 2394, 2412, 2430, 2448, 2466, 2484, 2502, 2520, 2538, 2556, 2574, 2592, 2610, 2628, 2646, 2664, 2682, 2700, 2718, 2736, 2754, 2772, 2790, 2808, 2826, 2844, 2862, 2880, 2898, 2916, 2934, 2952, 2970, 2988, 3006, 3024, 3042, 3060, 3078, 3096, 3114, 3132, 3150, 3168, 3186, 3204, 3222, 3240, 3258, 3276, 3294, 3312, 3330, 3348, 3366, 3384, 3402, 3420, 3438, 3456, 3474, 3492, 3510, 3528, 3546, 3564, 3582]
len(predicted_full) = 200, len(input_sequence + seq_pred) = 200
is_manual_check: False
