test results being evaluated: data/test_linrec15.tsv
csv file used: ../linear_database_newbl.csv
The sequence ID inspected: A157112
csv results file used: ../linear_database_newbl.csv
Results we are looking at now:
('Could you give me a recursive equation in a form of a Python code for the following number sequence: 285769,8478963,27975201,58774483,100876809,154282179,218990593,295002051,382316553,480934099,590854689,712078323,844605001,988434723,1143567489', 'Certainly, the Python code is the following: lambda a_n: 5 * 5 * ( n * 9 * 8 * 3 + a_n[-1] )')

Experiment type: Evaluation of the results of llms.
Ground truth: 
[285769, 8478963, 27975201, 58774483, 100876809, 154282179, 218990593, 295002051, 382316553, 480934099, 590854689, 712078323, 844605001, 988434723, 1143567489, 1310003299, 1487742153, 1676784051, 1877128993, 2088776979, 2311728009, 2545982083, 2791539201, 3048399363, 3316562569, 3596028819, 3886798113, 4188870451, 4502245833, 4826924259, 5162905729, 5510190243, 5868777801, 6238668403, 6619862049, 7012358739, 7416158473, 7831261251, 8257667073, 8695375939, 9144387849, 9604702803, 10076320801, 10559241843, 11053465929, 11558993059, 12075823233, 12603956451, 13143392713, 13694132019, 14256174369, 14829519763, 15414168201, 16010119683, 16617374209, 17235931779, 17865792393, 18506956051, 19159422753, 19823192499, 20498265289, 21184641123, 21882320001, 22591301923, 23311586889, 24043174899, 24786065953, 25540260051, 26305757193, 27082557379, 27870660609, 28670066883, 29480776201, 30302788563, 31136103969, 31980722419, 32836643913, 33703868451, 34582396033, 35472226659, 36373360329, 37285797043, 38209536801, 39144579603, 40090925449, 41048574339, 42017526273, 42997781251, 43989339273, 44992200339, 46006364449, 47031831603, 48068601801, 49116675043, 50176051329, 51246730659, 52328713033, 53421998451, 54526586913, 55642478419, 56769672969, 57908170563, 59057971201, 60219074883, 61391481609, 62575191379, 63770204193, 64976520051, 66194138953, 67423060899, 68663285889, 69914813923, 71177645001, 72451779123, 73737216289, 75033956499, 76341999753, 77661346051, 78991995393, 80333947779, 81687203209, 83051761683, 84427623201, 85814787763, 87213255369, 88623026019, 90044099713, 91476476451, 92920156233, 94375139059, 95841424929, 97319013843, 98807905801, 100308100803, 101819598849, 103342399939, 104876504073, 106421911251, 107978621473, 109546634739, 111125951049, 112716570403, 114318492801, 115931718243, 117556246729, 119192078259, 120839212833, 122497650451, 124167391113, 125848434819, 127540781569, 129244431363, 130959384201, 132685640083, 134423199009, 136172060979, 137932225993, 139703694051, 141486465153, 143280539299, 145085916489, 146902596723, 148730580001, 150569866323, 152420455689, 154282348099, 156155543553, 158040042051, 159935843593, 161842948179, 163761355809, 165691066483, 167632080201, 169584396963, 171548016769, 173522939619, 175509165513, 177506694451, 179515526433, 181535661459, 183567099529, 185609840643, 187663884801, 189729232003, 191805882249, 193893835539, 195993091873, 198103651251, 200225513673, 202358679139, 204503147649, 206658919203, 208825993801, 211004371443, 213194052129, 215395035859, 217607322633, 219830912451, 222065805313, 224312001219]
Predicted:    
[285769, 8478963, 27975201, 58774483, 100876809, 154282179, 218990593, 295002051, 382316553, 480934099, 590854689, 712078323, 844605001, 988434723, 1143567489, 28589268225, 714731792025, 17868294892425, 446707372407825, 11167684310298225, 279192107757563625, 6979802693939204025, 174495067348480219425, 4362376683712005609825, 109059417092800140375225, 2726485427320003509515625, 68162135683000087738031025, 1704053392075002193450921425, 42601334801875054836273186825, 1065033370046876370906829827225, 26625834251171909272670745842625, 665645856279297731816768646233025, 16641146406982443295419216155998425, 416028660174561082385480403900138825, 10400716504364027059637010097503654225, 260017912609100676490925252437591544625, 6500447815227516912273131310939788810025, 162511195380687922806828282773494720450425, 4062779884517198070170707069337368011465825, 101569497112929951754267676733434200286856225, 2539237427823248793856691918335855007171621625, 63480935695581219846417297958396375179290762025, 1587023392389530496160432448959909379482269277425, 39675584809738262404010811223997734487056732167825, 991889620243456560100270280599943362176418304433225, 24797240506086414002506757014998584054410457611073625, 619931012652160350062668925374964601360261440277089025, 15498275316304008751566723134374115034006536006927479425, 387456882907600218789168078359352875850163400173187244825, 9686422072690005469729201958983821896254085004329681385225, 242160551817250136743230048974595547406352125108242034900625, 6054013795431253418580751224364888685158803127706050872791025, 151350344885781335464518780609122217128970078192651271820056425, 3783758622144533386612969515228055428224251954816281795501696825, 94593965553613334665324237880701385705606298870407044887542712225, 2364849138840333366633105947017534642640157471760176122188568102625, 59121228471008334165827648675438366066003936794004403054714202868025, 1478030711775208354145691216885959151650098419850110076367855072008425, 36950767794380208853642280422148978791252460496252751909196376800523825, 923769194859505221341057010553724469781311512406318797729909420013414225, 23094229871487630533526425263843111744532787810157969943247735500335679625, 577355746787190763338160631596077793613319695253949248581193387508392320025, 14433893669679769083454015789901944840332992381348731214529834687709808335425, 360847341741994227086350394747548621008324809533718280363245867192745208725825, 9021183543549855677158759868688715525208120238342957009081146679818630218491225, 225529588588746391928968996717217888130203005958573925227028666995465755462631625, 5638239714718659798224224917930447203255075148964348130675716674886643886566147025, 140955992867966494955605622948261180081376878724108703266892916872166097164154037425, 3523899821699162373890140573706529502034421968102717581672322921804152429103851302825, 88097495542479059347253514342663237550860549202567939541808073045103810727596282943225, 2202437388561976483681337858566580938771513730064198488545201826127595268189907073958625, 55060934714049412092033446464164523469287843251604962213630045653189881704747676849349025, 1376523367851235302300836161604113086732196081290124055340751141329747042618691921234114425, 34413084196280882557520904040102827168304902032253101383518778533243676065467298030853254825, 860327104907022063938022601002570679207622550806327534587969463331091901636682450771331770225, 21508177622675551598450565025064266980190563770158188364699236583277297540917061269283294660625, 537704440566888789961264125626606674504764094253954709117480914581932438522926531732082366926025, 13442611014172219749031603140665166862619102356348867727937022864548310963073163293302059173566425, 336065275354305493725790078516629171565477558908721693198425571613707774076829082332551479339581825, 8401631883857637343144751962915729289136938972718042329960639290342694351920727058313786983489972225, 210040797096440933578618799072893232228423474317951058249015982258567358798018176457844674587249737625, 5251019927411023339465469976822330805710586857948776456225399556464183969950454411446116864681243878025, 131275498185275583486636749420558270142764671448719411405634988911604599248761360286152921617031097393425, 3281887454631889587165918735513956753569116786217985285140874722790114981219034007153823040425777435283825, 82047186365797239679147968387848918839227919655449632128521868069752874530475850178845576010644435882549225, 2051179659144930991978699209696222970980697991386240803213046701743821863261896254471139400266110897064189625, 51279491478623274799467480242405574274517449784656020080326167543595546581547406361778485006652772426605205025, 1281987286965581869986687006060139356862936244616400502008154188589888664538685159044462125166319310665130595425, 32049682174139546749667175151503483921573406115410012550203854714747216613467128976111553129157982766628265360825, 801242054353488668741679378787587098039335152885250313755096367868680415336678224402788828228949569165706634501225, 20031051358837216718541984469689677450983378822131257843877409196717010383416955610069720705723739229142665863016625, 500776283970930417963549611742241936274584470553281446096935229917925259585423890251743017643093480728566646575907025, 12519407099273260449088740293556048406864611763832036152423380747948131489635597256293575441077337018214166164398172425, 312985177481831511227218507338901210171615294095800903810584518698703287240889931407339386026933425455354154109954812825, 7824629437045787780680462683472530254290382352395022595264612967467582181022248285183484650673335636383853852748870828225, 195615735926144694517011567086813256357259558809875564881615324186689554525556207129587116266833390909596346318721771218625, 4890393398153617362925289177170331408931488970246889122040383104667238863138905178239677906670834772739908657968044280984025, 122259834953840434073132229429258285223287224256172228051009577616680971578472629455991947666770869318497716449201107025124425, 3056495873846010851828305735731457130582180606404305701275239440417024289461815736399798691669271732962442911230027675628639825, 76412396846150271295707643393286428264554515160107642531880986010425607236545393409994967291731793324061072780750691890716530225, 1910309921153756782392691084832160706613862879002691063297024650260640180913634835249874182293294833101526819518767297267913795625, 47757748028843919559817277120804017665346571975067276582425616256516004522840870881246854557332370827538170487969182431697845436025, 1193943700721097988995431928020100441633664299376681914560640406412900113071021772031171363933309270688454262199229560792446136451425, 29848592518027449724885798200502511040841607484417047864016010160322502826775544300779284098332731767211356554980739019811153411841825, 746214812950686243122144955012562776021040187110426196600400254008062570669388607519482102458318294180283913874518475495278835296607225, 18655370323767156078053623875314069400526004677760654915010006350201564266734715187987052561457957354507097846862961887381970882415747625, 466384258094178901951340596882851735013150116944016372875250158755039106668367879699676314036448933862677446171574047184549272060394263025, 11659606452354472548783514922071293375328752923600409321881253968875977666709196992491907850911223346566936154289351179613731801509857153425, 291490161308861813719587873051782334383218823090010233047031349221899441667729924812297696272780583664173403857233779490343295037746429418825, 7287254032721545342989696826294558359580470577250255826175783730547486041693248120307442406819514591604335096430844487258582375943660736059225, 182181350818038633574742420657363958989511764431256395654394593263687151042331203007686060170487864790108377410771112181464559398591518402074625, 4554533770450965839368560516434098974737794110781409891359864831592178776058280075192151504262196619752709435269277804536613984964787960052465025, 113863344261274145984214012910852474368444852769535247283996620789804469401457001879803787606554915493817735881731945113415349624119699001312230425, 2846583606531853649605350322771311859211121319238381182099915519745111735036425046995094690163872887345443397043298627835383740602992475032806370825, 71164590163296341240133758069282796480278032980959529552497887993627793375910626174877367254096822183636084926082465695884593515074811875820159886225, 1779114754082408531003343951732069912006950824523988238812447199840694834397765654371934181352420554590902123152061642397114837876870296895503997776625, 44477868852060213275083598793301747800173770613099705970311179996017370859944141359298354533810513864772553078801541059927870946921757422387599945042025, 1111946721301505331877089969832543695004344265327492649257779499900434271498603533982458863345262846619313826970038526498196773673043935559689998626682425, 27798668032537633296927249245813592375108606633187316231444487497510856787465088349561471583631571165482845674250963162454919341826098388992249965667697825, 694966700813440832423181231145339809377715165829682905786112187437771419686627208739036789590789279137071141856274079061372983545652459724806249141693088225, 17374167520336020810579530778633495234442879145742072644652804685944285492165680218475919739769731978426778546406851976534324588641311493120156228542327853625, 434354188008400520264488269465837380861071978643551816116320117148607137304142005461897993494243299460669463660171299413358114716032787328003905713558196994025, 10858854700210013006612206736645934521526799466088795402908002928715178432603550136547449837356082486516736591504282485333952867900819683200097642838954925509425, 271471367505250325165305168416148363038169986652219885072700073217879460815088753413686245933902062162918414787607062133348821697520492080002441070973873138399825, 6786784187631258129132629210403709075954249666305497126817501830446986520377218835342156148347551554072960369690176553333720542438012302000061026774346828460665225, 169669604690781453228315730260092726898856241657637428170437545761174663009430470883553903708688788851824009242254413833343013560950307550001525669358670711517305625, 4241740117269536330707893256502318172471406041440935704260938644029366575235761772088847592717219721295600231056360345833575339023757688750038141733966767787933321025, 106043502931738408267697331412557954311785151036023392606523466100734164380894044302221189817930493032390005776409008645839383475593942218750953543349169194698333711425, 2651087573293460206692433285313948857794628775900584815163086652518354109522351107555529745448262325809750144410225216145984586889848555468773838583729229867458343476825, 66277189332336505167310832132848721444865719397514620379077166312958852738058777688888243636206558145243753610255630403649614672246213886719345964593230746686458587617225, 1656929733308412629182770803321218036121642984937865509476929157823971318451469442222206090905163953631093840256390760091240366806155347167983649114830768667161464691132625, 41423243332710315729569270083030450903041074623446637736923228945599282961286736055555152272629098840777346006409769002281009170153883679199591227870769216679036617279023025, 1035581083317757893239231752075761272576026865586165943423080723639982074032168401388878806815727471019433650160244225057025229253847091979989780696769230416975915431976288425, 25889527082943947330980793801894031814400671639654148585577018090999551850804210034721970170393186775485841254006105626425630731346177299499744517419230760424397885799407928825, 647238177073598683274519845047350795360016790991353714639425452274988796270105250868049254259829669387146031350152640660640768283654432487493612935480769010609947144985198944225, 16180954426839967081862996126183769884000419774783842865985636306874719906752631271701231356495741734678650783753816016516019207091360812187340323387019225265248678624629974334625, 404523860670999177046574903154594247100010494369596071649640907671867997668815781792530783912393543366966269593845400412900480177284020304683508084675480631631216965615749359100025, 10113096516774979426164372578864856177500262359239901791241022691796699941720394544813269597809838584174156739846135010322512004432100507617087702116887015790780424140393733978240425, 252827412919374485654109314471621404437506558980997544781025567294917498543009863620331739945245964604353918496153375258062800110802512690427192552922175394769510603509843349456755825, 6320685322984362141352732861790535110937663974524938619525639182372937463575246590508293498631149115108847962403834381451570002770062817260679813823054384869237765087746083736419646225, 158017133074609053533818321544763377773441599363123465488140979559323436589381164762707337465778727877721199060095859536289250069251570431516995345576359621730944127193652093410491911625, 3950428326865226338345458038619084444336039984078086637203524488983085914734529119067683436644468196943029976502396488407231251731289260787924883639408990543273603179841302335262298552025, 98760708171630658458636450965477111108400999601952165930088112224577147868363227976692085916111704923575749412559912210180781293282231519698122090985224763581840079496032558381557464567425, 2469017704290766461465911274136927777710024990048804148252202805614428696709080699417302147902792623089393735313997805254519532332055787992453052274630619089546001987400813959538936614957825, 61725442607269161536647781853423194442750624751220103706305070140360717417727017485432553697569815577234843382849945131362988308301394699811326306865765477238650049685020348988473415374723225, 1543136065181729038416194546335579861068765618780502592657626753509017935443175437135813842439245389430871084571248628284074707707534867495283157671644136930966251242125508724711835384368863625, 38578401629543225960404863658389496526719140469512564816440668837725448386079385928395346060981134735771777114281215707101867692688371687382078941791103423274156281053137718117795884609222379025, 964460040738580649010121591459737413167978511737814120411016720943136209651984648209883651524528368394294427857030392677546692317209292184551973544777585581853907026328442952944897115230560269425, 24111501018464516225253039786493435329199462793445353010275418023578405241299616205247091288113209209857360696425759816938667307930232304613799338619439639546347675658211073823622427880764007534825, 602787525461612905631325994662335883229986569836133825256885450589460131032490405131177282202830230246434017410643995423466682698255807615344983465485990988658691891455276845590560697019100189175225, 15069688136540322640783149866558397080749664245903345631422136264736503275812260128279432055070755756160850435266099885586667067456395190383624586637149774716467297286381921139764017425477504730190625, 376742203413508066019578746663959927018741606147583640785553406618412581895306503206985801376768893904021260881652497139666676686409879759590614665928744367911682432159548028494100435636937618255581025, 9418555085337701650489468666598998175468540153689591019638835165460314547382662580174645034419222347600531522041312428491666917160246993989765366648218609197792060803988700712352510890923440456390346425, 235463877133442541262236716664974954386713503842239775490970879136507863684566564504366125860480558690013288051032810712291672929006174849744134166205465229944801520099717517808812772273086011409759486825, 5886596928336063531555917916624373859667837596055994387274271978412696592114164112609153146512013967250332201275820267807291823225154371243603354155136630748620038002492937945220319306827150285243988002225, 147164923208401588288897947915609346491695939901399859681856799460317414802854102815228828662800349181258305031895506695182295580628859281090083853878415768715500950062323448630507982670678757131099700892625, 3679123080210039707222448697890233662292398497534996492046419986507935370071352570380720716570008729531457625797387667379557389515721482027252096346960394217887523751558086215762699566766968928277492523158025, 91978077005250992680561217447255841557309962438374912301160499662698384251783814259518017914250218238286440644934691684488934737893037050681302408674009855447188093788952155394067489169174223206937313079798425, 2299451925131274817014030436181396038932749060959372807529012491567459606294595356487950447856255455957161016123367292112223368447325926267032560216850246386179702344723803884851687229229355580173432826995813825, 57486298128281870425350760904534900973318726523984320188225312289186490157364883912198761196406386398929025403084182302805584211183148156675814005421256159654492558618095097121292180730733889504335820674896204225, 1437157453207046760633769022613372524332968163099608004705632807229662253934122097804969029910159659973225635077104557570139605279578703916895350135531403991362313965452377428032304518268347237608395516872405969625, 35928936330176169015844225565334313108324204077490200117640820180741556348353052445124225747753991499330640876927613939253490131989467597922383753388285099784057849136309435700807612956708680940209887921810150110025, 898223408254404225396105639133357827708105101937255002941020504518538908708826311128105643693849787483266021923190348481337253299736689948059593834707127494601446228407735892520190323917717023505247198045253753625425, 22455585206360105634902640978333945692702627548431375073525512612963472717720657778202641092346244687081650548079758712033431332493417248701489845867678187365036155710193397313004758097942925587631179951131343841515825, 561389630159002640872566024458348642317565688710784376838137815324086817943016444455066027308656117177041263701993967800835783312335431217537246146691954684125903892754834932825118952448573139690779498778283596038781225, 14034740753975066021814150611458716057939142217769609420953445383102170448575411111376650682716402929426031592549849195020894582808385780438431153667298867103147597318870873320627973811214328492269487469457089900970421625, 350868518849376650545353765286467901448478555444240235523836134577554261214385277784416267067910073235650789813746229875522364570209644510960778841682471677578689932971771833015699345280358212306737186736427247524261437025, 8771712971234416263633844132161697536211963886106005888095903364438856530359631944610406676697751830891269745343655746888059114255241112774019471042061791939467248324294295825392483632008955307668429668410681188106536827425, 219292824280860406590846103304042438405299097152650147202397584110971413258990798615260166917443795772281743633591393672201477856381027819350486776051544798486681208107357395634812090800223882691710741710267029702663421592825, 5482320607021510164771152582601060960132477428816253680059939602774285331474769965381504172936094894307043590839784841805036946409525695483762169401288619962167030202683934890870302270005597067292768542756675742566585540733225, 137058015175537754119278814565026524003311935720406342001498490069357133286869249134537604323402372357676089770994621045125923660238142387094054235032215499054175755067098372271757556750139926682319213568916893564164638519248625, 3426450379388443852981970364125663100082798393010158550037462251733928332171731228363440108085059308941902244274865526128148091505953559677351355875805387476354393876677459306793938918753498167057980339222922339104115962982139025, 85661259484711096324549259103141577502069959825253963750936556293348208304293280709086002702126482723547556106871638153203702287648838991933783896895134686908859846916936482669848472968837454176449508480573058477602899074554404425, 2141531487117777408113731477578539437551748995631349093773413907333705207607332017727150067553162068088688902671790953830092557191220974798344597422378367172721496172923412066746211824220936354411237712014326461940072476863861044825, 53538287177944435202843286939463485938793724890783727344335347683342630190183300443178751688829051702217222566794773845752313929780524369958614935559459179318037404323085301668655295605523408860280942800358161548501811921596527060225, 1338457179448610880071082173486587148469843122269593183608383692083565754754582511079468792220726292555430564169869346143807848244513109248965373388986479482950935108077132541716382390138085221507023570008954038712545298039913177450625, 33461429486215272001777054337164678711746078056739829590209592302089143868864562776986719805518157313885764104246733653595196206112827731224134334724661987073773377701928313542909559753452130537675589250223850967813632450997829437216025, 836535737155381800044426358429116967793651951418495739755239807552228596721614069424667995137953932847144102606168341339879905152820693280603358368116549676844334442548207838572738993836303263441889731255596274195340811274945735931356425, 20913393428884545001110658960727924194841298785462393493880995188805714918040351735616699878448848321178602565154208533496997628820517332015083959202913741921108361063705195964318474845907581586047243281389906854883520281873643398284871825, 522834835722113625027766474018198104871032469636559837347024879720142872951008793390417496961221208029465064128855213337424940720512933300377098980072843548027709026592629899107961871147689539651181082034747671372088007046841084957122762225, 13070870893052840625694161850454952621775811740913995933675621993003571823775219834760437424030530200736626603221380333435623518012823332509427474501821088700692725664815747477699046778692238491279527050868691784302200176171027123928070027625, 326771772326321015642354046261373815544395293522849898341890549825089295594380495869010935600763255018415665080534508335890587950320583312735686862545527217517318141620393686942476169467305962281988176271717294607555004404275678098201751668025, 8169294308158025391058851156534345388609882338071247458547263745627232389859512396725273390019081375460391627013362708397264698758014582818392171563638180437932953540509842173561904236682649057049704406792932365188875110106891952455043792683425, 204232357703950634776471278913358634715247058451781186463681593640680809746487809918131834750477034386509790675334067709931617468950364570459804289090954510948323838512746054339047605917066226426242610169823309129721877752672298811376094818073825, 5105808942598765869411781972833965867881176461294529661592039841017020243662195247953295868761925859662744766883351692748290436723759114261495107227273862773708095962818651358476190147926655660656065254245582728243046943816807470284402370452839225, 127645223564969146735294549320849146697029411532363241539800996025425506091554881198832396719048146491568619172083792318707260918093977856537377680681846569342702399070466283961904753698166391516401631356139568206076173595420186757110059261321979625, 3191130589124228668382363733021228667425735288309081038495024900635637652288872029970809917976203662289215479302094807967681522952349446413434442017046164233567559976761657099047618842454159787910040783903489205151904339885504668927751481533050495025, 79778264728105716709559093325530716685643382207727025962375622515890941307221800749270247949405091557230386982552370199192038073808736160335861050426154105839188999419041427476190471061353994697751019597587230128797608497137616723193787038326263385425, 1994456618202642917738977333138267917141084555193175649059390562897273532680545018731756198735127288930759674563809254979800951845218404008396526260653852645979724985476035686904761776533849867443775489939680753219940212428440418079844675958156585650825, 49861415455066072943474433328456697928527113879829391226484764072431838317013625468293904968378182223268991864095231374495023796130460100209913156516346316149493124636900892172619044413346246686094387248492018830498505310711010451996116898953914642291225, 1246535386376651823586860833211417448213177846995734780662119101810795957925340636707347624209454555581724796602380784362375594903261502505247828912908657903737328115922522304315476110333656167152359681212300470762462632767775261299902922473847866058306625, 31163384659416295589671520830285436205329446174893369516552977545269898948133515917683690605236363889543119915059519609059389872581537562631195722822716447593433202898063057607886902758341404178808992030307511769061565819194381532497573061846196651458697025, 779084616485407389741788020757135905133236154372334237913824438631747473703337897942092265130909097238577997876487990226484746814538439065779893070567911189835830072451576440197172568958535104470224800757687794226539145479859538312439326546154916286468462425, 19477115412135184743544700518928397628330903859308355947845610965793686842583447448552306628272727430964449946912199755662118670363460976644497326764197779745895751811289411004929314223963377611755620018942194855663478636996488457810983163653872907161712602825, 486927885303379618588617512973209940708272596482708898696140274144842171064586186213807665706818185774111248672804993891552966759086524416112433169104944493647393795282235275123232855599084440293890500473554871391586965924912211445274579091346822679042816118225, 12173197132584490464715437824330248517706814912067722467403506853621054276614654655345191642670454644352781216820124847288824168977163110402810829227623612341184844882055881878080821389977111007347262511838871784789674148122805286131864477283670566976070404008625, 304329928314612261617885945608256212942670372801693061685087671340526356915366366383629791066761366108819530420503121182220604224429077760070270730690590308529621122051397046952020534749427775183681562795971794619741853703070132153296611932091764174401760101274025, 7608248207865306540447148640206405323566759320042326542127191783513158922884159159590744776669034152720488260512578029555515105610726944001756768267264757713240528051284926173800513368735694379592039069899294865493546342576753303832415298302294104360044002532914425, 190206205196632663511178716005160133089168983001058163553179794587828973072103978989768619416725853818012206512814450738887877640268173600043919206681618942831013201282123154345012834218392359489800976747482371637338658564418832595810382457557352609001100063323929825, 4755155129915816587779467900129003327229224575026454088829494864695724326802599474744215485418146345450305162820361268472196941006704340001097980167040473570775330032053078858625320855459808987245024418687059290933466464110470814895259561438933815225027501583099320225]
len(predicted_full) = 200, len(input_sequence + seq_pred) = 200
is_manual_check: False
