test results being evaluated: data/test_linrec15.tsv
csv file used: ../linear_database_newbl.csv
The sequence ID inspected: A157433
csv results file used: ../linear_database_newbl.csv
Results we are looking at now:
('Could you give me a recursive equation in a form of a Python code for the following number sequence: 13121,15841,18817,22049,25537,29281,33281,37537,42049,46817,51841,57121,62657,68449,74497', 'Certainly, the Python code is the following: lambda a_n: -3 * -10 * n * n * 7 * 1 + 7 + 7')

Experiment type: Evaluation of the results of llms.
Ground truth: 
[13121, 15841, 18817, 22049, 25537, 29281, 33281, 37537, 42049, 46817, 51841, 57121, 62657, 68449, 74497, 80801, 87361, 94177, 101249, 108577, 116161, 124001, 132097, 140449, 149057, 157921, 167041, 176417, 186049, 195937, 206081, 216481, 227137, 238049, 249217, 260641, 272321, 284257, 296449, 308897, 321601, 334561, 347777, 361249, 374977, 388961, 403201, 417697, 432449, 447457, 462721, 478241, 494017, 510049, 526337, 542881, 559681, 576737, 594049, 611617, 629441, 647521, 665857, 684449, 703297, 722401, 741761, 761377, 781249, 801377, 821761, 842401, 863297, 884449, 905857, 927521, 949441, 971617, 994049, 1016737, 1039681, 1062881, 1086337, 1110049, 1134017, 1158241, 1182721, 1207457, 1232449, 1257697, 1283201, 1308961, 1334977, 1361249, 1387777, 1414561, 1441601, 1468897, 1496449, 1524257, 1552321, 1580641, 1609217, 1638049, 1667137, 1696481, 1726081, 1755937, 1786049, 1816417, 1847041, 1877921, 1909057, 1940449, 1972097, 2004001, 2036161, 2068577, 2101249, 2134177, 2167361, 2200801, 2234497, 2268449, 2302657, 2337121, 2371841, 2406817, 2442049, 2477537, 2513281, 2549281, 2585537, 2622049, 2658817, 2695841, 2733121, 2770657, 2808449, 2846497, 2884801, 2923361, 2962177, 3001249, 3040577, 3080161, 3120001, 3160097, 3200449, 3241057, 3281921, 3323041, 3364417, 3406049, 3447937, 3490081, 3532481, 3575137, 3618049, 3661217, 3704641, 3748321, 3792257, 3836449, 3880897, 3925601, 3970561, 4015777, 4061249, 4106977, 4152961, 4199201, 4245697, 4292449, 4339457, 4386721, 4434241, 4482017, 4530049, 4578337, 4626881, 4675681, 4724737, 4774049, 4823617, 4873441, 4923521, 4973857, 5024449, 5075297, 5126401, 5177761, 5229377, 5281249, 5333377, 5385761, 5438401, 5491297, 5544449, 5597857]
Predicted:    
[13121, 15841, 18817, 22049, 25537, 29281, 33281, 37537, 42049, 46817, 51841, 57121, 62657, 68449, 74497, 47264, 53774, 60704, 68054, 75824, 84014, 92624, 101654, 111104, 120974, 131264, 141974, 153104, 164654, 176624, 189014, 201824, 215054, 228704, 242774, 257264, 272174, 287504, 303254, 319424, 336014, 353024, 370454, 388304, 406574, 425264, 444374, 463904, 483854, 504224, 525014, 546224, 567854, 589904, 612374, 635264, 658574, 682304, 706454, 731024, 756014, 781424, 807254, 833504, 860174, 887264, 914774, 942704, 971054, 999824, 1029014, 1058624, 1088654, 1119104, 1149974, 1181264, 1212974, 1245104, 1277654, 1310624, 1344014, 1377824, 1412054, 1446704, 1481774, 1517264, 1553174, 1589504, 1626254, 1663424, 1701014, 1739024, 1777454, 1816304, 1855574, 1895264, 1935374, 1975904, 2016854, 2058224, 2100014, 2142224, 2184854, 2227904, 2271374, 2315264, 2359574, 2404304, 2449454, 2495024, 2541014, 2587424, 2634254, 2681504, 2729174, 2777264, 2825774, 2874704, 2924054, 2973824, 3024014, 3074624, 3125654, 3177104, 3228974, 3281264, 3333974, 3387104, 3440654, 3494624, 3549014, 3603824, 3659054, 3714704, 3770774, 3827264, 3884174, 3941504, 3999254, 4057424, 4116014, 4175024, 4234454, 4294304, 4354574, 4415264, 4476374, 4537904, 4599854, 4662224, 4725014, 4788224, 4851854, 4915904, 4980374, 5045264, 5110574, 5176304, 5242454, 5309024, 5376014, 5443424, 5511254, 5579504, 5648174, 5717264, 5786774, 5856704, 5927054, 5997824, 6069014, 6140624, 6212654, 6285104, 6357974, 6431264, 6504974, 6579104, 6653654, 6728624, 6804014, 6879824, 6956054, 7032704, 7109774, 7187264, 7265174, 7343504, 7422254, 7501424, 7581014, 7661024, 7741454, 7822304, 7903574, 7985264, 8067374, 8149904, 8232854, 8316224]
len(predicted_full) = 200, len(input_sequence + seq_pred) = 200
is_manual_check: False
