test results being evaluated: data/test_linrec15.tsv
csv file used: ../linear_database_newbl.csv
The sequence ID inspected: A157825
csv results file used: ../linear_database_newbl.csv
Results we are looking at now:
('Could you give me a recursive equation in a form of a Python code for the following number sequence: 107760,1835760,3563760,5291760,7019760,8747760,10475760,12203760,13931760,15659760,17387760,19115760,20843760,22571760,24299760', 'Certainly, the Python code is the following: lambda a_n: n * -10 * -10 * 2 * 7 * n')

Experiment type: Evaluation of the results of llms.
Ground truth: 
[107760, 1835760, 3563760, 5291760, 7019760, 8747760, 10475760, 12203760, 13931760, 15659760, 17387760, 19115760, 20843760, 22571760, 24299760, 26027760, 27755760, 29483760, 31211760, 32939760, 34667760, 36395760, 38123760, 39851760, 41579760, 43307760, 45035760, 46763760, 48491760, 50219760, 51947760, 53675760, 55403760, 57131760, 58859760, 60587760, 62315760, 64043760, 65771760, 67499760, 69227760, 70955760, 72683760, 74411760, 76139760, 77867760, 79595760, 81323760, 83051760, 84779760, 86507760, 88235760, 89963760, 91691760, 93419760, 95147760, 96875760, 98603760, 100331760, 102059760, 103787760, 105515760, 107243760, 108971760, 110699760, 112427760, 114155760, 115883760, 117611760, 119339760, 121067760, 122795760, 124523760, 126251760, 127979760, 129707760, 131435760, 133163760, 134891760, 136619760, 138347760, 140075760, 141803760, 143531760, 145259760, 146987760, 148715760, 150443760, 152171760, 153899760, 155627760, 157355760, 159083760, 160811760, 162539760, 164267760, 165995760, 167723760, 169451760, 171179760, 172907760, 174635760, 176363760, 178091760, 179819760, 181547760, 183275760, 185003760, 186731760, 188459760, 190187760, 191915760, 193643760, 195371760, 197099760, 198827760, 200555760, 202283760, 204011760, 205739760, 207467760, 209195760, 210923760, 212651760, 214379760, 216107760, 217835760, 219563760, 221291760, 223019760, 224747760, 226475760, 228203760, 229931760, 231659760, 233387760, 235115760, 236843760, 238571760, 240299760, 242027760, 243755760, 245483760, 247211760, 248939760, 250667760, 252395760, 254123760, 255851760, 257579760, 259307760, 261035760, 262763760, 264491760, 266219760, 267947760, 269675760, 271403760, 273131760, 274859760, 276587760, 278315760, 280043760, 281771760, 283499760, 285227760, 286955760, 288683760, 290411760, 292139760, 293867760, 295595760, 297323760, 299051760, 300779760, 302507760, 304235760, 305963760, 307691760, 309419760, 311147760, 312875760, 314603760, 316331760, 318059760, 319787760, 321515760, 323243760, 324971760, 326699760, 328427760, 330155760, 331883760, 333611760, 335339760, 337067760, 338795760, 340523760, 342251760, 343979760]
Predicted:    
[107760, 1835760, 3563760, 5291760, 7019760, 8747760, 10475760, 12203760, 13931760, 15659760, 17387760, 19115760, 20843760, 22571760, 24299760, 315000, 358400, 404600, 453600, 505400, 560000, 617400, 677600, 740600, 806400, 875000, 946400, 1020600, 1097600, 1177400, 1260000, 1345400, 1433600, 1524600, 1618400, 1715000, 1814400, 1916600, 2021600, 2129400, 2240000, 2353400, 2469600, 2588600, 2710400, 2835000, 2962400, 3092600, 3225600, 3361400, 3500000, 3641400, 3785600, 3932600, 4082400, 4235000, 4390400, 4548600, 4709600, 4873400, 5040000, 5209400, 5381600, 5556600, 5734400, 5915000, 6098400, 6284600, 6473600, 6665400, 6860000, 7057400, 7257600, 7460600, 7666400, 7875000, 8086400, 8300600, 8517600, 8737400, 8960000, 9185400, 9413600, 9644600, 9878400, 10115000, 10354400, 10596600, 10841600, 11089400, 11340000, 11593400, 11849600, 12108600, 12370400, 12635000, 12902400, 13172600, 13445600, 13721400, 14000000, 14281400, 14565600, 14852600, 15142400, 15435000, 15730400, 16028600, 16329600, 16633400, 16940000, 17249400, 17561600, 17876600, 18194400, 18515000, 18838400, 19164600, 19493600, 19825400, 20160000, 20497400, 20837600, 21180600, 21526400, 21875000, 22226400, 22580600, 22937600, 23297400, 23660000, 24025400, 24393600, 24764600, 25138400, 25515000, 25894400, 26276600, 26661600, 27049400, 27440000, 27833400, 28229600, 28628600, 29030400, 29435000, 29842400, 30252600, 30665600, 31081400, 31500000, 31921400, 32345600, 32772600, 33202400, 33635000, 34070400, 34508600, 34949600, 35393400, 35840000, 36289400, 36741600, 37196600, 37654400, 38115000, 38578400, 39044600, 39513600, 39985400, 40460000, 40937400, 41417600, 41900600, 42386400, 42875000, 43366400, 43860600, 44357600, 44857400, 45360000, 45865400, 46373600, 46884600, 47398400, 47915000, 48434400, 48956600, 49481600, 50009400, 50540000, 51073400, 51609600, 52148600, 52690400, 53235000, 53782400, 54332600, 54885600, 55441400]
len(predicted_full) = 200, len(input_sequence + seq_pred) = 200
is_manual_check: False
