test results being evaluated: data/test_linrec15.tsv
csv file used: ../linear_database_newbl.csv
The sequence ID inspected: A157861
csv results file used: ../linear_database_newbl.csv
Results we are looking at now:
('Could you give me a recursive equation in a form of a Python code for the following number sequence: 3601,14402,32403,57604,90005,129606,176407,230408,291609,360010,435611,518412,608413,705614,810015', 'Certainly, the Python code is the following: lambda a_n: 9 * 9 * 7 * n')

Experiment type: Evaluation of the results of llms.
Ground truth: 
[3601, 14402, 32403, 57604, 90005, 129606, 176407, 230408, 291609, 360010, 435611, 518412, 608413, 705614, 810015, 921616, 1040417, 1166418, 1299619, 1440020, 1587621, 1742422, 1904423, 2073624, 2250025, 2433626, 2624427, 2822428, 3027629, 3240030, 3459631, 3686432, 3920433, 4161634, 4410035, 4665636, 4928437, 5198438, 5475639, 5760040, 6051641, 6350442, 6656443, 6969644, 7290045, 7617646, 7952447, 8294448, 8643649, 9000050, 9363651, 9734452, 10112453, 10497654, 10890055, 11289656, 11696457, 12110458, 12531659, 12960060, 13395661, 13838462, 14288463, 14745664, 15210065, 15681666, 16160467, 16646468, 17139669, 17640070, 18147671, 18662472, 19184473, 19713674, 20250075, 20793676, 21344477, 21902478, 22467679, 23040080, 23619681, 24206482, 24800483, 25401684, 26010085, 26625686, 27248487, 27878488, 28515689, 29160090, 29811691, 30470492, 31136493, 31809694, 32490095, 33177696, 33872497, 34574498, 35283699, 36000100, 36723701, 37454502, 38192503, 38937704, 39690105, 40449706, 41216507, 41990508, 42771709, 43560110, 44355711, 45158512, 45968513, 46785714, 47610115, 48441716, 49280517, 50126518, 50979719, 51840120, 52707721, 53582522, 54464523, 55353724, 56250125, 57153726, 58064527, 58982528, 59907729, 60840130, 61779731, 62726532, 63680533, 64641734, 65610135, 66585736, 67568537, 68558538, 69555739, 70560140, 71571741, 72590542, 73616543, 74649744, 75690145, 76737746, 77792547, 78854548, 79923749, 81000150, 82083751, 83174552, 84272553, 85377754, 86490155, 87609756, 88736557, 89870558, 91011759, 92160160, 93315761, 94478562, 95648563, 96825764, 98010165, 99201766, 100400567, 101606568, 102819769, 104040170, 105267771, 106502572, 107744573, 108993774, 110250175, 111513776, 112784577, 114062578, 115347779, 116640180, 117939781, 119246582, 120560583, 121881784, 123210185, 124545786, 125888587, 127238588, 128595789, 129960190, 131331791, 132710592, 134096593, 135489794, 136890195, 138297796, 139712597, 141134598, 142563799, 144000200]
Predicted:    
[3601, 14402, 32403, 57604, 90005, 129606, 176407, 230408, 291609, 360010, 435611, 518412, 608413, 705614, 810015, 8505, 9072, 9639, 10206, 10773, 11340, 11907, 12474, 13041, 13608, 14175, 14742, 15309, 15876, 16443, 17010, 17577, 18144, 18711, 19278, 19845, 20412, 20979, 21546, 22113, 22680, 23247, 23814, 24381, 24948, 25515, 26082, 26649, 27216, 27783, 28350, 28917, 29484, 30051, 30618, 31185, 31752, 32319, 32886, 33453, 34020, 34587, 35154, 35721, 36288, 36855, 37422, 37989, 38556, 39123, 39690, 40257, 40824, 41391, 41958, 42525, 43092, 43659, 44226, 44793, 45360, 45927, 46494, 47061, 47628, 48195, 48762, 49329, 49896, 50463, 51030, 51597, 52164, 52731, 53298, 53865, 54432, 54999, 55566, 56133, 56700, 57267, 57834, 58401, 58968, 59535, 60102, 60669, 61236, 61803, 62370, 62937, 63504, 64071, 64638, 65205, 65772, 66339, 66906, 67473, 68040, 68607, 69174, 69741, 70308, 70875, 71442, 72009, 72576, 73143, 73710, 74277, 74844, 75411, 75978, 76545, 77112, 77679, 78246, 78813, 79380, 79947, 80514, 81081, 81648, 82215, 82782, 83349, 83916, 84483, 85050, 85617, 86184, 86751, 87318, 87885, 88452, 89019, 89586, 90153, 90720, 91287, 91854, 92421, 92988, 93555, 94122, 94689, 95256, 95823, 96390, 96957, 97524, 98091, 98658, 99225, 99792, 100359, 100926, 101493, 102060, 102627, 103194, 103761, 104328, 104895, 105462, 106029, 106596, 107163, 107730, 108297, 108864, 109431, 109998, 110565, 111132, 111699, 112266, 112833]
len(predicted_full) = 200, len(input_sequence + seq_pred) = 200
is_manual_check: False
