test results being evaluated: data/test_linrec15.tsv
csv file used: ../linear_database_newbl.csv
The sequence ID inspected: A158310
csv results file used: ../linear_database_newbl.csv
Results we are looking at now:
('Could you give me a recursive equation in a form of a Python code for the following number sequence: 362,723,1084,1445,1806,2167,2528,2889,3250,3611,3972,4333,4694,5055,5416', 'Certainly, the Python code is the following: lambda a_n: isqrt( n ) - 1 * -1 * n * 7 * 7 * 5')

Experiment type: Evaluation of the results of llms.
Ground truth: 
[362, 723, 1084, 1445, 1806, 2167, 2528, 2889, 3250, 3611, 3972, 4333, 4694, 5055, 5416, 5777, 6138, 6499, 6860, 7221, 7582, 7943, 8304, 8665, 9026, 9387, 9748, 10109, 10470, 10831, 11192, 11553, 11914, 12275, 12636, 12997, 13358, 13719, 14080, 14441, 14802, 15163, 15524, 15885, 16246, 16607, 16968, 17329, 17690, 18051, 18412, 18773, 19134, 19495, 19856, 20217, 20578, 20939, 21300, 21661, 22022, 22383, 22744, 23105, 23466, 23827, 24188, 24549, 24910, 25271, 25632, 25993, 26354, 26715, 27076, 27437, 27798, 28159, 28520, 28881, 29242, 29603, 29964, 30325, 30686, 31047, 31408, 31769, 32130, 32491, 32852, 33213, 33574, 33935, 34296, 34657, 35018, 35379, 35740, 36101, 36462, 36823, 37184, 37545, 37906, 38267, 38628, 38989, 39350, 39711, 40072, 40433, 40794, 41155, 41516, 41877, 42238, 42599, 42960, 43321, 43682, 44043, 44404, 44765, 45126, 45487, 45848, 46209, 46570, 46931, 47292, 47653, 48014, 48375, 48736, 49097, 49458, 49819, 50180, 50541, 50902, 51263, 51624, 51985, 52346, 52707, 53068, 53429, 53790, 54151, 54512, 54873, 55234, 55595, 55956, 56317, 56678, 57039, 57400, 57761, 58122, 58483, 58844, 59205, 59566, 59927, 60288, 60649, 61010, 61371, 61732, 62093, 62454, 62815, 63176, 63537, 63898, 64259, 64620, 64981, 65342, 65703, 66064, 66425, 66786, 67147, 67508, 67869, 68230, 68591, 68952, 69313, 69674, 70035, 70396, 70757, 71118, 71479, 71840, 72201]
Predicted:    
[362, 723, 1084, 1445, 1806, 2167, 2528, 2889, 3250, 3611, 3972, 4333, 4694, 5055, 5416, 3678, 3924, 4169, 4414, 4659, 4904, 5149, 5394, 5639, 5884, 6130, 6375, 6620, 6865, 7110, 7355, 7600, 7845, 8090, 8335, 8580, 8826, 9071, 9316, 9561, 9806, 10051, 10296, 10541, 10786, 11031, 11276, 11521, 11766, 12012, 12257, 12502, 12747, 12992, 13237, 13482, 13727, 13972, 14217, 14462, 14707, 14952, 15197, 15442, 15688, 15933, 16178, 16423, 16668, 16913, 17158, 17403, 17648, 17893, 18138, 18383, 18628, 18873, 19118, 19363, 19608, 19854, 20099, 20344, 20589, 20834, 21079, 21324, 21569, 21814, 22059, 22304, 22549, 22794, 23039, 23284, 23529, 23774, 24019, 24264, 24510, 24755, 25000, 25245, 25490, 25735, 25980, 26225, 26470, 26715, 26960, 27205, 27450, 27695, 27940, 28185, 28430, 28675, 28920, 29165, 29410, 29656, 29901, 30146, 30391, 30636, 30881, 31126, 31371, 31616, 31861, 32106, 32351, 32596, 32841, 33086, 33331, 33576, 33821, 34066, 34311, 34556, 34801, 35046, 35292, 35537, 35782, 36027, 36272, 36517, 36762, 37007, 37252, 37497, 37742, 37987, 38232, 38477, 38722, 38967, 39212, 39457, 39702, 39947, 40192, 40437, 40682, 40927, 41172, 41418, 41663, 41908, 42153, 42398, 42643, 42888, 43133, 43378, 43623, 43868, 44113, 44358, 44603, 44848, 45093, 45338, 45583, 45828, 46073, 46318, 46563, 46808, 47053, 47298, 47543, 47788, 48034, 48279, 48524, 48769]
len(predicted_full) = 200, len(input_sequence + seq_pred) = 200
is_manual_check: False
