test results being evaluated: data/test_linrec15.tsv
csv file used: ../linear_database_newbl.csv
The sequence ID inspected: A158445
csv results file used: ../linear_database_newbl.csv
Results we are looking at now:
('Could you give me a recursive equation in a form of a Python code for the following number sequence: 30,105,230,405,630,905,1230,1605,2030,2505,3030,3605,4230,4905,5630', 'Certainly, the Python code is the following: lambda a_n: 7 * 3 * 1 * n - -9 - 0 * -7 - -4 * n + a_n[-1]')

Experiment type: Evaluation of the results of llms.
Ground truth: 
[30, 105, 230, 405, 630, 905, 1230, 1605, 2030, 2505, 3030, 3605, 4230, 4905, 5630, 6405, 7230, 8105, 9030, 10005, 11030, 12105, 13230, 14405, 15630, 16905, 18230, 19605, 21030, 22505, 24030, 25605, 27230, 28905, 30630, 32405, 34230, 36105, 38030, 40005, 42030, 44105, 46230, 48405, 50630, 52905, 55230, 57605, 60030, 62505, 65030, 67605, 70230, 72905, 75630, 78405, 81230, 84105, 87030, 90005, 93030, 96105, 99230, 102405, 105630, 108905, 112230, 115605, 119030, 122505, 126030, 129605, 133230, 136905, 140630, 144405, 148230, 152105, 156030, 160005, 164030, 168105, 172230, 176405, 180630, 184905, 189230, 193605, 198030, 202505, 207030, 211605, 216230, 220905, 225630, 230405, 235230, 240105, 245030, 250005, 255030, 260105, 265230, 270405, 275630, 280905, 286230, 291605, 297030, 302505, 308030, 313605, 319230, 324905, 330630, 336405, 342230, 348105, 354030, 360005, 366030, 372105, 378230, 384405, 390630, 396905, 403230, 409605, 416030, 422505, 429030, 435605, 442230, 448905, 455630, 462405, 469230, 476105, 483030, 490005, 497030, 504105, 511230, 518405, 525630, 532905, 540230, 547605, 555030, 562505, 570030, 577605, 585230, 592905, 600630, 608405, 616230, 624105, 632030, 640005, 648030, 656105, 664230, 672405, 680630, 688905, 697230, 705605, 714030, 722505, 731030, 739605, 748230, 756905, 765630, 774405, 783230, 792105, 801030, 810005, 819030, 828105, 837230, 846405, 855630, 864905, 874230, 883605, 893030, 902505, 912030, 921605, 931230, 940905, 950630, 960405, 970230, 980105, 990030, 1000005]
Predicted:    
[30, 105, 230, 405, 630, 905, 1230, 1605, 2030, 2505, 3030, 3605, 4230, 4905, 5630, 6014, 6423, 6857, 7316, 7800, 8309, 8843, 9402, 9986, 10595, 11229, 11888, 12572, 13281, 14015, 14774, 15558, 16367, 17201, 18060, 18944, 19853, 20787, 21746, 22730, 23739, 24773, 25832, 26916, 28025, 29159, 30318, 31502, 32711, 33945, 35204, 36488, 37797, 39131, 40490, 41874, 43283, 44717, 46176, 47660, 49169, 50703, 52262, 53846, 55455, 57089, 58748, 60432, 62141, 63875, 65634, 67418, 69227, 71061, 72920, 74804, 76713, 78647, 80606, 82590, 84599, 86633, 88692, 90776, 92885, 95019, 97178, 99362, 101571, 103805, 106064, 108348, 110657, 112991, 115350, 117734, 120143, 122577, 125036, 127520, 130029, 132563, 135122, 137706, 140315, 142949, 145608, 148292, 151001, 153735, 156494, 159278, 162087, 164921, 167780, 170664, 173573, 176507, 179466, 182450, 185459, 188493, 191552, 194636, 197745, 200879, 204038, 207222, 210431, 213665, 216924, 220208, 223517, 226851, 230210, 233594, 237003, 240437, 243896, 247380, 250889, 254423, 257982, 261566, 265175, 268809, 272468, 276152, 279861, 283595, 287354, 291138, 294947, 298781, 302640, 306524, 310433, 314367, 318326, 322310, 326319, 330353, 334412, 338496, 342605, 346739, 350898, 355082, 359291, 363525, 367784, 372068, 376377, 380711, 385070, 389454, 393863, 398297, 402756, 407240, 411749, 416283, 420842, 425426, 430035, 434669, 439328, 444012, 448721, 453455, 458214, 462998, 467807, 472641, 477500, 482384, 487293, 492227, 497186, 502170]
len(predicted_full) = 200, len(input_sequence + seq_pred) = 200
is_manual_check: False
