test results being evaluated: data/test_linrec15.tsv
csv file used: ../linear_database_newbl.csv
The sequence ID inspected: A161703
csv results file used: ../linear_database_newbl.csv
Results we are looking at now:
('Could you give me a recursive equation in a form of a Python code for the following number sequence: 1,3,5,15,41,91,173,295,465,691,981,1343,1785,2315,2941', 'Certainly, the Python code is the following: lambda a_n: a_n[-1] - ( ( -1 - n // 2 ) * 8 + -1 ) - 8 // -9 // -5 + 0 * a_n[-3]')

Experiment type: Evaluation of the results of llms.
Ground truth: 
[1, 3, 5, 15, 41, 91, 173, 295, 465, 691, 981, 1343, 1785, 2315, 2941, 3671, 4513, 5475, 6565, 7791, 9161, 10683, 12365, 14215, 16241, 18451, 20853, 23455, 26265, 29291, 32541, 36023, 39745, 43715, 47941, 52431, 57193, 62235, 67565, 73191, 79121, 85363, 91925, 98815, 106041, 113611, 121533, 129815, 138465, 147491, 156901, 166703, 176905, 187515, 198541, 209991, 221873, 234195, 246965, 260191, 273881, 288043, 302685, 317815, 333441, 349571, 366213, 383375, 401065, 419291, 438061, 457383, 477265, 497715, 518741, 540351, 562553, 585355, 608765, 632791, 657441, 682723, 708645, 735215, 762441, 790331, 818893, 848135, 878065, 908691, 940021, 972063, 1004825, 1038315, 1072541, 1107511, 1143233, 1179715, 1216965, 1254991, 1293801, 1333403, 1373805, 1415015, 1457041, 1499891, 1543573, 1588095, 1633465, 1679691, 1726781, 1774743, 1823585, 1873315, 1923941, 1975471, 2027913, 2081275, 2135565, 2190791, 2246961, 2304083, 2362165, 2421215, 2481241, 2542251, 2604253, 2667255, 2731265, 2796291, 2862341, 2929423, 2997545, 3066715, 3136941, 3208231, 3280593, 3354035, 3428565, 3504191, 3580921, 3658763, 3737725, 3817815, 3899041, 3981411, 4064933, 4149615, 4235465, 4322491, 4410701, 4500103, 4590705, 4682515, 4775541, 4869791, 4965273, 5061995, 5159965, 5259191, 5359681, 5461443, 5564485, 5668815, 5774441, 5881371, 5989613, 6099175, 6210065, 6322291, 6435861, 6550783, 6667065, 6784715, 6903741, 7024151, 7145953, 7269155, 7393765, 7519791, 7647241, 7776123, 7906445, 8038215, 8171441, 8306131, 8442293, 8579935, 8719065, 8859691, 9001821, 9145463, 9290625, 9437315, 9585541, 9735311, 9886633, 10039515, 10193965, 10349991]
Predicted:    
[1, 3, 5, 15, 41, 91, 173, 295, 465, 691, 981, 1343, 1785, 2315, 2941, 3006, 3079, 3152, 3233, 3314, 3403, 3492, 3589, 3686, 3791, 3896, 4009, 4122, 4243, 4364, 4493, 4622, 4759, 4896, 5041, 5186, 5339, 5492, 5653, 5814, 5983, 6152, 6329, 6506, 6691, 6876, 7069, 7262, 7463, 7664, 7873, 8082, 8299, 8516, 8741, 8966, 9199, 9432, 9673, 9914, 10163, 10412, 10669, 10926, 11191, 11456, 11729, 12002, 12283, 12564, 12853, 13142, 13439, 13736, 14041, 14346, 14659, 14972, 15293, 15614, 15943, 16272, 16609, 16946, 17291, 17636, 17989, 18342, 18703, 19064, 19433, 19802, 20179, 20556, 20941, 21326, 21719, 22112, 22513, 22914, 23323, 23732, 24149, 24566, 24991, 25416, 25849, 26282, 26723, 27164, 27613, 28062, 28519, 28976, 29441, 29906, 30379, 30852, 31333, 31814, 32303, 32792, 33289, 33786, 34291, 34796, 35309, 35822, 36343, 36864, 37393, 37922, 38459, 38996, 39541, 40086, 40639, 41192, 41753, 42314, 42883, 43452, 44029, 44606, 45191, 45776, 46369, 46962, 47563, 48164, 48773, 49382, 49999, 50616, 51241, 51866, 52499, 53132, 53773, 54414, 55063, 55712, 56369, 57026, 57691, 58356, 59029, 59702, 60383, 61064, 61753, 62442, 63139, 63836, 64541, 65246, 65959, 66672, 67393, 68114, 68843, 69572, 70309, 71046, 71791, 72536, 73289, 74042, 74803, 75564, 76333, 77102, 77879, 78656, 79441, 80226, 81019, 81812, 82613, 83414]
len(predicted_full) = 200, len(input_sequence + seq_pred) = 200
is_manual_check: False
