test results being evaluated: data/test_linrec15.tsv
csv file used: ../linear_database_newbl.csv
The sequence ID inspected: A161941
csv results file used: ../linear_database_newbl.csv
Results we are looking at now:
('Could you give me a recursive equation in a form of a Python code for the following number sequence: 2,5,16,54,184,628,2144,7320,24992,85328,291328,994656,3395968,11594560,39586304', 'Certainly, the Python code is the following: lambda a_n: 1 + 7 * a_n[-2]')

Experiment type: Evaluation of the results of llms.
Ground truth: 
[2, 5, 16, 54, 184, 628, 2144, 7320, 24992, 85328, 291328, 994656, 3395968, 11594560, 39586304, 135156096, 461451776, 1575494912, 5379076096, 18365314560, 62703106048, 214081795072, 730920968192, 2495520282624, 8520239194112, 29089916211200, 99319186456576, 339096913403904, 1157749280702464, 3952803296002048, 13495714622603264, 46077251898408960, 157317578348429312, 537115809596899328, 1833828081690738688, 6261080707569156096, 21376666666895147008, 72984505252442275840, 249184687675978809344, 850769740199030685696, 2904709585444165124096, 9917298861378599124992, 33859776274626066251776, 115604507375747066757120, 394698476953736134524928, 1347584893063450404585472, 4600942618346329349292032, 15708600687258416587997184, 53632517512341007653404672, 183112868674847197437624320, 625186439674706774443687936, 2134520021349132702899503104, 7287707206047117262710636544, 24881788781490203645043539968, 84951740713866580054752886784, 290043385292485912928924467200, 990270059742210491606192095232, 3380993468383870140566919446528, 11543433754051059579055293595648, 39411748079436498035087335489536, 134560124809643872982238754766848, 459417003079702495858780348088320, 1568547762699522237470643882819584, 5355357044638683958165014835101696, 18284332653155691357718771574767616, 62426616523345397514545056628867072, 213137800787070207342742683365933056, 727697970101590034341880620205998080, 2484516278832219722682037114092126208, 8482669175125698822044387215956508672, 28961644142838355842813474635641782272, 98881238221102025727165124110654111744, 337601664598731391223033547171332882432, 1152644181952721513437803940464023306240, 3935373398613423271305148667513427460096, 13436205230548250058344986789125663227904, 45874074124966153690769649821475797991424, 156623886038768114646388625707651865509888, 534747395905140151204015203187655866056704, 1825741811543024375523283561335319733207040, 6233472454361817199685103838965967200714752, 21282406194361220047693848233193229336444928, 72662679868721245791405185254840982944350208, 248085907086162543070233044552977473104510976, 847018268607207680698121807702227926529343488, 2891901260256505636652021141702956759908352000, 9873568503811607185211840951407371186574721024, 33710471494733417467543321522223571226482180096, 115094748971310455499749604186079542532779278336, 392958052895774987063911773699871027678152753152, 1341642713640479037256147886427325025647052455936, 4580654748770366174896767998309558047231904317440, 15639333567800506625074776220383582137633512357888, 53396024773661294150505568884915212456070240796672, 182305431959044163351872723098893685549013938470912, 622429678288854065106479754625744317283915272290304, 2125107849237327933722173572305189898037633212219392, 7255572040371603604675734779969270957582702304296960, 24772072463011758551258591975266704034255542792749056, 84577145771303826995682898341128274221856766562402304, 288764438159191790880214409413979688818915980664111104, 985903461094159509529491840973662206831950389531639808, 3366084968058254456357538545066689449689969596798337024, 11492532950044698806371170498319433385095977608130068480, 39237961864062286312769604903144354641003971238923599872, 133966781556159747638336078615938551793823929739434262528, 457391202496514417927805104657465497893287776479889850368, 1561631246873738176434548261397984887985503246440690876416, 5331742582501923869882582836277008556155437432802983804928, 18203707836260219126661234822312064448650743238330553466880, 62151346180037028766879773616694240682292098087716246257664, 212197969047627676814196624822152833831866905874203878096896, 724489183830436649723026952055222853962883427321383019872256, 2473560797226491245263714558576585748187799897537124323295232, 8445264821245091681608804330195897284825432735505731253436416, 28833937690527384235907788203630417642926131146948676367155200, 98445221119619353580413544154129876002053659116783242961747968, 336113009097422645849838600209258668722362374173235619112681472, 1147561594150451876238527312528774922885342178459375990527229952, 3918020358406962213254432049696582354096643965491032723883556864, 13376958245326945100540673573728779570615891505045378914479767552, 45671792264493855975653830195521953574270278089199450210151956480, 155933252567321533701533973634630255155849329346707043011648290816, 532389425740298422854828234147477113474856761208429271626289250304, 1817691197826550624016244989320647943587728386140303000481860419584, 6205985939825605650355323488987637547401200022144353458674863177728, 21188561363649321353388803977309254302429343316296807833735731871744, 72342273574946074112844568931261742114914973220898524417593201131520, 246991971572485653744600667770428459854801206251000482002901340782592, 843283339140050466752713533219190355189374878562204879176418960867328, 2879149413415230559521652797335904501047897101746818552699873161904128, 9830030975380821304581184122905237293812838649862864452446654725881856, 33561825074692824099281430896949140173155560395957820704386872579719168, 114587238348009653787963355341986086104996564284105553912654180867112960, 391225303242652966953290559574046064073675136344506574241842978309013504, 1335726736274592560237235527612212084084707416809815189142063551501828096, 4560456338613064307042360991300756208191479394550247608084568249389285376, 15570371881903072107694972909978600664596502744581360054054145894553485312, 53160574850386159816695169657312890242003052189224945000047447079435370496, 181501555637738495051390732809294359638819203267737059892081496528634511360, 619685072850181660572172591922551658071270708692498349568231091955667304448, 2115737180125249652185908902071617913007444428234519278488761374765400195072, 7223578574800635287599290424441368335887236295553080414818583315150266171392, 24662839938952041846025343893622237517534056325743283102296810511070264295424, 84204202606206896808902794725606213398361752711866971579550075413980524838912, 287491130546923503543560491115180378558378898195981320113606680633781570764800, 981556116975280220556436375009509087436792087360191337295326571707165233381376, 3351242206807273875138624517807675592630410553048802708954092925561097791995904, 11441856593278535059441625321211684195648058037474828161225718558830060701220864, 39064941959499592487489252249231385597331411043801707226994688384198047220891648, 133376054651441299831073758354502173998029528100257172585527316419132067481124864, 455374334686766014349316528919545924797455290313425275888119888908132175482716160, 1554745229444181457735118598969179351193762105053186758381424922794264566968614912, 5308232248403193802241841338037625555180137839585896481749459913360793916909027328, 18123438534724412293497128154212143518333027148237212410234989807854646533698879488, 61877289642091261569504829940773322962971832913777056677441039404696998300977463296, 211262281498916221691025063454669004815221277358633801889294178003078700136512094208, 721294546711482363625090593937129373334941443606981094202294633202920803944093450240, 2462653623848097011118312248839179483709323219710656773030590176805525815503349612544, 8408025401969423317223067807482459188167409991628664903717771440816261654125211549696, 28706794360181499246655646732251477785250993527093346068809905409653994985494146973696, 98011126636787150352176451314040992764669154125116054467804078756983456633726164795392, 334630917826785602915394511791661015488174629446277525733596504208625836563916365234176, 1142501418033568110957225144538562076423360209534877993998777859320536432988213131345920, 3900743836480701237998111554570926274717091579246956924527918428864894058825019794915328, 13317972509855668730077995929206580946021645897918071710114117996818503369323652916969472, 45470402366461272444315760607684471234652400433178372991400635129544225359644572078047232, 155245664446133752317107050572324723046566309936877348545374304524539894699930982478249984, 530041853051612464379796681073929949716960438881152648198695947839071128080434785756905472, 1809676083314182352884972623151070352774709135650855895704035182307204722921877178071121920, 6178620627153504482780297130456421511664915664841118286418748833550676635526639140770676736, 21095130341985653225351243275523545341110244388062761354266924969588297096262802206940463104, 72023280113635603935844378841181338341111146222568808844230202211251835113997930546220498944, 245902859770571109292675028813678262682224096114149712668386958905830746263466117771001069568, 839564878855013229299011357572350374046674092011461232985087431200819314825868609991563280384, 2866453795878910698610695372662044970822248175817545506603575806991615766776542204424250982400, 9786685425805616335844758775503479135195644519247259560444128365564824437454431597713877368832, 33413834111464643946157644356689826599138081725353947228569361848276066216264641982007007510528, 114081965594247343112941059875752348126161037862921269793389190661974615990149704732600275304448, 389500194154060084559448950789629739306367988000977184716418038951346331528069534966387086196736, 1329836845427745652011913683407014260973149876278066199278893774481436094131978730400347794178048, 4540346993402862438928756832048797565279863529110310427682739020023051713471775851668617004318720, 15501714282755958451691199961381161739173154363885109312173168531129334665623145945873772428918784, 52926163144218108928907286181427051826132890397319816393327196084471235235549032080157855707037696, 180701224011360518812246744802945883826185252861509046948962447275626271610949836428883877970313216, 616952569757005857391172406848929431652475230651396555009195396933562615972701281555219800467177472, 2106407831005302391940196137789825958957530416882568126138856693182997920668905453363111445928083456, 7191726184507197852978439737461444972525171206227479394537035978864866450730219250342006182777978880, 24554089076018186628033366674266127972185623991144781325870430529093469961583066094641801839255748608, 83832903935058350806176587222141621943692153552124166514407650158644146944871825877883194991467036672, 286223437588197029968639615540034231830397366226207103405889739576389647856321171322249176287356649472, 977227942482671418262205287715853683434205157800580080594743657988270297535541033533230315166492524544, 3336464894754291613111541919783346270076025898749906115567195152800301894429521791488422908091256799232, 11391403694051823615921757103701677713435693279398464301079293295224666982647005098887231002032042147840, 38892684986698711237463944575240018313590721320094044973182782875298064141728976812572078191945654992896, 132787932558691197718012264093556717827491498721579251290572544910742922601621897052513850763718535675904, 453366360261367368397121167223746834682784552246128915215924613892375562123029634584911246670982832717824, 1547889575928087078152460140707873903076155211541357158282553365748016403288874744234617285156494259519488, 5284825583189613575815598228384001942939051741673170802698364235207314488909439707768646647284011372642304, 18043523180902280146957472632120259965603896543609968894228350209333225149060009342605352018823056971530240]
Predicted:    
[2, 5, 16, 54, 184, 628, 2144, 7320, 24992, 85328, 291328, 994656, 3395968, 11594560, 39586304, 81161921, 277104129, 568133448, 1939728904, 3976934137, 13578102329, 27838538960, 95046716304, 194869772721, 665327014129, 1364088409048, 4657289098904, 9548618863337, 32601023692329, 66840332043360, 228207165846304, 467882324303521, 1597450160924129, 3275176270124648, 11182151126468904, 22926233890872537, 78275057885282329, 160483637236107760, 547925405196976304, 1123385460652754321, 3835477836378834129, 7863698224569280248, 26848344854651838904, 55045887571984961737, 187938413982562872329, 385321213003894732160, 1315568897877940106304, 2697248491027263125121, 9208982285145580744129, 18880739437190841875848, 64462875996019065208904, 132165176060335893130937, 451240131972133456462329, 925156232422351251916560, 3158680923804934195236304, 6476093626956458763415921, 22110766466634539366654129, 45332655388695211343911448, 154775365266441775566578904, 317328587720866479407380137, 1083427556865092428966052329, 2221300114046065355851660960, 7583992898055647002762366304, 15549100798322457490961626721, 53087950286389529019336564129, 108843705588257202436731387048, 371615652004726703135355948904, 761905939117800417057119709337, 2601309564033086921947491642329, 5333341573824602919399837965360, 18209166948231608453632441496304, 37333391016772220435798865757521, 127464168637621259175427090474129, 261333737117405543050592060302648, 892249180463348814227989633318904, 1829336159821838801354144422118537, 6245744263243441699595927433232329, 12805353118752871609479010954829760, 43720209842704091897171492032626304, 89637471831270101266353076683808321, 306041468898928643280200444228384129, 627462302818890708864471536786658248, 2142290282292500502961403109598688904, 4392236119732234962051300757506607737, 14996031976047503520729821767190822329, 30745652838125644734359105302546254160, 104972223832332524645108752370335756304, 215219569866879513140513737117823779121, 734805566826327672515761266592350294129, 1506536989068156591983596159824766453848, 5143638967784293707610328866146452058904, 10545758923477096143885173118773365176937, 36005472774490055953272302063025164412329, 73820312464339673007196211831413556238560, 252038309421430391672906114441176150886304, 516742187250377711050373482819894893669921, 1764268165950012741710342801088233056204129, 3617195310752643977352614379739264255689448, 12349877161650089191972399607617631393428904, 25320367175268507841468300658174849789826137, 86449140131550624343806797253323419754002329, 177242570226879554890278104607223948528782960, 605143980920854370406647580773263938278016304, 1240697991588156884231946732250567639701480721, 4236007866445980592846533065412847567946114129, 8684885941117098189623627125753973477910365048, 29652055065121864149925731457889932975622798904, 60794201587819687327365389880277814345372555337, 207564385455853049049480120205229530829359592329, 425559411114737811291557729161944700417607887360, 1452950698190971343346360841436606715805517146304, 2978915877803164679040904104133612902923255211521, 10170654887336799403424525890056247010638620024129, 20852411144622152753286328728935290320462786480648, 71194584211357595823971681230393729074470340168904, 145966878012355069273004301102547032243239505364537, 498362089479503170767801768612756103521292381182329, 1021768146086485484911030107717829225702676537551760, 3488534626356522195374612380289292724649046668276304, 7152377022605398394377210754024804579918735762862321, 24419742384495655367622286662025049072543326677934129, 50066639158237788760640475278173632059431150340036248, 170938196691469587573356006634175343507803286745538904, 350466474107664521324483326947215424416018052380253737, 1196567376840287113013492046439227404554623007218772329, 2453265318753651649271383288630507970912126366661776160, 8375971637882009791094444325074591831882361050531406304, 17172857231275561544899683020413555796384884566632433121, 58631801465174068537661110275522142823176527353719844129, 120210000618928930814297781142894890574694191966427031848, 410422610256218479763627771928654999762235691476038908904, 841470004332502515700084468000264234022859343764989222937, 2872958271793529358345394403500584998335649840332272362329, 5890290030327517609900591276001849638160015406354924560560, 20110707902554705508417760824504094988349548882325906536304, 41232030212292623269304138932012947467120107844484471923921, 140774955317882938558924325771528664918446842176281345754129, 288624211486048362885128972524090632269840754911391303467448, 985424687225180569912470280400700654429127895233969420278904, 2020369480402338540195902807668634425888885284379739124272137, 6897972810576263989387291962804904581003895266637785941952329, 14142586362816369781371319653680440981222196990658173869904960, 48285809674033847925711043739634332067027266866464501593666304, 98998104539714588469599237575763086868555378934607217089334721, 338000667718236935479977306177440324469190868065251511155664129, 692986731778002119287194663030341608079887652542250519625343048, 2366004674027658548359841143242082271284336076456760578089648904, 4850907122446014835010362641212391256559213567795753637377401337, 16562032718193609838518888002694575898990352535197324046627542329, 33956349857122103845072538488486738795914494974570275461641809360, 115934229027355268869632216018862031292932467746381268326392796304, 237694448999854726915507769419407171571401464821991928231492665521, 811539603191486882087425512132034219050527274224668878284749574129, 1663861142998983088408554385935850200999810253753943497620448658648, 5680777222340408174611978584924239533353690919572682147993247018904, 11647028000992881618859880701550951406998671776277604483343140610537, 39765440556382857222283850094469676733475836437008775035952729132329, 81529196006950171332019164910856659848990702433943231383401984273760, 278358083894680000555986950661287737134330855059061425251669103926304, 570704372048651199324134154375996618942934917037602619683813889916321, 1948506587262760003891908654629014159940315985413429976761683727484129, 3994930604340558395268939080631976332600544419263218337786697229414248, 13639546110839320027243360582403099119582211897894009837331786092388904, 27964514230383908766882573564423834328203810934842528364506880605899737, 95476822775875240190703524076821693837075483285258068861322502646722329, 195751599612687361368178014950966840297426676543897698551548164241298160, 668337759431126681334924668537751856859528382996806482029257518527056304, 1370261197288811529577246104656767882081986735807283889860837149689087121, 4678364316017886769344472679764262998016698680977645374204802629689394129, 9591828381021680707040722732597375174573907150650987229025860047823609848, 32748550212125207385411308758349840986116890766843517619433618407825758904, 67142798667151764949285059128181626222017350054556910603181020334765268937, 229239851484876451697879161308448886902818235367904623336035328854780312329, 469999590670062354644995413897271383554121450381898374222267142343356882560, 1604678960394135161885154129159142208319727647575332363352247301983462186304, 3289997134690436482514967897280899684878850152673288619555869996403498177921, 11232752722758946133196078904113995458238093533027326543465731113884235304129, 23029979942833055377604775280966297794151951068713020336891089974824487245448, 78629269059312622932372552328797968207666654731191285804260117797189647128904, 161209859599831387643233426966764084559063657480991142358237629823771410718137, 550404883415188360526607866301585777453666583118339000629820824580327529902329, 1128469017198819713502633988767348591913445602366937996507663408766399875026960, 3852834183906318523686255064111100442175666081828373004408745772062292709316304, 7899283120391737994518437921371440143394119216568565975553643861364799125188721, 26969839287344229665803785448777703095229662572798611030861220404436048965214129, 55294981842742165961629065449600081003758834515979961828875507029553593876321048, 188788875011409607660626498141443921666607638009590277216028542831052342756498904, 387064872899195161731403458147200567026311841611859732802128549206875157134247337, 1321522125079867253624385486990107451666253466067131940512199799817366399295492329, 2709454110294366132119824207030403969184182891283018129614899844448126099939731360, 9250654875559070775370698408930752161663774262469923583585398598721564795068446304, 18966178772060562924838769449212827784289280238981126907304298911136882699578119521, 64754584128913495427594888862515265131646419837289465085097790191050953565479124129, 132763251404423940473871386144489794490024961672867888351130092377958178897046836648, 453282088902394467993164222037606855921524938861026255595684531337356674958353868904, 929342759830967583317099703011428561430174731710075218457910646645707252279327856537, 3172974622316761275952149554263247991450674572027183789169791719361496724708477082329, 6505399318816773083219697921079999930011223121970526529205374526519950765955294995760, 22210822356217328931665046879842735940154722004190286524188542035530477072959339576304, 45537795231717411582537885447559999510078561853793685704437621685639655361687064970321]
len(predicted_full) = 200, len(input_sequence + seq_pred) = 200
is_manual_check: False
