test results being evaluated: data/test_linrec15.tsv
csv file used: ../linear_database_newbl.csv
The sequence ID inspected: A162257
csv results file used: ../linear_database_newbl.csv
Results we are looking at now:
('Could you give me a recursive equation in a form of a Python code for the following number sequence: -2,7,33,82,160,273,427,628,882,1195,1573,2022,2548,3157,3855', 'Certainly, the Python code is the following: lambda a_n: a_n[-2] // n + ( n + ( n ) + a_n[-1] - -4 ) * 4')

Experiment type: Evaluation of the results of llms.
Ground truth: 
[-2, 7, 33, 82, 160, 273, 427, 628, 882, 1195, 1573, 2022, 2548, 3157, 3855, 4648, 5542, 6543, 7657, 8890, 10248, 11737, 13363, 15132, 17050, 19123, 21357, 23758, 26332, 29085, 32023, 35152, 38478, 42007, 45745, 49698, 53872, 58273, 62907, 67780, 72898, 78267, 83893, 89782, 95940, 102373, 109087, 116088, 123382, 130975, 138873, 147082, 155608, 164457, 173635, 183148, 193002, 203203, 213757, 224670, 235948, 247597, 259623, 272032, 284830, 298023, 311617, 325618, 340032, 354865, 370123, 385812, 401938, 418507, 435525, 452998, 470932, 489333, 508207, 527560, 547398, 567727, 588553, 609882, 631720, 654073, 676947, 700348, 724282, 748755, 773773, 799342, 825468, 852157, 879415, 907248, 935662, 964663, 994257, 1024450, 1055248, 1086657, 1118683, 1151332, 1184610, 1218523, 1253077, 1288278, 1324132, 1360645, 1397823, 1435672, 1474198, 1513407, 1553305, 1593898, 1635192, 1677193, 1719907, 1763340, 1807498, 1852387, 1898013, 1944382, 1991500, 2039373, 2088007, 2137408, 2187582, 2238535, 2290273, 2342802, 2396128, 2450257, 2505195, 2560948, 2617522, 2674923, 2733157, 2792230, 2852148, 2912917, 2974543, 3037032, 3100390, 3164623, 3229737, 3295738, 3362632, 3430425, 3499123, 3568732, 3639258, 3710707, 3783085, 3856398, 3930652, 4005853, 4082007, 4159120, 4237198, 4316247, 4396273, 4477282, 4559280, 4642273, 4726267, 4811268, 4897282, 4984315, 5072373, 5161462, 5251588, 5342757, 5434975, 5528248, 5622582, 5717983, 5814457, 5912010, 6010648, 6110377, 6211203, 6313132, 6416170, 6520323, 6625597, 6731998, 6839532, 6948205, 7058023, 7168992, 7281118, 7394407, 7508865, 7624498, 7741312, 7859313, 7978507, 8098900]
Predicted:    
[-2, 7, 33, 82, 160, 273, 427, 628, 882, 1195, 1573, 2022, 2548, 3157, 3855, 15766, 63448, 254871, 1023168, 4106254, 16476350, 66101119, 265153593, 1063488533, 4265002406, 17102549381, 68574236302, 274930373194, 1102170572883, 4418162649476, 17709389617256, 70980079845077, 284473737806119, 1140045862735212, 4568550325582492, 18306774041265555, 73354000340773148, 293910779039883864, 1177573484589556122, 4717830112179760299, 18900759785833780435, 75718108170461457701, 303322450771984730690, 1215050689324461282601, 4867096449360844783742, 19495386923872811608290, 78087354140042569146234, 312764212026635655555717, 1252683667984460175747147, 5017117615040425104122786, 20093524133521389620006502, 80472471389282429560499427, 322276299482774360350075188, 1290623546447876355165593634, 5168462265411556797705894894, 20697314944308915851826590825, 82881553746260869778693969029, 331889325773540126761299150111, 1328986295400130522041380979700, 5321570424410243107263173057425, 21308431469230974604420048579857, 85320964736340459780094344697922, 341627543323897822581738992478971, 1367864474323152250006005086498910, 5476795827657044903501860017753651, 21928227379463920417853686303115123, 87795891272820182351770834000608818, 351510852067093623741678167141288288, 1407334524316504203530709298476927371, 5634432457440902228959673109373525824, 22557834608682416118746273998900917120, 90310696638355592675392978715454000413, 361556089811876293147665613111800737204, 1447461492078167577969777424758373552161, 5794731861418236207732456531643113138133, 23198226932233987065302756492235897533843, 92869154200796714527102242502254683729918, 371777892477631455343023291521904915407756, 1488302200092587317712184220478674208858970, 5957914849642218023448015657756746264745486, 23850263176070029435263464933782968486593337, 95474607208596688333935934002511586863222721, 382189285702387607353246948997043700727118304, 1529907439281943160597734012060494219617669350, 6124179629576610590097522321444322636812667591, 24514717429356818162279474391801531655716761287, 98130081108468861144351589687222921072132309428, 392802102795132419498811869948797449020204143726, 1572323525738580460508251475132544602002090806412, 6293707609727300857982430753001513210806343048215, 25192300700306298770379814695063081116580950980333, 100838364423310110475563021755560033402706291208320, 403627287048678553845408389355882123622961914301209, 1615593431683136904741585847980039892700478907648696, 6466667634041576114220017949253732784883010970109394, 25883676782815600634824720069098931559455206816308338, 103602068252450335623822005463367119287663358629506108, 414675115038490163120389307627376713558482869639842835, 1659757624115720349783841128524439171777683145484163018, 6643219133988522713914358345487932209469909176579479575, 26589474112195248059155271793236973229597413537772760746, 106423670895652165728838061017952723930364603746898761427, 425955364701355675151226315363901454282532899434043799096, 1704854698328681459495476504766459727071203098743426641509, 6823514517975315796396821656713568729960605980545187757259, 27310294783313917294725338784042526917243102046930688426477, 109305551911727134422263589302742877185292791263010915855425, 437477444046752592990874220190261625815164091239398155837772, 1750921864630637475059999321402738566938297964876694576276555, 7007701013055088914854592461942975016613881438325488379931307, 28046721523716997818282551659784652235245873916619014379510456, 112250018536427046128218986751408365472664701805560070926870937, 449250491302169943421967755502595824857044931096495810621587431, 1797995328204577358166881809503758594697849323517005897981278705, 7195922106601661800592281341133478201816459091709220923597234935, 28799323168391034831570576510703510708089295926171814180458343099, 115259326484827946755597756744030710747890084214098543109105763296, 461283454000580086465395903698436548211287595795934102472153467324, 1846110589955581599647648002562763402258268095761821990762419851300, 7388318691368549760661729790954401815320562194776665560549445401691, 29568659020390495555977316230505630289634401013238010758787468439834, 118335696566614614866559361862443631917341906219851023742261852647937, 473585152324002643856040540205762278737315447838528996696578455416017, 1895302688129885490992182968643068981875419042624196076410234649735376, 7585029987618929082064345104735225623297944843463224055614298102615221, 30355282371980755412185317882690047045046782726193889791068474287659783, 121481328138618409974789401253813642351800606657501457767889883643518054, 486164330525906559233111820116693073714643739879818381384875034371613876, 1945606394979709193260375322664067713939448401758785255678311777202421528, 7786194295659347676601447893912989406716821853080721010165843039308691918, 31159743385675696161738563693518604301589898553874874696476282247828633508, 124698410140379573560516097887768409491907050870866527190562883518332158698, 499029699223530988909956350366933627394155399684631827509952111969145519451, 1997056378925254629125242815737567354760771275812744351597632228955667283084, 7991949617934029941791344071535097281934086262950116449879409155464229920882, 31982591481950380912566304010701408145179017431621300942862804267997332034869, 127989130263227509164543093572743390648965585066653954627700330374603035713527, 512189970625770988343665558991781602071374595868306484941041195982120152578102, 2049687339968759515035274867079972374884403931191100243783206090670325559847683, 8202434179807597563654363249319830374372661585166331237614414587112828283655011, 32824377343087309965439133532044178443025534940173832809341824106241815460048663, 131355682664404612894122877129944939519438116083994383231960306457499976934406115, 525653888244541601646670657347470210038618841342598475412414055577226962776076658, 2103534124185609795488040132027153182388877030517834421812117483193226032761191750, 8417786870966359609741373518784636828236331864025105732216611697047745984952935367, 33685654615756373678934377110531838024548009366655718338672047598419902740037681897, 134800274537484168411694641137461493446330642479390168599429400062837472234020269425, 539430252262969029930308730380529863839911331886041325542878634588754105961523512102, 2158631821717669931669962588016291492477525939993350370878267439706792352712540132509, 8638147624134189585941127591866377579734532695086730619926109212750583867937150621929, 34566981375348209476642310118052285595554647619946878148843625300600380754100019423148, 138325131777049355718396665158247992564865839040682126705440237025002520260558601870120, 553527941459351029514880360041663366875223584107596578388529656161198241441932433925285, 2215015851666012283783171091572916526275828100084246981048925423579596903808648419374733, 8863657743946252713246417355642585997096008657376647642237185653124629162256943888110084, 35468921400634468996752012461870814417585814165636166355923251808779675338729766832566590, 141932503921409326324913475599763017836991308000091951626527860989305397695702765688524739, 567955932382456633127658692287344242140433931453652113298187388236258404001529086746664346, 2272722036516670895335475993678489392725260987257647009848613653331041878016848642972029073, 9094460195955881421801826356426456591291864288222120442622745100042634546054825572433694085, 36392045296551754880303152150666316923871990034058842064302534235503857195956907593753352817, 145624668516616683380975352865748661835806543144236747887288539085493954464237908794717969678, 582723316321383719665137850673801229546459950293206614031032567047133249074210628435623443930, 2331786668159869950337735300565546934516120822909907663166383572109302897857972807661479776853, 9330699863592658970373289603790686526049522681580442888116943023602133135633563246672965593154, 37336931494783726002404296204863143358346673276763649780729386540300104075248543730980719827145, 149403935014457751352812204636342878773905063725618336730677286781824525536751003618179945367714, 597839314497919530716652437085520396193574426598741392729779382974844809357035442878294516321472, 2392246567128668942815138392417297911433666188917141870542514420511175811984908146534714850676341, 9572523779251349851323965714267330819676638568843707963783843358867039607758313269232813808128752, 38304167155635568046135951906436483854656164076486109160256211755588812406397870183675577084579186, 153272648293765964288937515027583756066692940742019546044321828562465583190549131689493143506786717, 613313291821317552318808990063279422428717438340615894114265548039139011904094188793924176219500464, 2454139136350552093461877217565415861715255261690452128746335728737841975842911721254826723048562716, 9820081334435664221849341105836739765380726319395949985641172027296420426428566966564099559873674688, 39294348989950374327931432293161618580732706736222031097586095741921326517004798790377854392197834812, 157233191876474427222077145883475092162506853798975601378899162354204035729532993837457804498108804732, 629154769477592343771517235693748739376472232748084450889029339223267675836307143704579115474877016036, 2517502410449001253890687353706924592855116497586714070979594318479330276579664153435380831587699688082, 10073524472910404972790523254133250040355530081032599772470829951790076791658524251415850583979150022022, 40308084016144114342572596835164705298049093193561436390277650886707414557059539584293598896092087310033, 161287990895918503806604147137642982794629276255356422907919834651535680751948978913149068792014642888126, 645373436572773708162364789632083825163671220918093611611845699325300456054812726309652833403751385220514, 2582375101432602584036380492665699469959573568242075847665458861971428795152321664686224170056491959697132, 10333007870059610193255100040171667900627227268734162595072769391903787465696541075735710010842292574579257, 41345990264570508895096272487674053761805987850981202141629809777679860288705906582211414228072178362965535, 165439514864035044237338074359514342294001517141928755677245436795622149689585435689467891912347005347425898, 661979161008357131542374202638526214383288453529484975661610783598412020471115571135316548474137070471859999, 2648796641452918074277142225843251210417696375379333140708556142036177986936002632603444214598209702128651228, 10598689101055102758122020618730880641746887556827012377520264836840999842032217491107614512088469163384827921, 42408697439175426390773751644533223889147643366125835473979525432322084515428533136181002491588604073024200858, 169690280275555397200572085220115779748432180205638561856009830864559756909054615358813578628721371628030756954, 678981999734717294148073620836945062868151364798419486150466300153199038493069651712005257236195843825003363747, 2716807223189001587976753406069128001626742413495261564093347116834892318515848838015683275466175714013112061506, 10870728799971133760639735653249898321264021980603718521765916644144482671169029731710733128963858504731958574209, 43496847544618837614804977245851229838910584037355875428417991433587340388873636100371218071114234920025337437188, 174042853080516019509019091308166398428710009730957194155109546941717445650755610879707886228992469570431614845102, 696392208502493615282852025015639457825697453055998095785049446606634185346113172636092312520391777951371258049193, 2786447838318461915775393044968154631294854004192330550787445814441393900200870648175074845466562023267961959546074, 11149290811608031048102993546832496110394620526583673952374833757497267229875573613668319946250772674870598447522834]
len(predicted_full) = 200, len(input_sequence + seq_pred) = 200
is_manual_check: False
