test results being evaluated: data/test_linrec15.tsv
csv file used: ../linear_database_newbl.csv
The sequence ID inspected: A162396
csv results file used: ../linear_database_newbl.csv
Results we are looking at now:
('Could you give me a recursive equation in a form of a Python code for the following number sequence: 5,2,10,4,20,8,40,16,80,32,160,64,320,128,640', 'Certainly, the Python code is the following: lambda a_n: a_n[-2] + a_n[-2]')

Experiment type: Evaluation of the results of llms.
Ground truth: 
[5, 2, 10, 4, 20, 8, 40, 16, 80, 32, 160, 64, 320, 128, 640, 256, 1280, 512, 2560, 1024, 5120, 2048, 10240, 4096, 20480, 8192, 40960, 16384, 81920, 32768, 163840, 65536, 327680, 131072, 655360, 262144, 1310720, 524288, 2621440, 1048576, 5242880, 2097152, 10485760, 4194304, 20971520, 8388608, 41943040, 16777216, 83886080, 33554432, 167772160, 67108864, 335544320, 134217728, 671088640, 268435456, 1342177280, 536870912, 2684354560, 1073741824, 5368709120, 2147483648, 10737418240, 4294967296, 21474836480, 8589934592, 42949672960, 17179869184, 85899345920, 34359738368, 171798691840, 68719476736, 343597383680, 137438953472, 687194767360, 274877906944, 1374389534720, 549755813888, 2748779069440, 1099511627776, 5497558138880, 2199023255552, 10995116277760, 4398046511104, 21990232555520, 8796093022208, 43980465111040, 17592186044416, 87960930222080, 35184372088832, 175921860444160, 70368744177664, 351843720888320, 140737488355328, 703687441776640, 281474976710656, 1407374883553280, 562949953421312, 2814749767106560, 1125899906842624, 5629499534213120, 2251799813685248, 11258999068426240, 4503599627370496, 22517998136852480, 9007199254740992, 45035996273704960, 18014398509481984, 90071992547409920, 36028797018963968, 180143985094819840, 72057594037927936, 360287970189639680, 144115188075855872, 720575940379279360, 288230376151711744, 1441151880758558720, 576460752303423488, 2882303761517117440, 1152921504606846976, 5764607523034234880, 2305843009213693952, 11529215046068469760, 4611686018427387904, 23058430092136939520, 9223372036854775808, 46116860184273879040, 18446744073709551616, 92233720368547758080, 36893488147419103232, 184467440737095516160, 73786976294838206464, 368934881474191032320, 147573952589676412928, 737869762948382064640, 295147905179352825856, 1475739525896764129280, 590295810358705651712, 2951479051793528258560, 1180591620717411303424, 5902958103587056517120, 2361183241434822606848, 11805916207174113034240, 4722366482869645213696, 23611832414348226068480, 9444732965739290427392, 47223664828696452136960, 18889465931478580854784, 94447329657392904273920, 37778931862957161709568, 188894659314785808547840, 75557863725914323419136, 377789318629571617095680, 151115727451828646838272, 755578637259143234191360, 302231454903657293676544, 1511157274518286468382720, 604462909807314587353088, 3022314549036572936765440, 1208925819614629174706176, 6044629098073145873530880, 2417851639229258349412352, 12089258196146291747061760, 4835703278458516698824704, 24178516392292583494123520, 9671406556917033397649408, 48357032784585166988247040, 19342813113834066795298816, 96714065569170333976494080, 38685626227668133590597632, 193428131138340667952988160, 77371252455336267181195264, 386856262276681335905976320, 154742504910672534362390528, 773712524553362671811952640, 309485009821345068724781056, 1547425049106725343623905280, 618970019642690137449562112, 3094850098213450687247810560, 1237940039285380274899124224, 6189700196426901374495621120, 2475880078570760549798248448, 12379400392853802748991242240, 4951760157141521099596496896, 24758800785707605497982484480, 9903520314283042199192993792, 49517601571415210995964968960, 19807040628566084398385987584, 99035203142830421991929937920, 39614081257132168796771975168, 198070406285660843983859875840, 79228162514264337593543950336, 396140812571321687967719751680, 158456325028528675187087900672, 792281625142643375935439503360, 316912650057057350374175801344, 1584563250285286751870879006720, 633825300114114700748351602688, 3169126500570573503741758013440, 1267650600228229401496703205376]
Predicted:    
[5, 2, 10, 4, 20, 8, 40, 16, 80, 32, 160, 64, 320, 128, 640, 256, 1280, 512, 2560, 1024, 5120, 2048, 10240, 4096, 20480, 8192, 40960, 16384, 81920, 32768, 163840, 65536, 327680, 131072, 655360, 262144, 1310720, 524288, 2621440, 1048576, 5242880, 2097152, 10485760, 4194304, 20971520, 8388608, 41943040, 16777216, 83886080, 33554432, 167772160, 67108864, 335544320, 134217728, 671088640, 268435456, 1342177280, 536870912, 2684354560, 1073741824, 5368709120, 2147483648, 10737418240, 4294967296, 21474836480, 8589934592, 42949672960, 17179869184, 85899345920, 34359738368, 171798691840, 68719476736, 343597383680, 137438953472, 687194767360, 274877906944, 1374389534720, 549755813888, 2748779069440, 1099511627776, 5497558138880, 2199023255552, 10995116277760, 4398046511104, 21990232555520, 8796093022208, 43980465111040, 17592186044416, 87960930222080, 35184372088832, 175921860444160, 70368744177664, 351843720888320, 140737488355328, 703687441776640, 281474976710656, 1407374883553280, 562949953421312, 2814749767106560, 1125899906842624, 5629499534213120, 2251799813685248, 11258999068426240, 4503599627370496, 22517998136852480, 9007199254740992, 45035996273704960, 18014398509481984, 90071992547409920, 36028797018963968, 180143985094819840, 72057594037927936, 360287970189639680, 144115188075855872, 720575940379279360, 288230376151711744, 1441151880758558720, 576460752303423488, 2882303761517117440, 1152921504606846976, 5764607523034234880, 2305843009213693952, 11529215046068469760, 4611686018427387904, 23058430092136939520, 9223372036854775808, 46116860184273879040, 18446744073709551616, 92233720368547758080, 36893488147419103232, 184467440737095516160, 73786976294838206464, 368934881474191032320, 147573952589676412928, 737869762948382064640, 295147905179352825856, 1475739525896764129280, 590295810358705651712, 2951479051793528258560, 1180591620717411303424, 5902958103587056517120, 2361183241434822606848, 11805916207174113034240, 4722366482869645213696, 23611832414348226068480, 9444732965739290427392, 47223664828696452136960, 18889465931478580854784, 94447329657392904273920, 37778931862957161709568, 188894659314785808547840, 75557863725914323419136, 377789318629571617095680, 151115727451828646838272, 755578637259143234191360, 302231454903657293676544, 1511157274518286468382720, 604462909807314587353088, 3022314549036572936765440, 1208925819614629174706176, 6044629098073145873530880, 2417851639229258349412352, 12089258196146291747061760, 4835703278458516698824704, 24178516392292583494123520, 9671406556917033397649408, 48357032784585166988247040, 19342813113834066795298816, 96714065569170333976494080, 38685626227668133590597632, 193428131138340667952988160, 77371252455336267181195264, 386856262276681335905976320, 154742504910672534362390528, 773712524553362671811952640, 309485009821345068724781056, 1547425049106725343623905280, 618970019642690137449562112, 3094850098213450687247810560, 1237940039285380274899124224, 6189700196426901374495621120, 2475880078570760549798248448, 12379400392853802748991242240, 4951760157141521099596496896, 24758800785707605497982484480, 9903520314283042199192993792, 49517601571415210995964968960, 19807040628566084398385987584, 99035203142830421991929937920, 39614081257132168796771975168, 198070406285660843983859875840, 79228162514264337593543950336, 396140812571321687967719751680, 158456325028528675187087900672, 792281625142643375935439503360, 316912650057057350374175801344, 1584563250285286751870879006720, 633825300114114700748351602688, 3169126500570573503741758013440, 1267650600228229401496703205376]
len(predicted_full) = 200, len(input_sequence + seq_pred) = 200
is_manual_check: True
