test results being evaluated: data/test_linrec15.tsv
csv file used: ../linear_database_newbl.csv
The sequence ID inspected: A163276
csv results file used: ../linear_database_newbl.csv
Results we are looking at now:
('Could you give me a recursive equation in a form of a Python code for the following number sequence: 0,2,288,5832,51200,281250,1143072,3764768,10616832,26572050,60500000,127552392,252315648,473027282,847072800', 'Certainly, the Python code is the following: lambda a_n: n * 9 * a_n[-1] // 2')

Experiment type: Evaluation of the results of llms.
Ground truth: 
[0, 2, 288, 5832, 51200, 281250, 1143072, 3764768, 10616832, 26572050, 60500000, 127552392, 252315648, 473027282, 847072800, 1458000000, 2424307712, 3910286178, 6139206432, 9409176200, 14112000000, 20755401282, 29988984608, 42634336032, 59719680000, 82519531250, 112599800352, 151868831688, 202634872832, 267670494450, 350284500000, 454401884672, 584652423168, 746468486082, 946192704800, 1191196125000, 1490007508992, 1852454467298, 2289817120032, 2814995008800, 3442688000000, 4189591940562, 5074609847328, 6119079431432, 7347017779200, 8785384031250, 10464360921632, 12417656059008, 14682823852032, 17301609001250, 20320312500000, 23790181106952, 27767821273088, 32315638526082, 37502303335200, 43403244500000, 50101171126272, 57686624272818, 66258559372832, 75924960553800, 86803488000000, 99022159521842, 112720067516448, 128048132524032, 145169894604800, 164262343781250, 185516790810912, 209139779574728, 235354042386432, 264399499548450, 296534304500000, 332035935923232, 371202338193408, 414353111579282, 461830753620000, 514001953125000, 571258938263552, 634020880230738, 702735353996832, 777879857667200, 859963392000000, 949528101649122, 1047150979719968, 1153445637245832, 1269064139212800, 1394698908781250, 1531084701372192, 1679000650306848, 1839272385708032, 2012774228392050, 2200431460500000, 2403222674637512, 2622182203312128, 2858402630477682, 3113037387015200, 3387303432000000, 3682484021624832, 3999931567669058, 4341070587424032, 4707400747005000, 5100500000000000, 5522027823426402, 5973728552985888, 6457434819628832, 6975071089459200, 7528657309031250, 8120312658109472, 8752259411983368, 9426826915448832, 10146455670588050, 10913701540500000, 11731240071153792, 12601870933557248, 13528522488453282, 14514256475776800, 15562272831125000, 16675914631514112, 17858673172715778, 19114193180486432, 20446278158023200, 21858895872000000, 23356183979557682, 24942455798642208, 26622206224105032, 28400117792000000, 30281066894531250, 32270130148126752, 34372590917132288, 36593945995640832, 38939912449992450, 41416434624500000, 44029691312976072, 46786103098656768, 49692339865138082, 52755328480960800, 55982260660500000, 59380601003835392, 62958095218298898, 66722778524416032, 70682984248977800, 74847352608000000, 79224839682346962, 83824726588816928, 88656628849506432, 93730505962291200, 99056671175281250, 104645801468128032, 110508947743081608, 116657545228716032, 123103424099261250, 129858820312500000, 136936386669208352, 144349204097138688, 152110793162564082, 160235125812423200, 168736637350125000, 177630238648092672, 186931328600146418, 196655806816844832, 206820086566924800, 217441107968000000, 228536351429698242, 240123851352438048, 252222210085065032, 264850612144588800, 278028838701281250, 291777282332417312, 306116962047959328, 321069538591506432, 336657330019850450, 352903327564500000, 369831211778554632, 387465368972331008, 405830907941163282, 424953676988820000, 444860281250000000, 465578100315389952, 487135306162786338, 509560881397804832, 532884637807720200, 557137235232000000, 582350200753115522, 608555948211233568, 635787798046412832, 664079997471948800, 693467740982531250, 723987191200898592, 755675500066693448, 788570830371244032, 822712377642016050, 858140392380500000, 894896202657318912, 933022237068361728, 972562048055767682, 1013560335597607200, 1056062971270125000, 1100117022686431232, 1145770778315546658, 1193073772685728032, 1242076811976020000]
Predicted:    
[0, 2, 288, 5832, 51200, 281250, 1143072, 3764768, 10616832, 26572050, 60500000, 127552392, 252315648, 473027282, 847072800, 57177414000, 4116773808000, 314933196312000, 25509588901272000, 2181069851058756000, 196296286595288040000, 18549999083254719780000, 1836449909242217258220000, 190072565606569486225770000, 20527837085509504512383160000, 2309381672119819257643105500000, 270197655638018853144243343500000, 32829015160019290657025566235250000, 4136455910162430622785221345641500000, 539807496276197196273471385606215750000, 72874011997286621496918637056839126250000, 10165924673621483698820149869429058111875000, 1463893153001493652630101581197784368110000000, 217388133220721807415570084807870978664335000000, 33260384382770436534582222975604259735643255000000, 5238510540286343754196700118657670908363812662500000, 848638707526387688179865419222542687154937651325000000, 141298344803143550081947592300553357411297118945612500000, 24162016961337547064013038283394624117331807339699737500000, 4240433976714739509734288218735756532591732188117303931250000, 763278115808653111752171879372436175866511793861114707625000000, 140824812366696499118275711744214474447371425967375663556812500000, 26615889537305638333354109519656535670553199507834000412237562500000, 5150174625468641017504020192053539652252044104765879079767968343750000, 1019734575842790921465795998026600851145904732743644057794057732062500000, 206496251608165161596823689600386672357045708380587921703296690742656250000, 42744724082890188450542503747280041177908461634781699792582414983729843750000, 9040509143531274857289739542549728709127639635756329506131180769058861953125000, 1952749975002755369174583741190741401171570161323367173324335046116714181875000000, 430581369488107558902995714932558478958331220571802461718015877668735477103437500000, 96880808134824200753174035859825657765624524628655553886553572475465482348273437500000, 22234145466942154072853441229829988457210828402276449616964044883119328198928753906250000, 5202790039264464053047705247780217298987333846132689210369586502649922798549328414062500000, 1240865424364574676651877701595581825808479122302646376673146380882006587454014826753906250000, 301530298120591646426406281487726383671460426719543069531574570554327600751325602901199218750000, 74628748784846432490535554668212279958686455613086909709064706212196081185953086718046806640625000, 18806444693781300987614959776389494549588986814497901246684305965473412458860177852947795273437500000, 4823853063954903703323237182643905351969575117918711669774524480143930295697635619281109487636718750000, 1259025649692229866567364904670059296864059105776783745811150889317565807177082896632369576273183593750000, 334271309993287029573635382189900743317407692583736084512860561113813721805515509055894122500530244140625000, 90253253698187497984881553191273200695700076997608742818472351500729704887489187445091413075143165917968750000, 24774518140152468196849986351004493590969671135843599903670660486950303991615781953677592889126799044482421875000, 6912090561102538626921146191930253711880538246900364373124114275859134813660803165076048416066376933410595703125000, 1959577674072569700732144945412226927318132592996253299780686397206064719672837697299059725954817860621903881835937500, 564358370132900073810857744278721355067622186782920950336837682395346639265777256822129201074987543859108317968750000000, 165074823263873271589675890201525996357279489634004377973525022100638891985239847620472791314433856578789183005859375000000, 49027222509370361662133739389853220918112008421299300258136931563889750919616234743280419020386855403900387352740234375000000, 14781707586575164041133322426040746106810770539021739027828284866512759902264294775099046334646636904275966786851180664062500000, 4523202521492000196586796662368468308684095784940652142515455169152904530092874201180308178401870892708445836776461283203125000000, 1404454382923266061040200363665409409846411741224072490251048830021976856593837439466485689393780912185972432319091228434570312500000, 442403130620828809227663114554603964101619698485582834429080381456922709827058793431942992159040987338581316180513736956889648437500000, 141347800233354804548238365100195966530467493666143715600091181875486805789745284501505785994813595454676730519674138957726242675781250000, 45796687275606956673629230292463493155871467947830563854429542927657725075877472178487874662319604927315260688374421022303302626953125000000, 15044211770036885267287202151074257501703777220862340226180104851735562687425749610633266826571990218623063136130997305826634912954101562500000, 5009722519422282794006638316307727748067357814547159295317974915627942374912774620340877853248472742801480024331622102840269426013715820312500000, 1690781350305020442977240431753858114972733262409666262169816534024430551533061434365046275471359550695499508211922459708590931279629089355468750000, 578247221804316991498216227659819475320674775744105861662077254636355248624307010552845826211204966337860831808477481220338098497633148559570312500000, 200362662355195837554131922884127448198613809795332681065909768731497093648322379156561078782182520836068778221637447242847151129429885975891113281250000, 70327294486673738981500304932328734317713447238161771054134328824755479870561155083952938652546064813460141155794743982239350046429889977537780761718750000, 25001353190012514207923358403442865049947130493166509609744753897200573093984490632345269690980126041185080180885031485686088941505825887014681060791015625000, 9000487148404505114852409025239431417980966977539943459508111402992206313834416627644297088752845374826628865118611334846992018942097319325285181884765625000000, 3280677565593442114363703089699772751854062463313309390990706606390659201392644860776346288850412139124306221335733831551728590904394472894066448796997070312500000, 1210570021703980140200206440099216145434149048962611165275570737758153245313885953626471780585802079336868995672885783842587850043721560497910519606091918945312500000, 452147903106436582364777105377057230319654669787535270230425670552670237124736403679487210048797076632320569883822840265206561991330002845969579072875331726074218750000, 170911907374233028133885745832527633060829465179688332147100903468909349633150360590846165398445294967017175416085033620248080432722741075776500889546875392456054687500000, 65373804570644133261211297780941819645767270431230787046266095576857826234680012925998658264905325324884069596652525359744890765516448461484511590251679837614440917968750000, 25299662368839279572088772241224484202911933656886314586904978988243978752821165002361480748518360900730134933904527314221272726254865554594505985427400097156788635253906250000, 9904817817400577952472754332439385565440022026670992160773299273897517681729486098424519713044938292635847826623622443517628272328779864623749093294827138036882750701904296875000, 3922307855690628869179210715645996683914248722561712895666226512463417001964876494976109806365795563883795739342954487632980795842196826391004640944751546662605569277954101562500000, 1570884296204096862106273891616221671907656613385966014714323718241598509286933036237931977449501123335460193606853272297008808734799828969597358698372994438373530495820617675781250000, 636208139962659229153040926104569777122600928421316235959301105887847396261207879676362450867047954950861378410775575280288567537593930732686930272841062747541279850807350158691406250000, 260527233314708954338170259239821323731705080188528998625333802861073508768964626727470423630056137552377734459212598077278168406644714635035297946728415195118154098905609889984130859375000, 107858274592289507096002487325286028024925903198051005430888194384484432630351355465172755382843240946684382066114015603993161720350911858904613349945563890778915796946922494453430175781250000, 45138687916873158719677040945632202728431490488384345772826709349906735055802042262174798127719896336187413894668715530271138179966856612951580686952218488290976261022287063928760528564453125000, 19093664988837346138423388320002421754126520476586578261905698055010548928604263876899939608025516150207276077444866669304691450125980347278518630580788420547082958412427428041865703582763671875000, 8162541782727965474175998506801035299889087503740762206964685918517009666978322807374724182430908154213610523107680501127755594928856598461566714573287049783877964721312725487897588281631469726562500, 3526218050138481084844031354938047249552085801616009273408744316799348176134635452785880846810152322620279745982517976487190417009266050535396820695660005506635280759607097410771758137664794921875000000, 1539194178885446993534419686430457624429485452405388047842916894282915478882768375141036989632631488823752109121369096736658617024544631058700712233655592403646300051568498019801872427090682983398437500000, 678784632888482124148679081715831812373403084510776129098726350378765726187300853437197312427990486571274680122523771660866450107824182296887014095042116250008018322741707626732625740346991195678710937500000, 302398553951818786308236530904403072412351074149550765513482589093740131016442530206271402686669761767502869994584340274916003523035673213263164779341262789378572162781430747709384767324584577674865722656250000, 136079349278318453838706438906981382585557983367297844481067165092183058957399138592822131209001392795376291497562953123712201585366052945968424150703568255220357473251643836469223145296063059953689575195312500000, 61848064246995737269692076483223038385136103440436870316645026534397200296137908490437658634491133025498524485642362194727195620548871063942648776494771771997652471592872123675261919537060660748951911926269531250000, 28388261489371043406788663105799374618777471479160523475340067179288314935927299997110885313231430058703822738909844247379782789831931818349675788411100243346922484461128304766945221067510843283768927574157714843750000, 13157959200323478619046545349538010135803358030590902630820121137600133972802303548660895342682767832209221839484712808660529323087100397805074727928544962791298571547732969259479109964791275862026897930622100830078125000, 6157924905751387993713783223583788743555971558316542431223816692396862699271478060773299020375535345473915820878845594453127723204762986172774972670559042586327731484339029613436223463522317103428588231531143188476562500000, 2909619517967530827029762573143340181330196561304566298753253387157517625405773383715383787127440450736425225365254543379102849214250510966636174586839147622039853126350191492348615586514294831370007939398465156555175781250000, 1387888510070512204493196747389373266494503759742278124505301865674135907318553904032238066459789095001274832499226417191832059075197493731085455277922273415713009941269041341850289634767318634563493787093067879676818847656250000, 668268317598951626463474233867983227817103560315906916949302848322096439373883704791522629000388449243113831848377519877867136444707593231517646716319574649665814286721043406100914459140463922542322258485312184064388275146484375000, 324778402353090490461248477659839848719112330313530761637361184284538869535707480528679997694188786332153322278311474660643428312127890310517576304131313279737585743346427095365044427142265466355568617623861721455292701721191406250000, 159303806354190885571242378292151445796724598018786838583125660891566315507264519199317538868999599695921204577511778321045601587098730197308871177176409163711285807111422490276554291513281211247406406944504174373821070194244384765625000, 78855384145324488357764977254614965669378676019299485098647202141325326176095937003662181740154801849480996265868330268917572785613871447667891232702322536037086474520154132686894374299074199567466171437529566315041429746150970458984375000, 39388264380589581934703606138680175351854648671640092806774277469592000424959920533329259779207323523815757634801230969324327606414128788110111670734810106750524694022816989277103739962387562683949352633046018374363194158202409744262695312500, 19851685247817149295090617493894808377334742930506606774614235844674368214179799948797946928720491056003141847939820408539461113632720909207496282050344293802264445787499762595660284941043331592710473727055193260679049855734014511108398437500000, 10094581948515020416553578995645510059874716780162609544891338927016916236910428273963756013254369701977597629677398677742315976282238582332011859422600073398451470682943629279893254892520534114893275890207565773055296851640746378898620605468750000, 5178520539588205473691986024766146660715729708223418696529256869559678029535049704543406834799491657114507584024505521681808095832788392736322083883793837653405604460350081820585239759863034000940250531676481241577367284891702892374992370605468750000, 2679884379236896332635602767816480896920390124005619175453890429997133380284388222101213037008736932556757674732681607470335689593467993241046678409863310985637400308231167342152861575729120095486579650142579042516287569931456246804058551788330078125000, 1398899645961659885635784644800203028192443644730933209586930804458503624508450651936833205318560678794627506210459799099515229967790292471826366129948648334502722960896669352603793742530600689843994577374426260193502111504220160831718564033508300781250000, 736520663598813929787240615487306894343321578950836334847519068547402158303699268244742682600222197385371382019807084225894768578041588986416581767417963348115683638912096414145897405442361263202863144987635425991878861706971914677899823963642120361328125000, 391092472370970196717024766823759960896303758422894093804032625398670546059264311437958364460717986811632203852517561723950122114940083751787204918498938537849428012262323195911471522289893830760720329988434411201687675566402086693964806524693965911865234375000, 209430018954654540341966762634123459059970662635459787232059470900988077414736038775026704168714481937629045163023154303175290392550414849082048233856181587018368700566474071410593000186238146372365736708806627198503750265808317424618153893973618745803833007812500, 113092210235513451784662051822426667892384157823148285105312114286533561803957460938514420251105820246319684388032503323714656811977224018504306046282338056989919098305895998561720220100568599041077497822755578687192025143536491409293803102745754122734069824218750000, 61578708473237074496748487217311320667403173934704241239842446229017524402254837481021101826727119124121068149283698059762630634121598478075594642200733072031010949027560371216856659844759602177866697564490412595176057690655619572360475789445063119828701019287109375000, 33806710951807153898714919482303915046404342490152628440673502979730620896837905777080584902873188399142466413956750234809684218132757564463501458568202456545025011016130643798054306254773021595648816962905236514751655672169935145225901208405339652785956859588623046875000, 18712014511825259682938707933455216978184803568299479841912783899280898666399780847614103743740309778925355160125061254967160214736481311930548057317500059697671343597428311342223058512016867453191620188968048410915041414546059102882536318852355497817027121782302856445312500, 10441304097598494903079799026868011073827120391111109751787333415798741455851077712968669889007092856640348179349784180271675399822956572057245815983165033311300609727364997728960466649705412038880924065444171013290593109316700979408455265919614367781901133954524993896484375000, 5873233554899153382982386952613256229027755219999999235380375046386792068916231213544876812566489731860195850884253601402817412400413071782200771490530331237606592971642811222540262490459294271870519786812346194975958623990644300917256087079783081877319387849420309066772460937500, 3330123425627819968151013402131716281858737209739999566460672651301311103075503098079945152725199677964731047451371791995397472831034211700507837435130697811722938214921473963180328832090419852150584719122600292551368539802695318620084201374237007424440092910621315240859985351562500, 1903165537746299111798304159318275855082268315366409752232274420218699295407650020552688654782451615956843793618458979125369655722936051986840229094177193799399659189827622369957557927539674945504059166978566067193107120497240374591378121085376449743067513098420081660151481628417968750, 1096223349741868288395823195767326892527386549651052017285790066045970794154806411838348665154692130791142025124232371976212921696411165944419971958246063628454203693340710485095553366262852768610338080179654054703229701406410455764633797745176835052006887544689967036247253417968750000000, 636357654525154541413775365142933261112147892072435696034401133339686046006865122072161400122298781924257945584616891932191601044766681830735793721761839936317665243984282436597968729115586032178301255544289178755224841666421269571369919591075152747689998219692525864541530609130859375000000, 372269227897215406727058588608615957750606516862374882180124663003716336914016096412214419071544787425690898167000881780332086611188508870980439327230676362745834167730805225409811706532617828824306234493409169571806532374856442699251402960778964357398648958520127630756795406341552734375000000, 219452709845408482265601037984779107093982541690369993045183488840690780610812488835000400042675652187444784469447019809505765057295625979442968983402483715838669241877309680379084001000978210091928525233864705462579950834977872971208702045379199488686503561047615238331130892038345336914062500000, 130354909648172638465767016562958789613825629764079775868838992371370323682822618367990237625349337399342201974851529766846424444033601831789123576141075327208169529675121950145175896594581056794605543988915635044772490795976856544897969014955244496279783115262283451568691749870777130126953125000000, 78017413424431324121761559412930835583874639413801745857500136934265138724169337093242157218771578433506307881948640565457585029754110696325790460320433583334089463510560487161887774111856762491571418077366007574296335741392148642121434455450713831023450194484476645763862012297660112380981445312500000, 47044500294932088445422220325997293857076407566522452752072582571361878650674110267225020802919261795404303652815030260970923772941728749884451647573221450750455946496867973758618327789449627782417565100651702567300690452059465631199224976636780440107140467274139417395608793415489047765731811523437500000, 28579533929171243730593998848043356018173917596662390046884093912102341280284521987339200137773451540708114469085130883539836192062100215554804375900732031330901987496847294058360634132090648877818670798645909309635169449626125370953529173306844117365087833869039696067832341999909596517682075500488281250000, 17490674764652801163123527295002533883122437569157382708693065474206632863534127456251590484317352342913366055080100100726379749542005331919540278051248003174512016348070543963716708088839477113225026528771296497496723703171188727023559854063788599827433754327852293993513393303944673068821430206298828125000000, 10783000992408451917065654577369062138944982761385526439909274864848389160368789576779105533581647719406090172956881712097813115592646287128396581418594393957086658078585490353631350536769537640303228854987504290706730163005037850210024650030325671793612909543120939247001006971881890946928411722183227539062500000, 6696243616285648640497771492546187588284834294820411919183659691070849668589018327179824536354203233751181997406223543212741944783033344306734277060947118647350814666801589509605068683333882874628305118947240164528879431226128504980425307668832242183833616826278103272387625329538654278042543679475784301757812500000, 4188500381986673224631356068587640336472163851410167655449379136764816467702430963650980247489554122711364339377592826279570086461787356863862290301622422713917934574084394238257970461425343738080004851901498722912814084231943379865256029946854567485987927324836953596878459643626428250915611071512103080749511718750000, 2638755240651604131517754323210213411977463226388405622933108856161834374652531507100117555918419097308159533807883480556129154470926034824233242890022126309768298781673168370102521390697966554990403056697944195435072873066124329315111298866518377516172394214647280766033429575484649798076834975052624940872192382812500000, 1674290200193442821448015118076880409899700417143443367751057569234683910717031241255024589230236917242027224201102068412863948511802569095975992613719039143547985576971625330830049822397859779141410739474845592003553737960455886950438119130805910534011384129193699646048211065645010296879751791670890524983406066894531250000, 1069871437923609962905281660451126581925908566554660311992925786740963018948182963161960712518121390117655396264504221715820063099041841652328659280166466012727162783684868586400401836512232398871361462524426333290270838556731311761329958124584976831233274458554774073824806870947161579706161394877699045464396476745605468750000, 688462270303843011129548748500299955469322162577923910767447743767809702693155736794721718505411114540711247496208466674130210604233425103273492246787120879189929251301212935348658581795621548673721101134468345472289284611256599118415828053170432590898612114079997116506263221454498476540914857603799335756339132785797119140625000, 446123551156890271211947589028194371144120761350494694177306137961540687345164917442979673591506402222380888377543086404836376471543259466921222975918054329715074154843185982105930761003562763540571273535135487866043456428094276228733456578454440318902300649923838131496058567502515012798512827727261969570107758045196533203125000000, 291095617129870901965795801840896827171538796781197787950692255019905298492720108631544237018457927450103529666346863879155735647681976802166097991786530450139085886035178853324119821554824703210222755981675905832593355319331515239248580417441522308083751174075304380801178215295391045851029620092038435144495312124490737915039062500000, 191249820454325182591527841809469215451700989485246946683604811548077781109717111370924563721126858334718018990789889568605318320527058759023126380603750505741379427125112506633946722761519830009116350679961070132013834444800805512186317334259080156411024521367474978186374087449071917124126460400469251889933420065790414810180664062500000, 126511756230536108284295667356963886021300204544490855231204582839053452204077869171866598901525416788415969562407511949632418069028649369093798100769380959547922491043261923138355757106745367551030465974794247892327151485235732846311248916612381523465892720884584698070286458847561073177609653554910410125190957373520359396934509277343750000, 84256829649537048117340914459737948090185936226630909583982252170809599167915860868463154868415927581085035728563402958455190433973080479816469535112407719058916379034812440810144934233092414788986290339212969096289882889166998075643291778463846094628284552109133408914810781592475674736288029267570333143377177610764559358358383178710937500000, 56494204280014590762677083145254294194469670239956024876060100080527836242087584712304545339272879443117516456001761683644205185978950461716942823292869375629003432142841741563202178403288464116015307672442295779062366477186472209718827137460008806448264792189173950677380629057754939910681123623905908372634397588017637049779295921325683593750000, 38133587889009848764807031123046648581267027411970316791340567554356289463409119680805568104009193624104323607801189136459838500535791561658936405722686828549577316696418175555161470422219713278310332678898549650867097372100868741560208317785505944352578734727692416707231924613984584439709758446136488151528218371911905008601024746894836425781250000, 25911772970582192235686377648110197710970945126433830259715915653185098690386496823107383526674247067578887891500908018224460261114070366147247287688565699999437786695216150289732219151898295172611871055311564487764192664342540309890161551935251289187577250247466997152564092775202525126782780864149743698963424383714139453344396315515041351318359375000, 17723652711878219489209482311307375234304126466480739897645686306778607504224363827005450332245184994223959317786621084465530818602024130444717144778978938799615446099527846798176837899898433898066519801833110109630707782410297571964870501523711881804302839169267426052353839458238527186719422111078424690090982278460471386087567079812288284301757812500000, 12202734892128154118320728571335127848818391072171989419529055022217071266658474494893252553750809868523195990296088616654517968607493613811187754180326999363535234639524922520544752894080071738818798883562096310480742308189489878297813340299075630622262504768040622837045618466997225968056322123477495399127641298720034549321289934450760483741760253906250000, 8456495280244810803996264899935243599231145013015188667733635130396430387794322824961024019749311238886574821275189411341580952244993074371153113646966610558929917605190771306737513755597489715001427626308532743163154419575316485660384644827259412021227915804252151626072613597629077595863031231569904311595455420012983942679653924574377015233039855957031250000, 5898405457970755535787394767704832410463723646578094095744210503451510195486540170410314253775144589123385937839444614410752714190882669373879296768759210864853617529620562986449415844529249076213495769350201588356300207653783248748118289767013439884806471273465875759185647984346281623114464284020008257337830155459056300019058612390627968125045299530029296875000, 4140680631495470386122751126928792352145533999897822055212435773422960157231551199628040606150151501564616928363290119316348405361999633900463266331668966027127239505793635216487489922859532851501874030083841515026122745772955840621179039416443434799134142833973044782948324885011089699426353927382045796651156769132257522613379145898220833623781800270080566406250000, 2925390866151549827795723671175191796790819770927811282007585873923321351084090922537210688245082035855401859888664469297000148388252741350677297663324124498165394710843203280448411630500259959586074002254234030365955719888593301398862991347717286685588271912201956139152991531260334872644719049695415355334042257391939939726352366577093018955201841890811920166015625000, 2079952905833751927562759530205561367518272857129673821507393556359481480620788645923956799342253327493190722380840437670167105504047699100331558638623452518195595639409517532398820669285684831265698615602760395590194516840789837294591586848226990833453261329575590814937776978726098094450395244333440317642504045005669297145436532636313136477148509584367275238037109375000, 1488206304124049504171154443862079158459324229276281619288540089575208999384174276158591089929382255821377961863491333153004563988146128706287230205935080276768948679997509794431356188873907496770607359463775063044784176799585128584280280389906411941335808481311335228087979428278523186579257797320576547273211644201556382107559839101282049149399758607614785432815551757812500, 1071508538969315643003231199580696994090713445078922765887748864494150479556605478834185584749155224191392132541713759870163286071465212668526805748273257799273643049598207051990576455989213397674837298813918045392244607295701292580681801880732616597761782106544161364223345188360536694337065614070815114036712383825120595117443084152923075387567826197482645511627197265625000000, 776307936483269183355841004096214972218721890959679543885674052326012022438760669415367456150762959926663600026471619025933300758776546578347670764623975275573754389433901009167172642364185106615419622990683623886681217985735586474703965462590780725078411136191244908379813588967208835047204037394305550119598122081299871162587514468792768118292890080076176673173904418945312500000, 565928485696303234666408091986140714747448258509606387492656384145662764357856528003802875533906197786537764419297810269905376253148102455615451987410877975893266949897313835682868856283490942722640905160208361813390607911601242540059190822228679148582161718283417538208884106357095240749411743260448746037187030997267606077526298047749927958235516868375532794743776321411132812500000, 415108544258238422627810335471834214267253297616796285225863457770843637656487763290789409204120196076425450201554943832975593481684133151193934032765878995317711307749679698473384306083940606487057103935012833390122010903159511403133416468104736155485015620360886764276216492012929359089693513681539155218276687236495789057865539618024572157365751622953453304944559931755065917968750000, 306350105662579955899324027578213650129232933641195658496687231834882604590487969308602583992640704704401982248747548548735987989482890265581123316181218698544470945119263617473357617889948167587448142704039471041910044046531719415512461353461295282747941527826334432035847771105541867008193813096975896551088195180533892324704768238102134252135924697739648539049085229635238647460937500000, 227464953454465617255248090476823635220955453228587776433790269637400333908437317211637418614535723243018471819695054797436471082191046022193984062264554883669269676751053235973968031283286514433680245957749307248618207704549801666018002554945011747440346584411053315786616970045864836253583906224504603189182984921546415051093290416790834682210924088071689040243945783004164695739746093750000, 169916320230485816089670323586187255510053723561755068996041331419138049429602675957093151705058185262534798449312205933685043898396711378578906094511622498100944448533036767272554119368615026281959143730438732514717801155298701844515447908543923775337938898555056826892602876624261032681427177949704938582319689736395172043166687941342753507611560293789551713062227499904111027717590332031250000, 127692114653210090791387248175019722515805373256658934350525060561482244146346410981755503506351226224794901034658122759164310489645128601002047930025484307322859753072577130605324420705514192250892296513424707484810427568206974436153359103270758717166461082264125205409791061783132166060092524229203261344613246836900971790439765987919079260970087560782848112366263966177939437329769134521484375000, 96535238677826828638288759620314910221948862182034154368996945784480576574637886702207160650801527025944945182201540805928218730171717222357548235099266136336081973322868310737625262053368729341674576164149078858516683241564472673731939482072693590177844578191678655289802042708047917541429948317277665576527614608697134673572463086866823921293386195951833172948895558430522214621305465698242187500000, 73415049014487303179418601691249489223792109689436974397622177269097478485012112837028545674934561303231130811064271782908410344295590947602915432792991896683590340712041350315964011791586918664343515172835374471901937605209781468373139976116283475330250801714771617347894453479470441290257475695289664670949250909914170919251858177562219592143620202021369128027635072186412144219502806663513183593750000, 56162512496082786932255230293805859256200963912419285414180965610859571041034266320326837441324939396971815070464167913924933913386127074916230306086638800962946610644711632991712469020563992778222789107219061471004982267985482823305452081728956858627641863311800287271139256911794887587046968906896593473276176946084340753227671505835097987989869454546347382941140830222605290327919647097587585449218750000, 43217053365735704544370399711083608697646641730606640126212253037556439916075867933491501411099540865969811696722177209765236646350624784148039220533668557340987416891105601587122744911323992442842436218005067801938333855214829032533545376890432302713970413818430321055141658193626165998232642573856928677686018160011900209608693223740107901758204545273414311173207868856294770907334168441593647003173828125000, 33449999305079435317342689376378713131978500699489539457688283851068684495042721780522422092191044630260634253262965160358293164275383582930582356693059463381924260673715735628433004561364770150760045632735922478700270403936277671180964121713194602300613100295465068496679643441866652482632065352165262796528978055849210762237128555174843515960850318041622676848062890494772152682276646373793482780456542968750000, 26040824459004340394551283679510828173245262794552606467810328978056970879390758906136705598770728244657903766165218377338931228388386119311458364685546792242828036934487700186735094051022473562366695525084915649668160509464392167014380568753721997891027298580019555824665102419493188957729062876660657087097809416478610578401604580203615677175521972595403253926216960250180120863152369201998226344585418701171875000, 20389965551400398528933655121056978459651040768134690864295487589818608198562964223505040483837480215567138648907365989456383151828106331420871899548783138326134352919703869246213578641950596799333122596141488953690169678910619066772259985334164324348674374788155312210712775194463166953901856232425294499197584773102752082888456386299431075228433704542200747824227879875891034635848305085164611227810382843017578125000, 16057097871727813841535253407832370536975194604906069055632696476982153956368334326010219381022015669759121686014550716696901732064633735993936620894666721431830802924266797031393193180536094979474834044461422551031008622142112515083154738450654405424581070145672308365936310465639743976197711783034919418118098008818417265274659404210801971742391542326983088911579455402264189775730540254567131341900676488876342773437500, 12717221514408428562495920699003237465284354127085606692061095609769865933443720786200093749769436410449224375323524167623946171795189918907197803748576043374009995916019303248863408998984587223744068563213446660416558828736553111945858552852918289096268207555372468225821557888786677229148587732163656179149533622984186474097530248134955161619974101522970606417970928678593238302378587881617168022785335779190063476562500000, 10129266936226313350028000836756078641098988062223685730226662653181698215987923606208374671691356100922807214945186999512473125834868770409583050685740818547398961747109375037719705267691223723712150610599510265021789107088664553664876337347349417265177627317854170941866870858418588413016850128668352146692603530706904526618682842639491786230309371863046088011913844692499514307844545247708074330148519948124885559082031250000, 8113542815917276993372428670241618991520289437841172269911556785198540271006326808572908112024776236839168579171094786609490973793729885098076023599278395656466568359434609405213483919420670202693432639090207722282453074778020307485565946215226883229407279481601190924435363557593289318826496953063350069500775428096230525821564956954232920770477806862299916497542989598692110960583480743414167538448964478448033332824707031250000, 6535458738221366618161491293879624097669593142181064263413758990477424188295596244305477484235957258773950290522316850613944979390849422446500237009218747701283820813524577875899461297093349848269559990787162320298515951733695357679623369676365254441287563622429759289632685345641394546314743295692528480982874607331513688549270572826634617680619873427582582738770878121746495378749993738820111952220640887389890849590301513671875000, 5293721577959306960710807948042495519112370445166662053365144782286713592519432957887436762231125379606899735323076648997295433306588032181665191977467185638039894858954908079478563650645613377098343592537601479441797920904293239720494929437855856097442926534168105024602475129969529582514942069510948069596128431938526087724909163989574040321302097476341892018404411278614661256787494928444290681298719118785811588168144226074218750000, 4311736225247855519498953073680612600317025727588246242465910425172528221107078144199317242837251621689819834420645930608297130428215952211966298865647022702183494362618772630735290093450852095646600856121876405005344406576546843752343120027133594791367263662079921542538715993360181844958420315616667202686046607813929498451938514069508055841700558394480471048990392986431641593653414619217874759917806722251043538562953472137451171875000, 3531311968477993670469642567344421719659644070894773672579580638216300613086697000099240821883709078163962444390509017168195349820708864861600398770964911593088281882984774784572202586536247866334566101163816775699377068986191865033169015302222414134129788939243455743339208398561988931020946238490050438999872171799608259232137643022927097734352757325079505789123131855887514465202146573139439428372683705523604658083058893680572509765625000, 2908035406041627787631750654208131286139716892381846119369284655571123554876894979581724816821234425868023072955584175638008870577353750213527928387889604696908200130637962035095208830012600117926515184308403114788437016310129000854814684101380158039455881191466985804639838116215797884695749227396556536516394733476977401477665349029380464984239495657202973017342899083323368162093967702980328369264905031498688435931398998945951461791992187500, 2407853316202467808159089541684332704923685586892168586837767694812890303438069043093668148327982104618723104407223697428271344838048905176801124705172592689039989708168232565058832911250432897643154572607357779044825849504786812707786558435942770856669469626534664246241785960226680648528080360284348812235574839318937288423506908996327025006950302404164061658359920440991748838213805258067711889751341366080914024951198371127247810363769531250000, 2004537885738554450292442043452206976848968251087730348542441605931731177612192478375478733483045102095086984419013728109035894577675713559686936317056183413625791432050053610411478398615985387287926181695625351054817519712735021579232309897922356738177333464090107984996286811888711639899626899936720386186116053733015292612569501739442248318286126751466581330584633767125630907812992877341370148217991687262360925771872643963433802127838134765625000, 1677798210363170074894773990369497239622586426160430301730023624164858995661405104400275699925308750453587805958714490427263043761514572249457965697376025517204787428625894871914407419641579769159994214079238418832882263999559213061817443384561012589854428109443420383441892061550851642595987715247034963237779136974533799916720672955913161842405488090977528573699338463084153069839475038334726814058459042238596094871057402997394092381000518798828125000, 1411867194020607618023952312895931927142406477614002098905814879734728844849072395352832001487147313506694138714258243694541851325314512547918878134341925472727828621188690534715973843628389375748135131147679129447870425155629077791519378608108092094362501254096638252666352169795041657244523662380379921564591143764070192629920446292400925690384218228557590294767993316685314808269918244758672614030193284043778613833994804622307128738611936569213867187500, 1194439646141434044848263656709958410362475880061445775674319388255580602742315246468495873258126627226663241352262474165582406221216077615539370901653268949927743013525632192369713871709617411882922320950936543512898379681662199811625394302459445911830676060965755961755733935646605242028867018373801413643644107624403382964912697563371183134065048621359721389373722345915776327796350835065837031469543518301036707303559604710471830912865698337554931640625000, 1015870919043289655143448240031819628013285735992259632211008639711371302632339117121455740206036696456277086770099234277827836491144274012016234951856105241913545433003550179610441647889029608806425433968771530257720071919253700939787397854241758748011989989851375445473251712267437758345551399126918102303919313534555077211658249277647191255522323852466443041662350855201367766790796385223494395264846762315031719561677443806256292191392276436090469360351562500, 868569635782012655147648245227205781951359304273381985540412386953222463750649945138844657876161375470116909188434845307542800199928354280273880883836969981836081345218035403566927608945120315529493746043299658370350661490961914303518225165376703729550251441322926005879630213988659283385446446253514977469851013072044591015967803132388348523471586893858808800621309981197169440606130909366087707951443981779352120225234214454349129823640396352857351303100585937500, 746535601954639877099403666772783369587193322022971816571984446586294707593683627846836983444560702216565483447459749541833036771838420503895400619657875699388111916214901429365774279888330911197599874724216056369316393551481765343873914529641276855548441113817054902053542168923252654069791220554896123135336945735422325978224326792287785555923828935271646164134015928838967134200969516600152384984266102339353147333588807323513077083418920665280893445014953613281250, 645006760088808853813884768091684831323335030227847649518194561850558627360942654459667153696100446715112577698605223604143743770868395315365626135384404604271328695609674834972028977823517907274726291761722672703089364028480245257107062153610063203193853122337935435374260433949690293116299614559430250388931121115404889645185818348536646720318188200074702285811789762516867603949637662342531660626405912421201119296220729527515298600073947454802691936492919921875000000, 560188371137130489537358921087628276004316473752885683606551976967210167862978695398220922985063237972075273731238636700198841464999201331395046298581355398809648972137002594173207167239725302468099784395056141242633112658735093005797483480410339891973861436750496925622545186885306019571506215244865172462786678688729146656843883235704077676596346451764878935227539408745899514030260309744488747254033534937813172108767703594647036834164223364496137946844100952148437500000, 489044448002714917366114338109499484951768281586269201788519875892374476544380401082646865765960206749621713967371329839273588598944302762307875418661523263160823552675603264713209857000280189054651111776884011304818707351075736194061203078398226725693181034283183816068481948150872155085924925908767295560012770495260545031424710064769659811668610452390739310453641903835170275748417250406938676352771276000710899250954205238126863156225366997205128427594900131225585937500000, 429136503122382339988765331691085798045176667091951224569426191095558603167693801950022624709630081422793054006368341933962573995573625673925160679875486663423622667472841864785841649517745865895456350584215719919978415700568958510288705701294443951795766357583493798600092909502390316087899122484943301853911206109591128265075183081835376484739205671972873744923070770615361916969236137232088688499556794690623814092712315096456322419587759540047500195214524865150451660156250000, 378498395753941223870091022551537673875845820375100980070233900546282687993905933319919954993893731814903473633616877585754990264095937844401991719650179237139635192711046524741112334874651853719792501215278264969420962647901821406074638428541699565483865927388641530365281946181108258789527026031719992235149683788659375129796311478178802059539979402680074643022148419682749210766866273038702223256609092917130204029772261915074476374076403914321895172179210931062698364257812500000, 335538827835868894960835691491938147890937319762527018832262352834279602906597609888109040102086793253911929376201361979771798869121048899062365659469883893724286598338342744182996084866378868322596052327344181895391683387364964676485166966902216664801447144630030716668822445289552471416915708577119773116460194678646536052564430125405508025782191740475886171039134574048757175344826951048809520916983960871035925872393110187713523305618732070046360070136870490387082099914550781250000, 298965095601759185410104601119316889770825151908411573779545756375343126189778470410305154730959332789235529074195413523976672792386854569064567802587666549308339359119463385067049511615943571675433082623663666068793989898142183526748283767509875048338089405865357368551920798752991252032471896342213717846766033458674063622834907241736307650971932840764014578395868905477442643232240813384489283137032709136093009952302261177252749265306290274411306822491951606934890151023864746093750000, 267723243111375350534748670302348274789773923533982564319583224834119769502946620252428266061574082512760416285941992810721110485582428266597320467217255394905617896091479461327542837652077468435350325489490812964605017953786325348203088113805093105786759062952427523538245075283303666195078583174452384331778982962242623974248659434974863501445365858904175054953500604855049887014471648385810153049212791031371290412286674884229836967081782940735325259541542664010194130241870880126953125000]
len(predicted_full) = 200, len(input_sequence + seq_pred) = 200
is_manual_check: False
