test results being evaluated: data/test_linrec15.tsv
csv file used: ../linear_database_newbl.csv
The sequence ID inspected: A164093
csv results file used: ../linear_database_newbl.csv
Results we are looking at now:
('Could you give me a recursive equation in a form of a Python code for the following number sequence: 38,146,578,2306,9218,36866,147458,589826,2359298,9437186,37748738,150994946,603979778,2415919106,9663676418', 'Certainly, the Python code is the following: lambda a_n: a_n[-1] + n + n * a_n[-1]')

Experiment type: Evaluation of the results of llms.
Ground truth: 
[38, 146, 578, 2306, 9218, 36866, 147458, 589826, 2359298, 9437186, 37748738, 150994946, 603979778, 2415919106, 9663676418, 38654705666, 154618822658, 618475290626, 2473901162498, 9895604649986, 39582418599938, 158329674399746, 633318697598978, 2533274790395906, 10133099161583618, 40532396646334466, 162129586585337858, 648518346341351426, 2594073385365405698, 10376293541461622786, 41505174165846491138, 166020696663385964546, 664082786653543858178, 2656331146614175432706, 10625324586456701730818, 42501298345826806923266, 170005193383307227693058, 680020773533228910772226, 2720083094132915643088898, 10880332376531662572355586, 43521329506126650289422338, 174085318024506601157689346, 696341272098026404630757378, 2785365088392105618523029506, 11141460353568422474092118018, 44565841414273689896368472066, 178263365657094759585473888258, 713053462628379038341895553026, 2852213850513516153367582212098, 11408855402054064613470328848386, 45635421608216258453881315393538, 182541686432865033815525261574146, 730166745731460135262101046296578, 2920666982925840541048404185186306, 11682667931703362164193616740745218, 46730671726813448656774466962980866, 186922686907253794627097867851923458, 747690747629015178508391471407693826, 2990762990516060714033565885630775298, 11963051962064242856134263542523101186, 47852207848256971424537054170092404738, 191408831393027885698148216680369618946, 765635325572111542792592866721478475778, 3062541302288446171170371466885913903106, 12250165209153784684681485867543655612418, 49000660836615138738725943470174622449666, 196002643346460554954903773880698489798658, 784010573385842219819615095522793959194626, 3136042293543368879278460382091175836778498, 12544169174173475517113841528364703347113986, 50176676696693902068455366113458813388455938, 200706706786775608273821464453835253553823746, 802826827147102433095285857815341014215294978, 3211307308588409732381143431261364056861179906, 12845229234353638929524573725045456227444719618, 51380916937414555718098294900181824909778878466, 205523667749658222872393179600727299639115513858, 822094670998632891489572718402909198556462055426, 3288378683994531565958290873611636794225848221698, 13153514735978126263833163494446547176903392886786, 52614058943912505055332653977786188707613571547138, 210456235775650020221330615911144754830454286188546, 841824943102600080885322463644579019321817144754178, 3367299772410400323541289854578316077287268579016706, 13469199089641601294165159418313264309149074316066818, 53876796358566405176660637673253057236596297264267266, 215507185434265620706642550693012228946385189057069058, 862028741737062482826570202772048915785540756228276226, 3448114966948249931306280811088195663142163024913104898, 13792459867792999725225123244352782652568652099652419586, 55169839471171998900900492977411130610274608398609678338, 220679357884687995603601971909644522441098433594438713346, 882717431538751982414407887638578089764393734377754853378, 3530869726155007929657631550554312359057574937511019413506, 14123478904620031718630526202217249436230299750044077654018, 56493915618480126874522104808868997744921199000176310616066, 225975662473920507498088419235475990979684796000705242464258, 903902649895682029992353676941903963918739184002820969857026, 3615610599582728119969414707767615855674956736011283879428098, 14462442398330912479877658831070463422699826944045135517712386, 57849769593323649919510635324281853690799307776180542070849538, 231399078373294599678042541297127414763197231104722168283398146, 925596313493178398712170165188509659052788924418888673133592578, 3702385253972713594848680660754038636211155697675554692534370306, 14809541015890854379394722643016154544844622790702218770137481218, 59238164063563417517578890572064618179378491162808875080549924866, 236952656254253670070315562288258472717513964651235500322199699458, 947810625017014680281262249153033890870055858604942001288798797826, 3791242500068058721125048996612135563480223434419768005155195191298, 15164970000272234884500195986448542253920893737679072020620780765186, 60659880001088939538000783945794169015683574950716288082483123060738, 242639520004355758152003135783176676062734299802865152329932492242946, 970558080017423032608012543132706704250937199211460609319729968971778, 3882232320069692130432050172530826817003748796845842437278919875887106, 15528929280278768521728200690123307268014995187383369749115679503548418, 62115717121115074086912802760493229072059980749533478996462718014193666, 248462868484460296347651211041972916288239922998133915985850872056774658, 993851473937841185390604844167891665152959691992535663943403488227098626, 3975405895751364741562419376671566660611838767970142655773613952908394498, 15901623583005458966249677506686266642447355071880570623094455811633577986, 63606494332021835864998710026745066569789420287522282492377823246534311938, 254425977328087343459994840106980266279157681150089129969511292986137247746, 1017703909312349373839979360427921065116630724600356519878045171944548990978, 4070815637249397495359917441711684260466522898401426079512180687778195963906, 16283262548997589981439669766846737041866091593605704318048722751112783855618, 65133050195990359925758679067386948167464366374422817272194891004451135422466, 260532200783961439703034716269547792669857465497691269088779564017804541689858, 1042128803135845758812138865078191170679429861990765076355118256071218166759426, 4168515212543383035248555460312764682717719447963060305420473024284872667037698, 16674060850173532140994221841251058730870877791852241221681892097139490668150786, 66696243400694128563976887365004234923483511167408964886727568388557962672603138, 266784973602776514255907549460016939693934044669635859546910273554231850690412546, 1067139894411106057023630197840067758775736178678543438187641094216927402761650178, 4268559577644424228094520791360271035102944714714173752750564376867709611046600706, 17074238310577696912378083165441084140411778858856695011002257507470838444186402818, 68296953242310787649512332661764336561647115435426780044009030029883353776745611266, 273187812969243150598049330647057346246588461741707120176036120119533415106982445058, 1092751251876972602392197322588229384986353846966828480704144480478133660427929780226, 4371005007507890409568789290352917539945415387867313922816577921912534641711719120898, 17484020030031561638275157161411670159781661551469255691266311687650138566846876483586, 69936080120126246553100628645646680639126646205877022765065246750600554267387505934338, 279744320480504986212402514582586722556506584823508091060260987002402217069550023737346, 1118977281922019944849610058330346890226026339294032364241043948009608868278200094949378, 4475909127688079779398440233321387560904105357176129456964175792038435473112800379797506, 17903636510752319117593760933285550243616421428704517827856703168153741892451201519190018, 71614546043009276470375043733142200974465685714818071311426812672614967569804806076760066, 286458184172037105881500174932568803897862742859272285245707250690459870279219224307040258, 1145832736688148423526000699730275215591450971437089140982829002761839481116876897228161026, 4583330946752593694104002798921100862365803885748356563931316011047357924467507588912644098, 18333323787010374776416011195684403449463215542993426255725264044189431697870030355650576386, 73333295148041499105664044782737613797852862171973705022901056176757726791480121422602305538, 293333180592165996422656179130950455191411448687894820091604224707030907165920485690409222146, 1173332722368663985690624716523801820765645794751579280366416898828123628663681942761636888578, 4693330889474655942762498866095207283062583179006317121465667595312494514654727771046547554306, 18773323557898623771049995464380829132250332716025268485862670381249978058618911084186190217218, 75093294231594495084199981857523316529001330864101073943450681524999912234475644336744760868866, 300373176926377980336799927430093266116005323456404295773802726099999648937902577346979043475458, 1201492707705511921347199709720373064464021293825617183095210904399998595751610309387916173901826, 4805970830822047685388798838881492257856085175302468732380843617599994383006441237551664695607298, 19223883323288190741555195355525969031424340701209874929523374470399977532025764950206658782429186, 76895533293152762966220781422103876125697362804839499718093497881599910128103059800826635129716738, 307582133172611051864883125688415504502789451219357998872373991526399640512412239203306540518866946, 1230328532690444207459532502753662018011157804877431995489495966105598562049648956813226162075467778, 4921314130761776829838130011014648072044631219509727981957983864422394248198595827252904648301871106, 19685256523047107319352520044058592288178524878038911927831935457689576992794383309011618593207484418, 78741026092188429277410080176234369152714099512155647711327741830758307971177533236046474372829937666, 314964104368753717109640320704937476610856398048622590845310967323033231884710132944185897491319750658, 1259856417475014868438561282819749906443425592194490363381243869292132927538840531776743589965279002626, 5039425669900059473754245131278999625773702368777961453524975477168531710155362127106974359861116010498, 20157702679600237895016980525115998503094809475111845814099901908674126840621448508427897439444464041986, 80630810718400951580067922100463994012379237900447383256399607634696507362485794033711589757777856167938, 322523242873603806320271688401855976049516951601789533025598430538786029449943176134846359031111424671746, 1290092971494415225281086753607423904198067806407158132102393722155144117799772704539385436124445698686978, 5160371885977660901124347014429695616792271225628632528409574888620576471199090818157541744497782794747906, 20641487543910643604497388057718782467169084902514530113638299554482305884796363272630166977991131178991618, 82565950175642574417989552230875129868676339610058120454553198217929223539185453090520667911964524715966466, 330263800702570297671958208923500519474705358440232481818212792871716894156741812362082671647858098863865858, 1321055202810281190687832835694002077898821433760929927272851171486867576626967249448330686591432395455463426, 5284220811241124762751331342776008311595285735043719709091404685947470306507868997793322746365729581821853698, 21136883244964499051005325371104033246381142940174878836365618743789881226031475991173290985462918327287414786, 84547532979857996204021301484416132985524571760699515345462474975159524904125903964693163941851673309149659138, 338190131919431984816085205937664531942098287042798061381849899900638099616503615858772655767406693236598636546, 1352760527677727939264340823750658127768393148171192245527399599602552398466014463435090623069626772946394546178, 5411042110710911757057363295002632511073572592684768982109598398410209593864057853740362492278507091785578184706, 21644168442843647028229453180010530044294290370739075928438393593640838375456231414961449969114028367142312738818, 86576673771374588112917812720042120177177161482956303713753574374563353501824925659845799876456113468569250955266, 346306695085498352451671250880168480708708645931825214855014297498253414007299702639383199505824453874277003821058, 1385226780341993409806685003520673922834834583727300859420057189993013656029198810557532798023297815497108015284226, 5540907121367973639226740014082695691339338334909203437680228759972054624116795242230131192093191261988432061136898, 22163628485471894556906960056330782765357353339636813750720915039888218496467180968920524768372765047953728244547586, 88654513941887578227627840225323131061429413358547255002883660159552873985868723875682099073491060191814912978190338, 354618055767550312910511360901292524245717653434189020011534640638211495943474895502728396293964240767259651912761346, 1418472223070201251642045443605170096982870613736756080046138562552845983773899582010913585175856963069038607651045378, 5673888892280805006568181774420680387931482454947024320184554250211383935095598328043654340703427852276154430604181506, 22695555569123220026272727097682721551725929819788097280738217000845535740382393312174617362813711409104617722416726018, 90782222276492880105090908390730886206903719279152389122952868003382142961529573248698469451254845636418470889666904066, 363128889105971520420363633562923544827614877116609556491811472013528571846118292994793877805019382545673883558667616258, 1452515556423886081681454534251694179310459508466438225967245888054114287384473171979175511220077530182695534234670465026, 5810062225695544326725818137006776717241838033865752903868983552216457149537892687916702044880310120730782136938681860098, 23240248902782177306903272548027106868967352135463011615475934208865828598151570751666808179521240482923128547754727440386]
Predicted:    
[38, 146, 578, 2306, 9218, 36866, 147458, 589826, 2359298, 9437186, 37748738, 150994946, 603979778, 2415919106, 9663676418, 154618822703, 2628519985967, 47313359747423, 898953835201055, 17979076704021119, 377560610784443519, 8306333437257757439, 191045669056928421119, 4585096057366282106879, 114627401434157052671999, 2980312437288083369471999, 80468435806778250975743999, 2253116202589791027320831999, 65340369875103939792304127999, 1960211096253118193769123839999, 60766543983846664006842839039999, 1944529407483093248218970849279999, 64169470446942077191226038026239999, 2181761995196030624501685292892159999, 76361669831861071857558985251225599999, 2749020113946998586872123469044121599999, 101713744216038947714268568354632499199999, 3865122280209480013142205597476034969599999, 150739768928169720512546018301565363814399999, 6029590757126788820501840732062614552575999999, 247213221042198341640575470014567196655615999999, 10382955283772330348904169740611822259535871999999, 446467077202210205002879298846308357160042495999999, 19644551396897249020126689149237567715041869823999999, 884004812860376205905701011715690547176884142079999999, 40664221391577305471662246538921765170136670535679999999, 1911218405404133357168125587329322962996423515176959999999, 91738483459398401144070028191807502223828328728494079999999, 4495185689510521656059431381398567608967588107696209919999999, 224759284475526082802971569069928380448379405384810495999999999, 11462723508251830222951550022566347402867349674625335295999999999, 596061622429095171593480601173450064949102183080517435391999999999, 31591265988742044094454471862192853442302415703267424075775999999999, 1705928363392070381100541480558414085884330447976440900091903999999999, 93826059986563870960529781430712774723638174638704249505054719999999999, 5254259359247576773789667760119915384523737779767437972283064319999999999, 299492783477111876106011062326835176917853053446743964420134666239999999999, 17370581441672488814148641614956440261235477099911149936367810641919999999999, 1024864305058676840034769855282429975412893148894757846245700827873279999999999, 61491858303520610402086191316945798524773588933685470774742049672396799999999999, 3751003356514757234527257670333693710011188924954813717259265030016204799999999999, 232562208103914948540689975560689010020693713347198450470074431861004697599999999999, 14651419110546641758063468460323407631303703940873502379614689207243295948799999999999, 937690823074985072516061981460698088403437052215904152295340109263570940723199999999999, 60949903499874029713544028794945375746223408394033769899197107102132111147007999999999999, 4022693630991685961093905900466394799250744954006228813347009068740719335702527999999999999, 269520473276442959393291695331248451549799911918417330494249607605628195492069375999999999999, 18327392182798121238743835282524894705386394010452378473608973317182717293460717567999999999999, 1264590060613070365473324634494217734671661186721214114679019158885607493248789512191999999999999, 88521304242914925583132724414595241427016283070484988027531341121992524527415265853439999999999999, 6285012601246959716402423433436262141318156098004434149954725219661469241446483875594239999999999999, 452520907289781099580974487207410874174907239056319258796740215815625785384146839042785279999999999999, 33034026232154020269411137566140993814768228451111305892162035754540682333042719250123325439999999999999, 2444517941179397499936424179894433542292848905382236636019990645836010492645161224509126082559999999999999, 183338845588454812495231813492082515671963667903667747701499298437700786948387091838184456191999999999999999, 13933752264722565749637617825398271191069238760678748825313946681265259808077418979702018670591999999999999999, 1072898924383637562722096572555666881712331384572263659549173894457425005221961261437055437635583999999999999999, 83686116101923729892323532659342016773561847996636565444835563767679150407312978392090324135575551999999999999999, 6611203172051974661493559080088019325111385991734288670142009537646652882177725292975135606710468607999999999999999, 528896253764157972919484726407041546008910879338743093611360763011732230574218023438010848536837488639999999999999999, 42840596554896795806478262838970365226721781226438190582520221803950310676511659898478878731483836579839999999999999999, 3512928917501537256131217552795569948591186060567931627766658187923925475473956111675268055981674599546879999999999999999, 291573100152627592258891056882032305733068443027138325104632629597685814464338357269047248646478991762391039999999999999999, 24492140412820717749746848778090713681577749214279619308789140886205608415004422010599968886304235308040847359999999999999999, 2081831935089761008728482146137710662934108683213767641247076975327476715275375870900997355335860001183472025599999999999999999, 179037546417719446750649464567843117012333346756384017147248619878162997513682324897485772558883960101778594201599999999999999999, 15576266538341591867306503417402351180073001167805409491810629929400180783690362266081262212622904528854737695539199999999999999999, 1370711455374060084322972300731406903846424102766876035279335433787215908964751879415151074710815598539216917207449599999999999999999, 121993319528291347504744534765095214442331745146251967139860853607062215897862917267948445649262588269990305631463014399999999999999999, 10979398757546221275427008128858569299809857063162677042587476824635599430807662554115360108433632944299127506831671295999999999999999999, 999125286936706136063857739726129806282696992747803610875460391041839548203497292424497769867460597931220603121682087935999999999999999999, 91919526398176964517874912054803942178008123332797932200542355975849238434721750903053794827806375009672295487194752090111999999999999999999, 8548515955030457700162366821096766622554755469950207694650439105753979174429122833984002918985992875899523480309111944380415999999999999999999, 803560499772863023815262481183096062520147014175319523297141275940874042396337546394496274384683330334555207149056522771759103999999999999999999, 76338247478421987262449935712394125939413966346655354713228421214383034027652066907477146066544916381782744679160369663317114879999999999999999999, 7328471757928510777195193828389836090183740769278914052469928436580771266654598423117806022388311972651143489199395487678443028479999999999999999999, 710861760519065545387933801353814100747822854620054663089583058348334812865496047042427184171666261347160918452341362304808973762559999999999999999999, 69664452530868423448017512532673781873286639752765356982779139718136811660818612610157864048823293612021770008329453505871279428730879999999999999999999, 6896780800555973921353733740734704405455377335523770341295134832095544354421042648405628540833506067590155230824615897081256663444357119999999999999999999, 689678080055597392135373374073470440545537733552377034129513483209554435442104264840562854083350606759015523082461589708125666344435711999999999999999999999, 69657486085615336605672710781420514495099311088790080447080861804164997979652530748896848262418411282660567831328620560520692300788006911999999999999999999999, 7105063580732764333778616499704892478500129731056588205602247904024829793924558136387478522766677950831377918795519297173110614680376705023999999999999999999999, 731821548815474726379197499469603925285513362298828585177031534114557468774229488047910287844967828935631925635938487608830393312078800617471999999999999999999999, 76109441076809371543436539944838808229693389679078172858411279547913976752519866756982669935876654209305720266137602711318360904456195264217087999999999999999999999, 7991491313064984012060836694208074864117805916303208150133184352530967559014586009483180343267048691977100627944448284688427894967900502742794239999999999999999999999, 847098079184888305278448689586055935596487427128140063914117541368282561255546117005217116386307161349572666562111518176973356866597453290736189439999999999999999999999, 90639494472783048664794009785707985108824154702710986838810576926406234054343434519558231453334866264404275322145932444936149184725927502108772270079999999999999999999999, 9789065403060569255797753056856462391753008707892786578591542308051873277869090928112288996960165556555661734791760704053104111950400170227747405168639999999999999999999999, 1067008128933602048881955083197354400701077949160313737066478111577654187287730911164239500668658045664567129092301916741788348202593618554824467163381759999999999999999999999, 117370894182696225377015059151708984077118574407634511077312592273541960601650400228066345073552385023102384200153210841596718302285298041030691387971993599999999999999999999999, 13028169254279281016848671565839697232560161759247430729581697742363157626783194425315364303164314737564364646217006403417235731553668082554406744064891289599999999999999999999999, 1459154956479279473887051215374046090046738117035712241713150147144673654199717775635320801954403250607208840376304717182730401934010825246093555335267824435199999999999999999999999, 164884510082158580549236787337267208175281407225035483313585966627348122924568108646791250620847567318614598962522433041648535418543223252808571752885264161177599999999999999999999999, 18796834149366078182612993756448461731982080423654045097748800195517686013400764385734202570776622674322064281727557366747933037713927450820177179828920114374246399999999999999999999999, 2161635927177098991000494281991573099177939248720215186241112022484533891541087904359433295639311607547037392398669097176012299337101656844320375680325813153038335999999999999999999999999, 250749767552543482956057336711022479504640952851544961603968994608205931418766196905694262294160146475456337518245615272417426723103792193941163578917794325752446975999999999999999999999999, 29337722803647587505858708395189630102042991483630760507664372369160093975995645037966228688416737137628391489634736986872838926603143686691116138733381936113036296191999999999999999999999999, 3461851290830415325691327590632376352041072995068429739904395939560891089167486114480014985233174982240150195776898964450994993339170955029551704370539068461338282950655999999999999999999999999, 411960303608819423757267983285252785892887686413143139048623116807746039610930847623121783242747822886577873297450976769668404207361343648516652820094149146899255671128063999999999999999999999999, 49435236433058330850872157994230334307146522369577176685834774016929524753311701714774613989129738746389344795694117212360208504883361237821998338411297897627910680535367679999999999999999999999999, 5981663608400058032955531117301870451164729206718838378986007656048472495150715907487728292684698388313110720278988182695585229090886709776461798947767045612977192344779489279999999999999999999999999, 729762960224807080020574796310828195042096963219698282236292934037913644408387340713502851707533203374199507874036558288861397949088178592728339471627579564783217466063097692159999999999999999999999999, 89760844107651270842530699946231867990177926476022888715064030886663378262231642907760850760026584015026539468506496669529951947737845966905585755010192286468335748325761016135679999999999999999999999999, 11130344669348757584473806793332751630782062883026838200667939829946258904516723720562345494243296417863290894094805587021714041519492899896292633621263843522073632792394366000824319999999999999999999999999, 1391293083668594698059225849166593953847757860378354775083492478743282363064590465070293186780412052232911361761850698377714255189936612487036579202657980440259204099049295750103039999999999999999999999999999, 175302928542242931955462456994990838184817490407672701660520052321653577746138398598856941534331918581346831581993187995591996153932013173366608979534905535472659716480211264512983039999999999999999999999999999, 22263471924864852358343732038363836449471821281774433110886046644850004373759576622054831574860153659831047610913134875440183511549365673017559340400933003005027783992986830593148846079999999999999999999999999999, 2849724406382701101867997700910571065532393124067127438193413970540800559841225807623018441582099668458374094196881264056343489478318806146247595571319424384643556351102314315923052298239999999999999999999999999999, 367614448423368442140971703417463667453678713004659439526950402199763272219518129183369378964090857231130258151397683063268310142703125992865939828700205745619018769292198546754073746472959999999999999999999999999999, 47789878295037897478326321444270276768978232690605727138503552285969225388537356793838019265331811440046933559681698798224880318551406379072572177731026746930472440007985811078029587041484799999999999999999999999999999, 6260474056649964569660748109199406256736148482469350255143965349461968525898393739992780523758467298646148296318302542567459321730234235658506955282764503847891889641046141251221875902434508799999999999999999999999999999, 826382575477795323195218750414321625889171599685954233679003426128979845418587973679047029136117683421291575114015935618904630468390919106922918097324914507921729432618090645161287619121355161599999999999999999999999999999, 109908882538546777984964093805104776243259822758231913079307455675154319440672200499313254875103651895031779490164119437314315852295992241220748106944213629553590014538206055806451253343140236492799999999999999999999999999999, 14727790260165268249985188569884040016596816249603076352627199060470678805050074866907976153263889353934258451681992004600118324207662960323580246330524626360181061948119611478064467947980791690035199999999999999999999999999999, 1988251685122311213748000456934345402240570193696415307604671873163541638681760107032576780690625062781124890977068920621015973768034499643683333254620824558624443362996147549538703172977406878154751999999999999999999999999999999, 270402229176634325069728062143070974704717546342712481834235374750241662860719374556430442173925008538232985172881373204458172432452691951540933322628432139972924297367476066737263631524927335429046271999999999999999999999999999999, 37045105397198902534552744513600723534546303848951610011290246340783107811918554314230970577827726169737918968684748129010769623246018797361107865200095203176290628739344221143005117518915044953779339263999999999999999999999999999999, 5112224544813448549768278742876899847767389931155322181558053995028068878044760495363873939740226211423832817678495241803486208007950594035832885397613138038328106766029502517734706217610276203621548818431999999999999999999999999999999, 710599211729069348417790745259889078839667200430589783236569505308901574048221708855578477623891443387912761657310838610684582913105132570980771070268226187327606840478100849965124164247828392303395285762047999999999999999999999999999999, 99483889642069708778490704336384471037553408060282569653119730743246220366751039239780986867344802074307786632023517405495841607834718559937307949837551666225864957666934118995117382994695974922475340006686719999999999999999999999999999999, 14027228439531828937767189311430210416295030536499842321089882034797717071711896532809119148295617092477397915115315954174913666704695316951160420927094784937846959031037710778311551002252132464069022940942827519999999999999999999999999999999, 1991866438413519709162940882223089879113894336182977609594763248941275824183089307658894919057977627131790503946374865492837740672066735007064779771647459461174268182407354930520240242319802809897801257613881507839999999999999999999999999999999, 284836900693133318410300546157901852713286890074165798172051144598602442858181770995221973425290800679846042064331605765475796916105543106010263507345586702947920350084251755064394354651731801815385579838785055621119999999999999999999999999999999, 41016513699811197851083278646737866790713312170679874936775364822198751771578175023311964173241875297897830057263751230228514755919198207265477945057764485224500530412132252729272787069849379461415523496785048009441279999999999999999999999999999999, 5947394486472623688407075403776990684653430264748581865832427899218819006878835378380234805120071918195185358303243928383134639608283740053494302033375850357552576909759176645744554125128160021905250907033831961368985599999999999999999999999999999999, 868319595025003058507433008951440639959400818653292952411534473285947575004309965243514281547530500056497062312273613543937657382809426047810168096872874152202676228824839790278704902268711363198166632426939466359871897599999999999999999999999999999999, 127642980468675449600592652315861774074031920342034064004495567573034293525633564890796599387486983508305068159904221190958835635272985629028094710240312500373793405637251449170969620633500570390130494966760101554901168947199999999999999999999999999999999, 18891161109363966540887712542747542562956724210621041472665344000809075441793767603837896709348073559229150087665824736261907674020401873096158017115566250055321424034313214477303503853758084417739313255080495030125373004185599999999999999999999999999999999, 2814783005295231014592269168869383841880551907382535179427136256120552240827271372971846609692862960325143363062207885703024243429039879091327544550219371258242892181112668957118222074209954578243157675006993759488680577623654399999999999999999999999999999999, 422217450794284652188840375330407576282082786107380276914070438418082836124090705945776991453929444048771504459331182855453636514355981863699131682532905688736433827166900343567733311131493186736473651251049063923302086643548159999999999999999999999999999999999, 63754835069936982480514896674891544018594500702214421814024636201130508254737696597812325709543346051364497173359008611173499113667753261418568884062468758999201507902201951878727729980855471197207521338908408652418615083175772159999999999999999999999999999999999, 9690734930630421337038264294583514690826364106736592115731744702571837254720129882867473507850588599807403570350569308898371865277498495735622470377495251367878629201134696685566614957090031621975543243514078115167629492642717368319999999999999999999999999999999999, 1482682444386454464566854437071277747696433708330698593706956939493491099972179872078723446701140055770532746263637104261450895387457269847550237967756773459285430267773608592891692088434774838162258116257653951620647312374335757352959999999999999999999999999999999999, 228333096435513987543295583308976773145250791082927583430871368681997629395715700300123410791975568588662042924600114056263437889668419556522736647034543112729956261237135723305320581618955325076987749903678708549579686105647706632355839999999999999999999999999999999999, 35391629947504668069210815412891399837513872617853775431785062145709632556335933546519128672756213131242616653313017678720832872898605031261024180290354182473143220491756037112324690150938075386933101235070199825184851346375394528015155199999999999999999999999999999999999, 5521094271810728218796887204411058374652164128385188967358469694730702678788405633256984072949969248473848197916830757880449928172182384876719772125295252465810342396713941789522651663546339760361563792670951172728836810034561546370364211199999999999999999999999999999999999, 866811800674284330351111291092536164820389768156474667875279742072720320569779684421346499453145172010394167072942428987230638723032634425645004223671354637132223756284088860955056311176775342376765515449339334118427379175426162780147181158399999999999999999999999999999999999, 136956264506536924195475583992620714041621583368722997524294199247489810650025190138572746913596937177642278397524903779982440918239156239251910667340074032666891353492886040030898897165930504095528951440995614790711525909717333719263254623027199999999999999999999999999999999999, 21776046056539370947080617854826693532617831755626956606362777680350879893354005232033066759261913011245122265206459701017208106000025842041053796107071771194035725205368880364912924649382950151189103279118302751723132619645056061362857485061324799999999999999999999999999999999999, 3484167369046299351532898856772270965218853080900313057018044428856140782936640837125290681481906081799219562433033552162753296960004134726568607377131483391045716032859020858386067943901272024190256524658928440275701219143208969818057197609811967999999999999999999999999999999999999, 560950946416454195596796715940335625400235346024950402179905153045838666052799174777171799718586879169674349551718401898203280810560665690977545787718168825958360281290302358200156938968104795894631300470087478884387896282056644140707208815179726847999999999999999999999999999999999999, 90874053319465579686681067982334371314838126056041965153144634793425863900553466313901831554411074425487244627378381107508931491310827841938362417610343349805254365569028982028425424112832976934930270676154171579270839197693176350794567828059115749375999999999999999999999999999999999999, 14812470691072889488929014081120502524318614547134840319962575471328415815790215009165998543369005131354420874262676120523955833083664938235953074070485966018256461587751724070633344130391775240393634120213129967421146789223987745179514555973635867148287999999999999999999999999999999999999, 2429245193335953876184358309303762413988252785730113812473862377297860193789595261503223761112516841542125023379078883765928756625721049870696304147559698426994059700391282747583868437384251139424555995714953314657068073432733990209440387179676282212319231999999999999999999999999999999999999, 400825456900432389570419121035120798308061709645468779058187292254146931975283218148031920583565278854450628857548015821378244843243973228664890184347350240454019850564561653351338292168401438005051739292967296918416232116401108384557663884646586565032673279999999999999999999999999999999999999, 66537025845471776668689574091830052519138243801147817323659090514188390707897014212573298816871836289838804390352970626348788643978499555958371770601660139915367295193717234456322156499954638708838588722632571288457094531322583991836572204851333369795423764479999999999999999999999999999999999999, 11111683316193786703671158873335618770696086714791685493051068115869461248218801373499740902417596660403080333188946094600247703544409425845048085690477243365866338297350778154205800135492424664376044316679639405172334786730871526636707558210172672755835768668159999999999999999999999999999999999999, 1866762797120556166216754690720383953476942568085003162832579443466069489700758630747956471606156238947717495975742943892841614195460783541968078396000176885465544833954930729906574422762727343615175445202179420068952244170786416474966869779309009022980409136250879999999999999999999999999999999999999, 315482912713373992090631542731744888137603294006365534518705925945765743759428208596404643701440404382164256819900557517890232799032872418592605248924029893643677076938383293354211077446900921070964650239168321991652929264862904384269400992703222524883689144026398719999999999999999999999999999999999999, 53632095161273578655407362264396630983392559981082140868180007410780176439102795461388789429244868744967923659383094778041339575835588311160742892317085081919425103079525159870215883165973156582063990540658614738580997975026693745325798168759547829230227154484487782399999999999999999999999999999999999999, 9171088272577781950074658947211823898160127756765046088458781267243410171086578023897482992400872555389514945754509207045069067467885601208487034586221549008221692626598802337806916021381409775532942382452623120297350653729564630450711486857882678798368843416847410790399999999999999999999999999999999999999, 1577427182883378495412841338920433710483541974163587927214910377965866549426891420110367074692950079526996570669775583611751879604476323407859769948830106429414131131774994002102789555677602481391666089781851176691144312441485116437522375739555820753319441067697754655948799999999999999999999999999999999999999, 272894902638824479706421551633235031913652761530300711408179495388094913050852215679093503921880363758170406725871175964833075171574403949559740201147608412288644685797073962363782593132225229280758233532260253567567966052376925143691371002943156990324263304711711555479142399999999999999999999999999999999999999, 47483713059155459468917349984182895552975580506272323785023232197528514870848285528162269682407183293921650770301584617880955079853946287223394794999683863738224175328690869451298171205007189894851932634613284120756826093113584975002298554512109316316421815019837810653370777599999999999999999999999999999999999999, 8309649785352205407060536247232006721770726588597656662379065634567490102398449967428397194421257076436288884802777308129167138974440600264094089124944676154189230682520902153977179960876258231599088211057324721132444566294877370625402247039619130355373817628471616864339886079999999999999999999999999999999999999999, 1462498362221988151642654379512833183031647879593187572578715551683878258022127194267397906218141245452786843725288806230733416459501545646480559685990263003137304600123678779099983673114221448761439525146089150919310243667898417230070795478972966942545791902611004568123819950079999999999999999999999999999999999999999, 258862210113291902840749825173771473396601674687994200346432652648046451669916513385329429400611000445143271339376118702839814713331773579427059064420276551555302914221891143900697110141217196430774795950857779712717913129218019849722530799778215148830605166762147808557916131164159999999999999999999999999999999999999999, 46077473400165958705653468880931322264595098094462967661665012171352268397245139382588638433308758079235502298408949129105487018973055697138016513466809226176843918731496623614324085605136660964677913679252684788863788537000807533250610482360522296491847719683662309923309071347220479999999999999999999999999999999999999999, 8247867738629706608311970929686706685362522558908871211438037178672056043106879949483366279562267696183154911415201894109882176396176969787704955910558851485655061452937895626964011323319462312677346548586230577206618148123144548451859276342533491072040741823375553476272323771152465919999999999999999999999999999999999999999, 1484616192953347189496154767343607203365254060603596818058846692160970087759238390907005930321208185312967884054736340939778791751311854561786892063900593267417911061528821212853522038197503216281922378745521503897191266662166018721334669741656028392967333528207599625729018278807443865599999999999999999999999999999999999999999, 268715530924555841298804012889192903809110984969251024068651251281135585884422148754168073388138681541647187013907277710099961306987445675683427463566007381402641902136716639526487488913748082147027950552939392205391619265852049388561575223239741139127087368605575532256952308464147339673599999999999999999999999999999999999999999, 48906226628269163116382330345833108493258199264403686380494527733166676630964831073258589356641240040579788036531124543238192957871715112974383798369013343415280826188882428393820722982302150950759087000634969381381274706385072988718206690629632887321129901086214746870765320140474815820595199999999999999999999999999999999999999999, 8949839472973256850297966453287458854266250465385874607630498575169501823466564086406321852265346927426101210685195791412589311290523865674312235101529441844996391192565484396069192305761293623988912921116199396792773271268468356935431824385222818379766771898777298677350053585706891295168921599999999999999999999999999999999999999999, 1646770463027079260454825827404892429184990085631000927804011737831188335517847791898763220816823834646402622766076025619916433277456391284073451258681417299479335979432049128876731384260078026813959977485380689009870281913398177676119455686880998581877086029375022956632409859770067998311081574399999999999999999999999999999999999999999, 304652535660009663184142778069905099399223165841735171643742171498769842070801841501271195851112409409584485211724064739684540156329432387553588482856062200403677156194929088842195306088114434960582595834795427466826002153978662870082099302072984737647260915434379246976995824057462579687550091263999999999999999999999999999999999999999999, 56665371632761797352250556721002348488255508846562741925736043898771190625169142519236442428306908150182714249380676041581324469077274424084967457811227569275083951052256810524648326932389284902668362825271949508829636400640031293835270470185575161202390530270794539937721223274688039821884316975103999999999999999999999999999999999999999999, 10596424495326456104870854106827439167303780154307232740112640209070212646906629651097214734093391824084167564634186419775707675717450317303888914610699555454440698846772023568109237136356796276798983848325854558151142006919685851947195577924702555144847029160638578968353868752366663446692367274344447999999999999999999999999999999999999999999, 1992127805121373747715720572083558563453110669009759755141176359305199977618446374406276370009557662927823502151227046917833043034880659653131115946811516425434851383193140430804536581635077700038208963485260656932414697300900940166072768649844080367231241482200052846050527325444932727978165047576756223999999999999999999999999999999999999999999, 376512155167939638318271188123792568492637916442844593721682331908682795769886364762786233931806398293358641906581911867470445133592444674441780913947376604407186911423503541422057413929029685307221494098714264160226377789870277691387753274820531189406704640135809987903549664509092285587873193992006926335999999999999999999999999999999999999999999, 71537309481908531280471525743520588013601204124140472807119643062649731196278409304929384447043215675738141962250563254819384575382564488143938373650001554837365513170465672870190908646515640208372083878755710190443011780075352761363673122215900925987273881625803897701674436256727534261695906858481316003839999999999999999999999999999999999999999999, 13663626111044529474570061417012432310597829987710830306159851824966098658489176177241512429385254194065985114789857581670502453898069817235492229367150296973936813015558943518206463551484487279799068020842340646374615249994392377420461566343237076863569311390528544461019817325034959043983918209969931356733439999999999999999999999999999999999999999999, 2623416213320549659117451792066387003634783357640479418782691550393490942429921826030370386441968805260669142039652655680736471148429404909214508038492857018995868098987317155495641001885021557721421060001729404103926127998923336464728620737901518757805307786981480536515804926406712136444912296314226820492820479999999999999999999999999999999999999999999, 506319329170866084209668195868812691701513188024612527825059469225943751888974912423861484583299979415309144413652962546382138931646875147478400051429121404666202543104552211010658713363809160640234264580333774992057742703792203937692623802414993120256424402887425743547550350796495442333868073188645776355114352639999999999999999999999999999999999999999999, 98225949859148020336675629998549662190093558476774830398061537029833087866461133010229128009160196006569974016248674733998134952739493778610809609977249552505243293362283128936067790392578977164205447328584752348459202084535687563912369017668508665329746334160160594248224768054520115812770406198597280612892184412159999999999999999999999999999999999999999999, 19154060222533863965651747849717184127068243902971091927621999720817452133959920936994679961786238221281144933168491573129636315784201286829107873945563662738522442205645210142533219126552900547020062229074026707949544406484459074962911958445359189739300535161231315878403829770631422583490229208726469719513975960371199999999999999999999999999999999999999999999, 3754195803616637337267742578544568088905375804982334017813911945280220618256144503650957272510102691371104406901024348333408717893703452218505143293330477896750398672306461187936510948804368507215932196898509234758110703670953978692730743855290401188902904891601337912167150635043758826364084924910388065024739288232755199999999999999999999999999999999999999999999, 739576573312477555441745287973279913514359033581519801509340653220203461796460467219238582684490230200107568159501796621681517425059580087045513228786104145659828538444372854023492656914460595921538642789006319247347808623177933802467956539492209034213872263645463568696928675103620488793724730207346448809873639781852774399999999999999999999999999999999999999999999, 146436161515870555977465567018709422875843088649140920698849449337600285435699172509409239371529065579621298495581355731092940450161796857235011619299648620840646050611985825096651546069063197992464651272223251210974866107389230892888655394819457388774346708201801786601991877670516856781157496581054596864354980676806849331199999999999999999999999999999999999999999999, 29140796141658240639515647836723175152292774641179043219071040418182456801704135329372438634934284050344638400620689790487495149582197574589767312240630075547288564071785179194233657667743576400500465603172426990983998355370456947684842423569072020366094994932158555533796383656432854499450341819629864776006641154684563016908799999999999999999999999999999999999999999999, 5828159228331648127903129567344635030458554928235808643814208083636491360340827065874487726986856810068927680124137958097499029916439514917953462448126015109457712814357035838846731533548715280100093120634485398196799671074091389536968484713814404073218998986431711106759276731286570899890068363925972955201328230936912603381759999999999999999999999999999999999999999999999]
len(predicted_full) = 200, len(input_sequence + seq_pred) = 200
is_manual_check: False
