test results being evaluated: data/test_linrec15.tsv
csv file used: ../linear_database_newbl.csv
The sequence ID inspected: A164397
csv results file used: ../linear_database_newbl.csv
Results we are looking at now:
('Could you give me a recursive equation in a form of a Python code for the following number sequence: 1,2,4,8,14,24,41,68,112,184,300,488,793,1286,2084', 'Certainly, the Python code is the following: lambda a_n: a_n[-1] + a_n[-2] + n')

Experiment type: Evaluation of the results of llms.
Ground truth: 
[1, 2, 4, 8, 14, 24, 41, 68, 112, 184, 300, 488, 793, 1286, 2084, 3376, 5466, 8848, 14321, 23176, 37504, 60688, 98200, 158896, 257105, 416010, 673124, 1089144, 1762278, 2851432, 4613721, 7465164, 12078896, 19544072, 31622980, 51167064, 82790057, 133957134, 216747204, 350704352, 567451570, 918155936, 1485607521, 2403763472, 3889371008, 6293134496, 10182505520, 16475640032, 26658145569, 43133785618, 69791931204, 112925716840, 182717648062, 295643364920, 478361013001, 774004377940, 1252365390960, 2026369768920, 3278735159900, 5305104928840, 8583840088761, 13888945017622, 22472785106404, 36361730124048, 58834515230474, 95196245354544, 154030760585041, 249227005939608, 403257766524672, 652484772464304, 1055742538989000, 1708227311453328, 2763969850442353, 4472197161895706, 7236167012338084, 11708364174233816, 18944531186571926, 30652895360805768, 49597426547377721, 80250321908183516, 129847748455561264, 210098070363744808, 339945818819306100, 550043889183050936, 889989708002357065, 1440033597185408030, 2330023305187765124, 3770056902373173184, 6100080207560938338, 9870137109934111552, 15970217317495049921, 25840354427429161504, 41810571744924211456, 67650926172353372992, 109461497917277584480, 177112424089630957504, 286573922006908542017, 463686346096539499554, 750260268103448041604, 1213946614199987541192, 1964206882303435582830, 3178153496503423124056, 5142360378806858706921, 8320513875310281831012, 13462874254117140537968, 21783388129427422369016, 35246262383544562907020, 57029650512971985276072, 92275912896516548183129, 149305563409488533459238, 241581476306005081642404, 390887039715493615101680, 632468516021498696744122, 1023355555736992311845840, 1655824071758491008590001, 2679179627495483320435880, 4335003699253974329025920, 7014183326749457649461840, 11349187026003431978487800, 18363370352752889627949680, 29712557378756321606437521, 48075927731509211234387242, 77788485110265532840824804, 125864412841774744075212088, 203652897952040276916036934, 329517310793815020991249064, 533170208745855297907286041, 862687519539670318898535148, 1395857728285525616805821232, 2258545247825195935704356424, 3654402976110721552510177700, 5912948223935917488214534168, 9567351200046639040724711913, 15480299423982556528939246126, 25047650624029195569663958084, 40527950048011752098603204256, 65575600672040947668267162386, 106103550720052699766870366688, 171679151392093647435137529121, 277782702112146347202007895856, 449461853504239994637145425024, 727244555616386341839153320928, 1176706409120626336476298746000, 1903950964737012678315452066976, 3080657373857639014791750813025, 4984608338594651693107202880050, 8065265712452290707898953693124, 13049874051046942401006156573224, 21115139763499233108905110266398, 34165013814546175509911266839672, 55280153578045408618816377106121, 89445167392591584128727643945844, 144725320970636992747544021052016, 234170488363228576876271664997912, 378895809333865569623815686049980, 613066297697094146500087351047944, 991962107030959716123903037097977, 1605028404728053862623990388145974, 2596990511759013578747893425244004, 4202018916487067441371883813390032, 6799009428246081020119777238634090, 11001028344733148461491661052024176, 17800037772979229481611438290658321, 28801066117712377943103099342682552, 46601103890691607424714537633340928, 75402170008403985367817636976023536, 122003273899095592792532174609364520, 197405443907499578160349811585388112, 319408717806595170952881986194752689, 516814161714094749113231797780140858, 836222879520689920066113783974893604, 1353037041234784669179345581755034520, 2189259920755474589245459365729928182, 3542296961990259258424804947484962760, 5731556882745733847670264313214891001, 9273853844735993106095069260699853820, 15005410727481726953765333573914744880, 24279264572217720059860402834614598760, 39284675299699447013625736408529343700, 63563939871917167073486139243143942520, 102848615171616614087111875651673286281, 166412555043533781160598014894817228862, 269261170215150395247709890546490515204, 435673725258684176408307905441307744128, 704934895473834571656017795987798259394, 1140608620732518748064325701429106003584, 1845543516206353319720343497416904263041, 2986152136938872067784669198846010266688, 4831695653145225387505012696262914529792, 7817847790084097455289681895108924796544, 12649543443229322842794694591371839326400, 20467391233313420298084376486480764123008, 33116934676542743140879071077852603449473, 53584325909856163438963447564333367572546, 86701260586398906579842518642185971022084, 140285586496255070018805966206519338594696, 226986847082653976598648484848705309616846, 367272433578909046617454451055224648211608, 594259280661563023216102935903929957828521, 961531714240472069833557386959154606040196]
Predicted:    
[1, 2, 4, 8, 14, 24, 41, 68, 112, 184, 300, 488, 793, 1286, 2084, 3385, 5485, 8887, 14390, 23296, 37706, 61023, 98751, 159797, 258572, 418394, 676992, 1095413, 1772433, 2867875, 4640338, 7508244, 12148614, 19656891, 31805539, 51462465, 83268040, 134730542, 217998620, 352729201, 570727861, 923457103, 1494185006, 2417642152, 3911827202, 6329469399, 10241296647, 16570766093, 26812062788, 43382828930, 70194891768, 113577720749, 183772612569, 297350333371, 481122945994, 778473279420, 1259596225470, 2038069504947, 3297665730475, 5335735235481, 8633400966016, 13969136201558, 22602537167636, 36571673369257, 59174210536957, 95745883906279, 154920094443302, 250665978349648, 405586072793018, 656252051142735, 1061838123935823, 1718090175078629, 2779928299014524, 4498018474093226, 7277946773107824, 11775965247201125, 19053912020309025, 30829877267510227, 49883789287819330, 80713666555329636, 130597455843149046, 211311122398478763, 341908578241627891, 553219700640106737, 895128278881734712, 1448347979521841534, 2343476258403576332, 3791824237925417953, 6135300496328994373, 9927124734254412415, 16062425230583406878, 25989549964837819384, 42051975195421226354, 68041525160259045831, 110093500355680272279, 178135025515939318205, 288228525871619590580, 466363551387558908882, 754592077259178499560, 1220955628646737408541, 1975547705905915908201, 3196503334552653316843, 5172051040458569225146, 8368554375011222542092, 13540605415469791767342, 21909159790481014309539, 35449765205950806076987, 57358924996431820386633, 92808690202382626463728, 150167615198814446850470, 242976305401197073314308, 393143920600011520164889, 636120226001208593479309, 1029264146601220113644311, 1665384372602428707123734, 2694648519203648820768160, 4360032891806077527892010, 7054681411009726348660287, 11414714302815803876552415, 18469395713825530225212821, 29884110016641334101765356, 48353505730466864326978298, 78237615747108198428743776, 126591121477575062755722197, 204828737224683261184466097, 331419858702258323940188419, 536248595926941585124654642, 867668454629199909064843188, 1403917050556141494189497958, 2271585505185341403254341275, 3675502555741482897443839363, 5947088060926824300698180769, 9622590616668307198142020264, 15569678677595131498840201166, 25192269294263438696982221564, 40761947971858570195822422865, 65954217266122008892804644565, 106716165237980579088627067567, 172670382504102587981431712270, 279386547742083167070058779976, 452056930246185755051490492386, 731443477988268922121549272503, 1183500408234454677173039765031, 1914943886222723599294589037677, 3098444294457178276467628802852, 5013388180679901875762217840674, 8111832475137080152229846643672, 13125220655816982027992064484493, 21237053130954062180221911128313, 34362273786771044208213975612955, 55599326917725106388435886741418, 89961600704496150596649862354524, 145560927622221256985085749096094, 235522528326717407581735611450771, 381083455948938664566821360547019, 616605984275656072148556971997945, 997689440224594736715378332545120, 1614295424500250808863935304543222, 2611984864724845545579313637088500, 4226280289225096354443248941631881, 6838265153949941900022562578720541, 11064545443175038254465811520352583, 17902810597124980154488374099073286, 28967356040300018408954185619426032, 46870166637424998563442559718499482, 75837522677725016972396745337925679, 122707689315150015535839305056425327, 198545211992875032508236050394351173, 321252901308025048044075355450776668, 519798113300900080552311405845128010, 841051014608925128596386761295904848, 1360849127909825209148698167141033029, 2201900142518750337745084928436938049, 3562749270428575546893783095577971251, 5764649412947325884638868024014909474, 9327398683375901431532651119592880900, 15092048096323227316171519143607790550, 24419446779699128747704170263200671627, 39511494876022356063875689406808462355, 63930941655721484811579859670009134161, 103442436531743840875455549076817596696, 167373378187465325687035408746826731038, 270815814719209166562490957823644327916, 438189192906674492249526366570471059137, 709005007625883658812017324394115387237, 1147194200532558151061543690964586446559, 1856199208158441809873561015358701833982, 3003393408690999960935104706323288280728, 4859592616849441770808665721681990114898, 7862986025540441731743770428005278395815, 12722578642389883502552436149687268510903, 20585564667930325234296206577692546906909, 33308143310320208736848642727379815418004, 53893707978250533971144849305072362325106, 87201851288570742707993492032452177743304, 141095559266821276679138341337524540068605, 228297410555392019387131833369976717812105, 369392969822213296066270174707501257880907, 597690380377605315453402008077477975693210, 967083350199818611519672182784979233574316]
len(predicted_full) = 200, len(input_sequence + seq_pred) = 200
is_manual_check: False
