test results being evaluated: data/test_linrec15.tsv
csv file used: ../linear_database_newbl.csv
The sequence ID inspected: A165511
csv results file used: ../linear_database_newbl.csv
Results we are looking at now:
('Could you give me a recursive equation in a form of a Python code for the following number sequence: 1,10,80,820,6380,67420,506780,5561020,40049180,460442620,3143983580', 'Certainly, the Python code is the following: lambda a_n: abs( -10 * a_n[-1] - a_n[-2] + 2 )')

Experiment type: Evaluation of the results of llms.
Ground truth: 
[1, 10, 80, 820, 6380, 67420, 506780, 5561020, 40049180, 460442620, 3143983580, 38295852220, 244662669980, 3201964029820, 18817676268380, 269359086415420, 1424231777738780, 22818085999649020, 105362773996841180, 1948264965971570620, 7534384693744135580, 167809462243697220220, 510285160193274981980, 14592566441739474837820, 31333097975655273540380, 1281997881780897461863420, 1537980936028077156770780, 113841828424252694410937020, 24576455818274249698433180, 10221188102364468247285898620, -8009307078719785774426912420, 927916236291521928030157788220, -1648753873376302647728579906020, 85161215139613276170442780845820, -233549063743480514466014972387620, 7898058426308675369805865248511420, -28917474163221921671747212763397220, 739742732531002704954275085129425020, -3342315407220975655411524233835174820, 69919161335011219101296281895483426620, -370727547984899028088333462940649160420, 6663452068135908747204998833534157556220, -40028931386776821275155010498192581994020, 639739617519008608523604905516266762053820, -4242343442328922523287555850353599141515620, 61818909019039697290411997346817607726359420, -443629818828642724386292023878641530462765220, 6007331630542215480523371785092226225835113020, -45934015325120060675289653934169963967483982820, 586593862073919453922393114592470324292644154620, -4720655241334724914698461968667767081366202608420, 57514102827987475767713842281990096267704176524220, -482373074548112718090575419462089133590662411282020, 5658642329066985537184821224841197797684038298461820, -49072219038397130165336608976429219820843655313843620, 558350028654425828511970519212137021612407102175407420, -4974849742110167543392265327090766805488336080421333220, 55226352321008492109469612056183098750604975276208001020, -502962829110923571014773491494352111244555222514127990820, 5473334538001687860867038576550830998799002997372848082620, -50739989157984809252196652811042521010808973023644367256420, 543340097578136716730230124700617310902719242787200694692220, -5109939121796769549427928877694444201875526814915193747770020, 54010547903829074055148640100750002183120258665763256270069820, -513905068865538333503662239093249980351917672008130693569371620, 5374854380210154998467039848160750176832740951926823757875655420, -51626310578108605013796641366553248408505331432658586179119101220, 535363204797022554875830227701020764323452017106072724387928089020, -5181731156826797006117527950690813121088931846045345480508647198820, 53364419588558826944942248443782681910199613385591890675422175210620, -519720223702970557495519764005955862808203479529672983921200423104420, 5322517986673264982540322123946397234726168684232943144709196192060220, -52097338119940615157137100884482424887464481841903511697617234271458020, 531123956920534463585766092039658176012819663422868394721444891556877820, -5219884387715189827728105171643076415884623029194184447506995975988099620, 53021040510563291550447053455212312257038392737252339972437036216107103420, -522810635404930376045976518903089189686654465364728940248066674055036069220, 5294704281355626615586211329872197292820109811717439537767399933504675377020, -52347661467799360459724098031150224364619011694543044160093400598457921606820, 528871046789805755862483117719647980718428894749112602559159394613878705538620, -5240160578891748197237651940523168173534139947257986576967565448475091650152420, 52838554789974266224861132535291486438192740474678120807291910963724175148628220, -524453006890231603976249807182376622056265335727896912734372801326482423662346020, 5279922937987915564213751735358610401493611978448927785390644788061658187038885820, -52480693558108759922076234381772506386557492193959649931484196907445076316650027620, 527673757977021160701313890564047442520982570254363150616642227832994313150149751420, -5250936178206809553688174984923573017311156867710731644450219949503051181648652237220, 52741574396138714016806425135687842844199588190603415199948020454472539365162129865020, -525325830434751573848742173778809414402203706284569263200467815909747145713540831214820, 5272067526087235835361320435990715270380166643438876631195789656812275688578132519066620, -52551392265214877481748116076083562566578500209050110319237893088689518802796807328400420, 527037469613066102664266955315247936900793498118549007126858962201794330774828734044396220, -5256662773482405076021597402162768567892858516933058935858269340183851023026541393600434020, 52690035038658354315805623380535082888964273347602469577275575938345340792761127457596093820, -525789684652074811157749389575184253999321539871577773804519816554891932865149852881635155620, 5267892838131326699580255493823341714006106141155800035759321651005972604213651324065283599420, -52588964456818059703777700555589924573945044729597799678166105140946246562077138083412447605220, 526699319888637462666000694999690678834494597433619802896505053731483780941305757249287971553020, -5259706121002262836005993745002783890489548623097421773931454516416645971528248184756408256022820, 52662644910979634475946056294974944985594062392123204034616909352250186256245766337192325695794620, -526036195801183289716485493345225495129653438470891163688447815829748323693788102965269068737848420, 5265674237789350392551630559892970543833119053761979526803969657532265086755907073312578381359364220, -52608931859895846467035324960963265105501928516142184258764273082209614219196836340186794567765722020, 526519613260937381796682075351330614050482643354720341671121542260113472027228472938318848890108501820, -5261323480651563563829861321838024473545656209807516924959906119658978751754943743555130359989023483620, 52648088674135927925531248103457779738089094111732347675360844923069191234205506308003826760098788647420, -526167201932776648670218767068879982357198152994408870921752395692377278892150443227965559159110902173220, 5264495182605010161968031096380080158785216623050320161704228438768604489970646010948309967568001880441020, -52619543356554908542287720132579278570933050392547118544661944051082559590264185901465210291887983076030820, 526424109791005823119410518806786492861602546467075933098042503540256963687622326886813107373008152315722620, -5262183011880947591925305330738921564245577081796316602117617468137687326811399058018682033642926629158496420, 52640352893071471672672252023349705921789806263833150580941442786760814058697408477831861697213660337573532220, -526236823962356754945949731789852646703891743625501644771527014919152673471723323699513244725077056961838210020, 5263868584338789205486452413891326179664974307370485197056256865727625938754490086704380797474306487343456109820, -52625182740950897150621928274978064383015231233665633226493688208451366551209589219660572822731241613908895011620, 526373355331441925644402645525197420552862918897009300961556806123937701039113697023054844595418825474819944895420, -5262639802017022669200376190273223215024233729926916291345988744884560690647976726792506398641230570726620495941220, 52636241781846795977196614287540991064781896430657753377886101296038953784168209458867442412228924863460415536529020, -526273823963378836205230471412131080416962932124080219599025088335649415942486114870193018289939676228856260171238820, 5263535584329590474152925757290820276247333610883278023608774204979155256517624966168262835390542913940293658458850620, -52628179741033685732623668184382617513773997502050497787521032155187602691341375304485634481485113774537357073870344420, 526346382330696828406386986340556442376034022481545519912310710603311575777927622259629289666633976029163786335166900220, -5262882559023728544342517122934992018615693797666090320789203604570195817998651399663336393000294215737525922983497898020, 52634056968786443100917345893585071832458755821005187112897167558868237638012137403029972462997352058362266693148518917820, -526293487280922012091743886957734353507871197610953315983925491970185861257890763372730247833023831474739599761663329739620, 5263358614471701891174305017380390818429159221501420156144670572268327248678983129645427769502785516727343602145030032343420, -52629772469754682979431254843576482634137567006487218594697964849585054761889151833191150074474930349453907580694729708909220, 526332047772207853185118706407811656292761896941615032647718316353734507142997633501279649329725626854914831773747432619817020, -5263011570050129321333931642329695093365142927525464706170535152816389435713021298488483156032469358305766514036273106421646820, 52632895869548836107994615219032744159713713652270817644465183624652495078582808313603651595707775775248101373673542042205178620, -526303937174060475028048463028705302562576577129562641199813347378127544292754725177567135638630018022767087636938121620153392420, 5263264565433455724747563832741652276936810805833936229201679873596852101365207473401895779252329837795096211267556905418619468220, -52630618911098898477271925505325129507568702747494573937184881137628331087713132739382937986729031459844134098591987851232424786020, 526324429800109913704552670452073834431881675272548834565336069761345020210581805345553558119438716861402793112672109338908176925820, -5263080131799010776659025965931335490113064922547060488911975372147894818104763751890017976925051548247374861985951015949826407667620, 52632278813808903010068766306617980588982415697076455599792221650668946637057126232989838207674536065773626242126440856451562330991420, -526309490675719872909381103240438174699158258726311899601870005143979480266485863903091456130929175408037363820862032291935939021077220, 5263214583918521143815570070836056427707575671463192903583169953704184677601627224872176894821637421327663725612241709372576548810305020, -52631068744733309705659869362475492150631818956831263867751470416662337901585354976150407946605263208051026469489824615646811060707254820, 526320381297400212649061175737720570644313629388518625190236766250038958885731805214646328480552631127540761774591578459178700453634706620, -5263116568323398086158449418360514864201177335503332373287869103749649370028413753068183043675026319852133144028675793867391695917287640420, 52631950885089417224573955234755366222189403980470008640409178066253155669744276222386352606924763121330801703741917855193474736744411236220, -526312442034195244978834402887201704000295364175769922236317397403721598972301513998522826537677131908022784666322739303258727369300298874020, 5263188021692242795190490374015184663997341722418070699873143423366505609249286374013294561160905812827794938003095346270671453676297310133820, -52631307804769814843285586633863338024023924498237363701141709189701449516756422633880348949551847684549845557972141883563956916913324208795620, 526318229757071666410429720295229957783784679515863726689724617292686954349192196295076859454033370839051389978250723047924387747780082120839420, -5263135932186355002306132517342930379945937884357226459792478444365817410857270233344308264913699662448537490195743492568680510269979260912445220, 52631776610322804979244807343913626580486559040784961861867694000707643302284567899901225615776703037963162588238308566881875407570186651787993020, -526314010507094755186796733904777360775620968632935343243190753993631210279438888900888969458009672658331536705855222898063121331868320133908062820, 5263173905436147203318829394857003753019411282303581910811283214057319107485049999891999274877912946075016169647302993917431908013185118794827434620, -52631434851074675170130535446286966222825298459267762802698451073484128032634550000972006526098783485324854473174273054743112827881333930846553088420, 526317086340327923468825180983417303994572313866590134775713940338642847706289049991251941265110948632076309741431542507311984549067994622381022204220, -5263146222937048688780573371149244264048849175200688787018574536952214370643398550078732528614001462311313212327116117434192139058388048398570800162020, 52631683993566561800974839659656801623560357423193800916832829167430070664209413049291407242473986839198181089055954943092270748474507564412862798541820, -526314844057900943791226443063088785387956783191255791748504537493129364022115282556377334817734118447216370198496405512169563263729431920284234813123620, 5263166403478891505878962012432200931508388951278697874263459162561835723800962456992603986640392933975052668213532350390473930626435112717441886681887420, -52631502368689976447089341888110191616424499438491719131628867536943478485791337887066564120236463594224525986078208846485734624362083985543023019863013220, 526316478681790211976195923007008275452179505053574527815340192167508693627877959016400922917871827651979266125296120381628388380741244130112792821232881020, -5263151691863888092214236692936925520930384454517829249661938270492421757349098368852391693739153551132186604872334916565344504573328802828984864608904070820, 52631634773225007170071869763567670311626539909339536753042555565568204183858114680328474756347618039810320556148985750911899458840040774539136218519863362620, -526315287040974935469353172127890967195361140815944169222616999909886162345276967877043727192871437641707114994659128241792904870439633029147774033321229736420, 5263162416631225580775821450848981295241749732656502476996447000811024538892507289106606455264157061224635965048067845823863856166043302737670033700108932372220, -52631538250318969773017606942359168342824252406091477707031976992700779149967434398040541902622586448978276314567389387585225294505610275360969696699019608650020, 526316155747129272042841537518767484914581728345176700636712207065692987650293090417635122876396721959195513168893495511732972349449507521751272729708823522149820, -5263154598275836551614426162331092635768764444893409694269590136408763111147362186241283894112429502367240381479958540394403248854954432304238545432620588300651620, 52631608615517471035470164539020166278081119995959312751573688772321131999673740323828444952988134478694836566680373136450370760305410109261853091106414705294135420, -526315522460342760680768519148818503497269920036366185235836801049109812002936337085543995423106789691746470899876641771946663157251309016643322180042267652352781220, 5263160297856915153873083327660633468524570719672704332877468790558011691973572966230104041192038892774281761901110224052480031584738218850210100379619591128824969020, -52631557319287763615142250051054298783278863522945661004102780884977894772237843303929063629271649965031464142890007983527679715737356030348109096583423679840575278820, 526315984126410127463719749540511310950490228293489050963074972035198947049859410264638427336555150314716822713989928148250882558363795726867018130749186881434822490620, -5263156142862308852826522254135398201445587945358598541332325251683209476551265307618254153971003647167548595574090646665742056974725838458196836823257318067086597584420, 52631594714239220324561299712781416186989708491772613128009072734851114711038612231435712614260967175492062639833184180008321487227467453876228468590684137396220621740220, -526315647571847017078948302584967254317092623574046481847918345386339967600652489917078586471651295420571436241501342379925106614952792915113943782683842763434014404338020, 5263159171853376846289465276735294711146166387833581663368734891522940291594127590746292721755138341214857073826487918580674040465424863763974505955845415129093870360957820, -52631567453319608383394812509382347599684502509497765029681385976293537375652851683283365504203754929066286335561608732773933635811176226124229446397391263838155166751379620, 526315892920123524549446687415558871602839477414520114732867526213358163619124334850449710462166205638403422979945521405034597277699413964881934982423478625456603499237583420, -5263156963718888279054979813259970155574444703269318967404192264079776527427880986345952605840504149254369193180490307354688624500705274316062585158188692370890568506861749220, 52631587326530005488505181680660268599829997670576129293362269623282011253149071122886426547435462656710677261375587233807802379493652531155436733576301768661984883438244257020, -526315714061229950603453364874057582601530020964814836359739573390461898721658359894022161073080836089603904647619714895729778584557127219601069397813284082042136049055801686820, 5263158573448930444568919716133481756586229811316666472762343839485842911505074760953800550342272475193564858171422565938431992738985855023590375419680443261620775558497784818620, -52631572838959625998879722554798664190723931698150001745138905444627413796454327151415795046919547723257916276457196906554112065349127304787686621222876010645413019973519936632420, 526315844449363366010082497006812022283484614716649984293749850998353275831911055637257844577724070490678753511885227841012991411857854256910820408994115904191282820238320570308220, -5263157399955729705909257526938691799448638467550150141356251341014820517512800499264679398800483365583891218393032949430883077293279311687802616319052956862278454617855114867226020, 52631583400398432646816682257551773804962253792048648727793737930866615342384795506617885410795649709744979034462703455122052304360486194809776453128523388239493908439303966194965820, -526315749396414106178649859682034035755339715871562161449856358622200461918536840440439031302839152612295188689835668903901529260755624246712011921843289505844554824046264304245307620, 5263158255432273044392151262861693678201942557155940546951292772400195842733168436036048718274447626489343301791478979864886236653199381779591892703410394447399006583583621261792231420, -52631575701109542600470638634244756896182516985596535077438365048398237415401484075675561535529971361595910283876689181216023870121205563983672965669306449973408940747747408643869917220, 526315818690014116595764252291797187934357347129631184303054714564415863261386643318919946180230257745636807445109797369055785168909149924146943308976241950239319533270273322205170745020, -5263157631789872950638121729373825308590783875833319341272507568920257230647520210129720484377927680289268732994011823678497933479817650682677510219213822447846124200567540100153463294820, 52631581313891143444256904435635572222682945117500125928547431879717684924172318108832515640598650877396581403053893586893518598681641143855902408027075597969384882194892139098618830346620, -526315768174979709001687860079279849995853493942498866643073113082540835682449137020507359234612142103430767372514957717958332611865229705296878327756319618275536060245970748112430526880420, 5263158086425182618984809259286481350037318554517510200212341982257132478857957766815433766888490721069123093647365380538375006493212932652328095050193123435520175457786263266988125258076220, -52631577222173356429136716666421667849664133009342408198088922159685807690278380098661096098003583510377892157173711575154624941561083606129047144548261889080318420879923630597106872677314020, 526315805000439792137769550002204989353022802915918326217199700562827730787494579112050135117967748406598970585436595823608375525950247544838575699065642998277134212080687324626038145904173820, -5263157754996041870760074049980155095822794773756735064045202694934550422912548787991548783938290264340609264731070637587524620266447772096452818708409213015505792091273814078365656686862435620, 52631580205035623163159333550178604137594847036189384423593175745589046193787060908076060944555387620934516617420364261712278417601970051131924631624317082860447871178535673294709089818238079420, -526315778154679391531565998048392562761646376674295540187661418289698584255916451827315451499001511411589350443216721644589494241582269539812678315381146254255969159393178940347618191635857285220, 5263157996607885476215906017564466935145182609931340138311047235392712741696751933554160936508986397295695846011049505198694551825759574141685895161569683711696277565461389536871436275277284433020, -52631578030529030714056845841919797583693356510617938755200574881465585324729232598012551571419122424338737385900554453211749033568163832724826943545872846594733501910847494168157073522504440102820, 526315797725238723573488387422721821746759791404438551203194826066809732077436906617887035857227898180951363526895009921094258697886525505476557508087144380647398482802372552486586338297460039074620]
Predicted:    
[1, 10, 80, 820, 6380, 67420, 506780, 5561020, 40049180, 460442620, 3143983580, 31900278418, 322146767758, 3253367955996, 32855826327716, 331811631233154, 3350972138659254, 33841533017825692, 341766302316916172, 3451504556186987410, 34856811864186790270, 352019623198054890108, 3555053043844735691348, 35902550061645411803586, 362580553660298853727206, 3661708086664633949075644, 36979661420306638344483644, 373458322289731017393912082, 3771562884317616812283604462, 38089087165465899140229956700, 384662434538976608214583171460, 3884713432555231981286061671298, 39231796760091296421075199884438, 396202681033468196192038060515676, 4001258607094773258341455805041196, 40408788751981200779606596110927634, 408089146126906781054407416914317534, 4121300250021049011323680765254102972, 41621091646337396894291215069455347252, 420332216713395017954235831459807575490, 4244943258780287576436649529667531102150, 42869764804516270782320731128135118596988, 432942591303942995399643960811018717072028, 4372295677843946224778760339238322289317266, 44155899369743405243187247353194241610244686, 445931289375277998656651233871180738391764124, 4503468793122523391809699586065001625527885924, 45480619220600511916753647094521196993670623362, 459309660999127642559346170531276971562234119542, 4638577229211876937510215352407290912616011818780, 46845081953117897017661499694604186097722352307340, 473089396760390847114125212298449151889839534892178, 4777739049557026368158913622679095704996117701229118, 48250479892330654528703261439089406201851016547183356, 487282537972863571655191528013573157723506283173062676, 4921075859620966371080618541574820983436913848277810114, 49698041134182527282461376943761782992092644765951163814, 501901487201446239195694387979192650904363361507789448252, 5068712913148644919239405256735688292035726259843845646332, 51189030618687895431589746955336075571261625959946245911570, 516959019100027599235136874810096444004651985859306304762030, 5220779221618963887782958495056300515617781484553009293531868, 52724751235289666477064721825373101600182466831389399240080708, 532468291574515628658430176748787316517442449798447001694338946, 5377407666980445953061366489313246266774606964815859416183470166, 54306544961378975159272095069881249984263512097957041163529040604, 548442857280770197545782317188125746109409727944386271051473876204, 5538735117769080950617095266951138711078360791541819751678267802642, 55935794034971579703716734986699512856893017643362583787834151902622, 564896675467484877987784445133946267280008537225167657630019786828860, 5704902548709820359581561186326162185656978389895039160088032020191220, 57613922162565688473803396308395568123849792436175559258510339988741058, 581844124174366705097615524270281843424154902751650631745191431907601798, 5876055163906232739449958639011214002365398819952681876710424659064759036, 59342395763236694099597201914382421867078143102278469398849438022555192156, 599300012796273173735421977782835432673146829842737375865204804884616680594, 6052342523725968431453816979742736748598546441529652228050897486868721998094, 61122725250055957488273591775210202918658611245139259656374179673571836661532, 617279595024285543314189734731844765935184658892922248791792694222587088613412, 6233918675492911390630170939093657862270505200174361747574301121899442722795650, 62956466349953399449615899125668423388640236660636539724534803913217014316569910, 635798582175026905886789162195777891748672871806539758992922340254069585888494748, 6420942288100222458317507521083447340875368954726034129653758206453912873201517388, 64845221463177251489061864373030251300502362419066881055530504404793198317903668626, 654873156919872737348936151251385960345898993145394844684958802254385896052238203646, 6613576790661904624978423376886889854759492293873015327905118526948652158840285705084, 66790641063538918987133169920120284507940821931875548123736144071740907484455095254484, 674519987426051094496310122578089734934167711612628496565266559244357727003391238249922, 6811990515324049863950234395701017633849617938058160513776401736515318177518367477753702, 68794425140666549733998654079588266073430347092194233634329283924397539502187066015786940, 694756241921989547203936775191583678368153088860000496857069240980490713199389027635623100, 7016356844360562021773366405995425049754961235692199202205021693729304671496077342372017938, 70858324685527609764937600835145834175917765445781992518907286178273537428160162451355802478, 715599603699636659671149374757453766808932615693512124391277883476464678953097701855930042716, 7226854361681894206476431348409683502265243922380903236431686120942920326959137181010656229636, 72984143220518578724435462858854288789461371839502544488708139092905667948544469511962492339074, 737068286566867681450831059936952571396878962317406348123513077049999599812403832300635579620374, 7443667008889195393232746062228380002758250995013566025723838909592901666072582792518318288542812, 75173738375458821613778291682220752598979388912453066605361902172979016260538231757483818465048492, 759181050763477411531015662884435905992552140119544232079342860639383064271454900367356502939027730, 7666984246010232936923934920526579812524500790107895387398790508566809658975087235431048847855325790, 77429023510865806780770364868150234031237560041198498106067247946307479654022327254677844981492285628, 781957219354668300744627583602028920124900101202092876448071269971641606199198359782209498662778182068, 7897001217057548814227046200888439435280238572062127262586779947662723541646005925076772831609274106306, 79751969389930156443015089592486423272927285821823365502315870746598877022659257610549937814755519245126, 805416695116359113244377942125752672164553096790295782285745487413651493768238582030576150979164466557564, 8133918920553521288886794510850013144918458253724781188359770744883113814705045077916311447606400184820764, 82144605900651572002112323050625884121349135634038107665883452936244789640818689361193690627043166314765202, 829579977927069241310010025017108854358409814594105857847194300107331010222891938689853217718038063332472782, 8377944385171343985102212573221714427705447281575096686137826454009554891869738076259725867807423799639493020, 84609023829640509092332135757234253131412882630345072719225458840202879928920272701287111895792276059727402980, 854468182681576434908423570145564245741834273585025823878392414856038354181072465089130844825730184396913522818, 8629290850645404858176567837212876710549755618480603311503149607400586421739644923592595560153094120028862631158, 87147376689135625016674101942274331351239390458391058938909888488861902571577521701015086446356671384685539834396, 880103057742001655024917587259956190222943660202391192700602034496019612137514861933743460023719807966884260975116, 8888177954109152175265849974541836233580675992482302985944930233449058023946726141038449686683554751053528149585554, 89761882598833523407683417332678318526029703585025421052149904368986599851604776272318240326859267318502165756830654, 906507003942444386252100023301325021493877711842736513507443973923315056539994488864220852955276227936075185717892092, 9154831922023277385928683650345928533464806822012390556126589643602137165251549664914526769879621546679254022935751572, 92454826224175218245538936526760610356141945931966642074773340409944686709055491138009488551751491694728615415075407810, 933703094163775459841318048917952032094884266141678811303859993743049004255806461045009412287394538493965408173689829670, 9429485767861929816658719425706280931304984607348754755113373277840434729267120101588103611425696876634382697151973704508, 95228560772783073626428512305980761345144730339629226362437592772147396296927007476926045526544363304837792379693426874748, 961715093495692666080943842485513894382752288003641018379489300999314397698537194870848558876869329925012306494086242451986, 9712379495729709734435866937161119705172667610376039410157330602765291373282298956185411634295237662554960857320555851394606, 98085510050792790010439613214096710946109428391764035119952795328652228130521526756724964901829245955474620879699644756398044, 990567480003657609838831999078128229166266951528016390609685283889287572678497566523435060652587697217301169654317003415375044, 10003760310087368888398759603995379002608778943671927941216805634221527954915497191991075571427706218128486317422869678910148482, 101028170580877346493826428039031918255254056388247295802777741626104567121833469486434190774929649878502164343883013792516859862, 1020285466118860833826663039994314561555149342826144885968994221895267199173250192056332983320724205003150129756253007604078747100, 10303882831769485684760456827982177533806747484649696155492719960578776558854335390049764023982171699910003461906413089833304330860, 104059113783813717681431231319816089899622624189323106440896193827683032787716604092553973223142441204103184748820383905937122055698, 1050895020669906662499072770026143076530032989377880760564454658237409104436020376315589496255406583740941850950110252149204524887838, 10613009320482880342672158931581246855199952517968130712085442776201774077147920367248448935777208278613521694249922905397982370934076, 107180988225498710089220662085838611628529558169059187881418882420255149875915224048800078854027489369876158793449339306129028234228596, 1082422891575469981234878779789967363140495534208560009526274266978753272836300160855249237476052101977375109628743315966688264713220034, 10931409903980198522438008459985512243033484900254659283144161552207787878238916832601292453614548509143627255080882498973011675366428934, 110396521931377455205614963379645089793475344536755152840967889789056632055225468486868173773621537193413647660437568305696805018377509372, 1114896629217754750578587642256436410177786930267806187692823059442774108430493601701283030189829920443280103859456565555941061859141522652, 11259362814108924960991491385944009191571344647214817029769198484216797716360161485499698475671920741626214686255003223865107423609792735890, 113708524770307004360493501501696528325891233402415976485384807901610751272032108456698267786909037336705426966409488804207015297957068881550, 1148344610517178968565926506402909292450483678671374581883617277500324310436681246052482376344762294108680484350349891265935260403180481551388, 11597154629942096690019758565530789452830728020116161795321557582904853855638844568981522031234531978423510270469908401463559619329761884395428, 117119890909938145868763512161710803820757763879832992535099193106548862866825126935867702688690082078343783189049433905901531453700799325505666, 1182796063729323555377654880182638827660408366818446087146313488648393482523890113927658548918135352761861342160964247460478874156337755139452086, 11945080528203173699645312313988099080424841432064293863998234079590483688105726266212453191870043609696957204798691908510690273017078350720026524, 120633601345761060551830778020063629631908822687461384727128654284553230363581152776052190467618571449731433390147883332567381604327121262339717324, 1218281093985813779217953092514624395399513068306678141135284776925122787323917254026734357868055758107011291106277525234184506316288290974117199762, 12303444541203898852731361703166307583627039505754242796079976423535781103602753693043395769148176152519844344452923135674412444767210031003511714942, 124252726506024802306531570124177700231669908125849106101935049012282933823351454184460692049349817283305454735635508881978308953988388601009234349180, 1254830709601451921918047062944943309900326120764245303815430466546365119337117295537650316262646348985574391700808011955457501984651096041095855206740, 12672559822520544021487002199573610799234931115768302144256239714475934127194524409560963854675813307139049371743715628436553328800499349011967786416578, 127980428934806892136788069058681051302249637278447266746377827611305706391282361391147288863020779420376068109137964296320990789989644586160773719372518, 1292476849170589465389367692786384123821731303900240969608034515827532998040018138321033852484883607510899730463123358591646461228696945210619704980141756, 13052748920640701546030464996922522289519562676280856962826722985886635686791463744601485813711856854529373372740371550212785603076959096692357823520790076, 131819966055577604925694017662011607019017358066708810597875264374693889865954655584335891989603452152804633457866838860719502491998287912134197940188042514, 1331252409476416750802970641617038592479693143343368962941579366732825534346338019587960405709746378382575707951408760157407810523059838218034337225401215214, 13444344060819745112955400433832397531815948791500398440013668931702949233329334851463939949087067235978561712971954440434797607722596670092477570194200194652, 135774693017673867880356974979941013910639181058347353363078268683762317867639686534227359896580418738168192837670953164505383887749026539142810039167403161732, 1371191274237558423916525150233242536638207759374973932070796355769326127909726200193737538914891254617660490089681486085488636485212862061520577961868231811970, 13847687435393258107045608477312366380292716774808086674071041826377023596964901688471602749045492964914773093734485814019391748739877647154348589657849721281430, 139848065628170139494372609923356906339565375507455840672781214619539562097558743084909765029369820903765391427434539626279406123883989333605006474540365444626268, 1412328343717094653050771707710881429775946471849366493401883188021772644572552332537569253042743702002568687368079882076813452987579770983204413335061504167544108, 14263131502799116670002089687032171204099030094001120774691613094837266007823082068460602295456806840929452265108233360394413935999681699165649139825155407120067346, 144043643371708261353071668578032593470766247411860574240318014136394432722803373017143592207610812111297091338450413486020952812984396762639695811586615575368217566, 1454699565219881730200718775467358105911761504212606863177871754458781593235856812239896524371564927953900365649612368220603942065843649325562607255691311160802243004, 14691039295570525563360259423251613652588381289537929206019035558724210365081371495416108835923260091650300747834574095692060373471420890018265768368499727183390647604, 148365092520925137363803313007983494631795574399591898923368227341700885244049571766400984883604165844456907843995353325141207676780052549508220290940688582994708719042, 1498341964504821899201393389503086559970544125285456918439701308975733062805577089159425957671964918536219379187788107347104137141271946385100468677775385557130477838022, 15131784737569144129377737208038849094337236827254161083320381317099031513299820463360660561603253351206650699721876426796182579089499516400512907068694544154299487099260, 152816189340196263192978765469891577503342912397827067751643514479966048195803781722766031573704498430602726376406552375308929928036267110390229539364720827100125348830620, 1543293678139531776059165391906954624127766360805524838599755526116759513471337637691020976298648237657233914463787400179885481859452170620302808300715902815155552975405458, 15585752970735514023784632684539437818781006520453075453749198775647561182909180158632975794560186875002941871014280554174163748522557973313418312546523748978655655102885198, 157400823385494672013905492237301332811937831565336279376091743282592371342563139224020778921900516987686652624606592941921522967085031903754485933765953392601712104004257436, 1589593986825682234162839555057552765938159322173815869214666631601571274608540572398840765013565356751869468117080209973389393419372877010858277650206057674995776695145459556, 16053340691642317013642301042812828992193531053303494971522758059298305117427968863212428429057554084506381333795408692675815457160813802012337262435826530142559479055458852994, 162123000903248852370585849983185842687873469855208765584442247224584622448888229204523125055589106201815682806071167136731543965027510897134230902008471359100590567249733989494, 1637283349724130840719500800874671255870928229605391150815945230305144529606310260908443678984948616102663209394507080059991255107435922773354646282520540121148465151552798747932, 16534956498144557259565593858729898401397155765909120273743894550276029918511990838288959914905075267228447776751141967736644095039386738630680693727213872570585242082777721468812, 166986848331169703436375439388173655269842485888696593888254890733065443714726218643798042828035701288387140976905926757426432205501303309080161583554659265827000885979330013436050, 1686403439809841591623319987740466451099822014652875059156292801880930467065774177276269388195262088151099857545810409542000966150052419829432296529273806530840594101876077855829310, 17031021246429585619669575316792838166268062632417447185451182909542370114372467991406491924780656582799385716435010022177436093706025501603403126876292724574232941904740108571729148, 171996615904105697788319073155668848113780448338827346913668121897304631610790454091341188636001827916144957021895910631316361903210307435863463565292201052273170013149277163573120788, 1736997180287486563502860306873481319304072546020690916322132401882588686222277008904818378284798935744248955935394116335341055125809099860238038779798303247305933073397511744302937026, 17541968418778971332816922141890482041154505908545736510134992140723191493833560543139524971483991185358634516375837073984726913161301306038243851363275233525332500747124394606602491046, 177156681368077199891672081725778301730849131631478056017672053809114503624557882440300068093124710789330594119693764856182610186738822160242676552412550638500630940544641457810327847484, 1789108782099550970249537739399673499349645822223326296686855530231868227739412384946140205902731099078664575713313485635810828780549522908465009375488781618531641906193538972709880965884, 18068244502363586902387049475722513295227307353864741022886227356127796781018681731901702127120435701575976351252828621214290897992234051244892770307300366823817050002480031184909137506322, 182471553805735419994120032496624806451622719360870736525549129091509836037926229703963161477107088114838428088241599697778719808702890035357392712448492449856702141930993850821801256029102, 1842783782559717786843587374441970577811454500962572106278377518271226157160280978771533316898191316849960257233668825599001488985021134404818819894792224865390838469312418539402921697797340, 18610309379402913288429993776916330584566167728986591799309324311803771407640736017419296330459020256614441000424929855687793609658914234083545591660370741103765086835055179244851018234002500, 187945877576588850671143525143605276423473131790828490099371620636308940233567641152964496621488393882994370261482967382476937585574163475240274736498499635903041706819864210987913104037822338, 1898069085145291419999865245212969094819297485637271492793025530674893173743317147547064262545342959086558143615254603680457169465400548986486292956645367100134182155033697289123982058612225878, 19168636729029503050669795977273296224616447988163543418029626927385240677666739116623607122074917984748575806414029004187048632239579653340103204302952170637244863257156837102227733690160081116, 193584436375440321926697825017945931340983777367272705673089294804527299950410708313783135483294522806572316207755544645550943491861197082387518335986167073472582814726602068311401318960213037036, 1955013000483432722317648046156732609634454221660890600148922574972658240181773822254454961955020146050471737883969475459696483550851550477215286564164622905363073010523177520216240923292290451474, 19743714441209767545103178286585272027685525993976178707162315044531109701768148930858332755033495983311289695047450299242515779000376701854540383977632396127103312919958377270473810551883117551774, 199392157412581108173349430912009452886489714161422677671772073020283755257863263130837782512289979979163368688358472467884854273554618569022619126340488584176396202210106950224954346442123465969212, 2013665288567020849278597487406679800892582667608202955424883045247368662280400780239236157877933295774944976578632174978091058514546562392080731647382518237891065335021027879520017274973117777243892, 20336045043082789600959324304978807461812316390243452231920602525493970378061871065523199361291622937728613134474680222248795439419020242489829935600165670963087049552420385745425127096173301238408130]
len(predicted_full) = 200, len(input_sequence + seq_pred) = 200
is_manual_check: False
