test results being evaluated: data/test_linrec15.tsv
csv file used: ../linear_database_newbl.csv
The sequence ID inspected: A165799
csv results file used: ../linear_database_newbl.csv
Results we are looking at now:
('Could you give me a recursive equation in a form of a Python code for the following number sequence: 1,0,1,4,6,16,37,92,245,560,1426,3720,9069,22808,58177', 'Certainly, the Python code is the following: lambda a_n: a_n[-2] - -4 * a_n[-2] + a_n[-1]')

Experiment type: Evaluation of the results of llms.
Ground truth: 
[1, 0, 1, 4, 6, 16, 37, 92, 245, 560, 1426, 3720, 9069, 22808, 58177, 145660, 366318, 925536, 2331269, 5872212, 14802941, 37311528, 94038250, 236999064, 597348237, 1505640016, 3794761257, 9564393972, 24106951622, 60759989040, 153141435269, 385986293964, 972858416133, 2452034521248, 6180225251906, 15576937476648, 39260843977581, 98954878756232, 249410575897297, 628626252306028, 1584419315499294, 3993445435523200, 10065269256187205, 25368981318532164, 63941181573262541, 161160383545505176, 406196265442268954, 1023796305764019256, 2580424705119787021, 6503824664321244352, 16392547758672574777, 41316553858311051364, 104136199481970426102, 262469810017118756688, 661541342050555843525, 1667380135028948718268, 4202543874597618012245, 10592290651810693326096, 26697311104674438202738, 67289167533618145062856, 169598805273280222187885, 427464862535612503362040, 1077402688119019138551649, 2715536770632149107315164, 6844367508972182034573646, 17250868080478494550976416, 43479905066494902197408517, 109588812329423470369425972, 276212833707977864556070045, 696179910004512695682916616, 1754684822524716371617188682, 4422590744364410742853070040, 11146907205816376471476429709, 28095192939436690149474702128, 70812455125875739066848938825, 178479066214757174340902091988, 449847092863352611807958048806, 1133815921661734588738679163248, 2857723356687658533192318631685, 7202741315705928513024440432812, 18154130398790568488816439138213, 45756530200195165387431217509248, 115326926157853926250616492330658, 290675447609931855253397480493928, 732632167162639783093224563370605, 1846560818173094060258305755111016, 4654159355871054669403123058111217, 11730563703432583485524678801118028, 29566268423255596176821025703963518, 74520223458673520488412569888371904, 187824301154036374949928885643082693, 473401265678787958946869210898215972, 1193182974563471428900743025555056493, 3007354888979389223830555899209639544, 7579879717590731268838322349501076858, 19104687891571650978620822591635149688, 48152360331962685903339148109317149197, 121365489910048953757895929756140532128, 305895329731717389205249231625910000729, 770993079013051721978819516174971490116, 1943247477519075960641089333020587192662, 4897852992037463173968356192546727025040, 12344780687551332097923665970031567797573, 31114370004875535589822407867278650643100, 78422132017019104621609609092491625259509, 197658856314014397530358725229238150136816, 498188744357083570535591941215351993697746, 1255658509982435174202106295743337688784136, 3164821187853259896537339521026346697135725, 7976765236294244888839867199726897855877848, 20105016952983883007332235797289460221259137, 50673637082937823679598148793947528480697020, 127720235263576294005792158080700734169528238, 321912130938708542571106029684732234852575200, 811362583475079659932917556013679509043922821, 2044996688828407143032537571331522791280896532, 5154306523980343423992851618287678721408550205, 12991158317408659878320752344877364749524719080, 32743530801432760995269684244830747198103250346, 82528346060386935680073549932043225950099906584, 208008352696189917080744968882630911170961195917, 524274105284058794442922198410330013999728822288, 1321405289300361010217988783029176386200225520745, 3330532484805641380335206350876775983026138947508, 8394431838712187722058823997495783363028794745990, 21157723642169209102974712234502190461386324463536, 53326928888028350088768766453977062895890565099141, 134407717612917743844936848063601872573439678435468, 338767578231369808762928426972028771411556519370565, 853845851257260703144397073240152632969848713963104, 2152073529336716302143172644182491779283043308100354, 5424188064920818929873299300621476609338907923319976, 13671380537214944524422314403603527704017948961764717, 34457995105681868733542633077538639309237388667688776, 86849563105283621288819308799857218683604182526570257, 218899752827896894955867887369249882080987751571646508, 551725306090794221708533411632582283661691366383861214, 1390594596149709786897495707438794721132669409156907264, 3504920491217323153069190220979685398509445757421295173, 8833967630658439876695628945341162423442870760715099140, 22265550472563421804873010162754870003140623446256635405, 56119148108007967773215354848918621867780632082920308568, 141445359199598991588909936832272292005928566265301363674, 356505583452516768679233724043412620851649137259282584248, 898553559848287518864162390112633098566760935218912466957, 2264756955829186889578936856027439490503584876290049377920, 5708200710754171257943540365280481685409064391233330346873, 14387219463169606278711459915704008465111899458962932284964, 36262229443235257696857646399539787777356351206041556412854, 91397040794437523166462226329535217795109431683003708582864, 230361431005131222375957568181041040382804938482778560918213, 580613862696980049480100602104562024046835480798474327220860, 1463406682642106594232203661275064507557182586080627836927893, 3688439523048808166837606250589485323919029029191194806069968, 9296517691600347741918718893132794210389563128510377668001330, 23431383556697295321354720509655765682549910723889681838072392, 59057569037611517322554489552137023836623504107420978209302381, 148851494500645829027953710443957048887662279260738311955471288, 375172357686531151526650645637317749683679633610821803474937761, 945602181854208878485546899514671522743669891403280022780140444, 2383340531379295621432737349104000953297821615079017243647372814, 6007084371756581653400998132994426390159840199592107320556191776, 15140540000181545506741222368732052934549191855066990427595261957, 38160934208764009270198923268091427544325953118972047528291924468, 96182626225230650864206233031170378037406770660731729621111402973, 242423247213319724663780283625804299932295720064586753317775454920, 611015035624323830462914267125247706100704297141123766186894530570, 1540031238961479134730673545099390010275322981939333238175684815704, 3881567684425102967104554778245697838277503327394992744631678676877, 9783287057821894233534651492810470112538091066928058481505319492848, 24658260125102349275737517701691323986504514803486394634552383252873, 62149846856541227318097662084695372676666134968072465548718588557972, 156645417993597994356674183256787771440155473884874380447614216827110, 394816531648564305633692220616463211557249821729501239537574714076656, 995114288433080802097732822881270440930051328135752509907713662937605, 2508133190139880620499090935426182497453172131487434789546906301462636, 6321617700200766577360732433355749286263818849494048488477310559531749, 15933304700322899738024721377356123475300399114815177438185198095999296, 40159055911474876695203395159603697229940838061419279771326623424307042, 101218786813778921812929635047466375163030623249340107930104701156810216, 255116624918610049420657393948762242888495564892596863852168928736169069, 643008026065402403034389687031447275652891443222608418646620693022658600, 1620667887545279714400086690051830964709418489996653972989101329317021489, 4084808113193478471265005851663741923031428038887334745426025030132847884, 10295543861786479891371601614514277441362955701317824293158230911842940990, 25949376438909510673692655958498316187355772502853695577818843170166269248, 65404037572755193876532792153802104233695730718400527855478406160365206725, 164847434422518149736366703425926715682721972960587402747234383979325305828, 415489282377367276301106122551903414140182735424841528324135955354667081901, 1047218868617576799929931661123777885075837095294895689046413297564977020984, 2639460042178974262951240050893269132451046560750783359166796622068677351994, 6652620118902335085757110738269299428727691095430785515016730033673474730488, 16767578875673373025221877805424418474122164182372689314636348610872410188301, 42261800061765323132776683738911929215040096294148293562928809804906585062240, 106518642775067947275873030681491282198178020773536821955345268914061468341913, 268474632932343453137767679580643693196846023336058983063888374927541559174404, 676676182218756941193829754991622784580456695899932865317778014613146443770390, 1705526703141232694672485059481902184145791829931664290408460223224196622489104, 4298690291699130816857052099987932593220286449826948628649339448516330284069957, 10834622635877988619207711494584183470345859572241228603260371791474023910851164]
Predicted:    
[1, 0, 1, 4, 6, 16, 37, 92, 245, 560, 1426, 3720, 9069, 22808, 58177, 172217, 463102, 1324187, 3639697, 10260632, 28459117, 79762277, 222057862, 620869247, 1731158557, 4835504792, 13491297577, 37668821537, 105125309422, 293469417107, 819095964217, 2286443049752, 6381922870837, 17814138119597, 49723752473782, 138794443071767, 387413205440677, 1081385420799512, 3018451448002897, 8425378552000457, 23517635792014942, 65644528552017227, 183232707512091937, 511455350272178072, 1427618887832637757, 3984895639193528117, 11122990078356716902, 31047468274324357487, 86662418666107941997, 241899760037729729432, 675211853368269439417, 1884710653556918086577, 5260769920398265283662, 14684323188182855716547, 40988172790174182134857, 114409788731088460717592, 319350652681959371391877, 891399596337401674979837, 2488152859747198531939222, 6945150841434206906838407, 19385915140170199566534517, 54111669347341234100726552, 151041245048192231933399137, 421599591784898402437031897, 1176805817025859562104027582, 3284803775950351574289187067, 9168832861079649384809324977, 25592851740831407256255260312, 71437016046229654180301885197, 199401274750386690461578186757, 556586354981534961363087612742, 1553592728733468413670978546527, 4336524503641143220486416610237, 12104488147308485288841309342872, 33787110665514201391273392394057, 94309551402056627835479939108417, 263245104729627634791846901078702, 734792861739910773969246596620787, 2051018385388048947928481102014297, 5724982694087602817774714085118232, 15980074621027847557417119595189717, 44604988091465861646290690020780877, 124505361196605099433376287996729462, 347530301653934407664829738100633847, 970057107636959904831711178084281157, 2707708615906631943155859868587450392, 7557994154091431467314415759008856177, 21096537233624591183093715101946108137, 58886508004081748519665793896990389022, 164369194172204704435134369406720929707, 458801734192613447033463338891672874817, 1280647705053636969209135185925277523352, 3574656376016704204376451880383641897437, 9977894901284889050422127810010029514197, 27851176781368410072304387211928239001382, 77740651287792855324415026261978386572367, 216996535194634905685936962321619581579277, 605699791633599182308012093631511514441112, 1690682467606773710737696905239609422337497, 4719181425774769622277757373397166994543057, 13172593763808638175966241899595214106230542, 36768500892682486287355028766581049078945827, 102631469711725677167186238264557119610098537, 286473974175138108603961382097462365004827672, 799631322733766494439892573420247963055320357, 2232001193609457037459699483907559788079458717, 6230157807278289509659162351008799603356060502, 17390163775325574696957659770546598543753354087, 48540952811717022245253471525590596560533656597, 135491771688344895730041770378323589279300427032, 378196535746930006956309128006276572081968710017, 1055655394188654485606517979897894518478470845177, 2946638072923304520388063619929277378888314395262, 8224915043866576948420653519418749971280668621147, 22958105408483099550360971619065136865722240597457, 64082680627815984292464239216158886722125583703192, 178873207670231482044269097311484571050736786690477, 499286610809311403506590293392279004661364705206437, 1393652649160468813727935779949701859915048638658822, 3890085703207025831260887246911096883221872164691007, 10858348949009369899900566146659606182797115357985117, 30308777465044499056205002381215090598906476181440152, 84600522210091348555707833114513121512892052971365737, 236144409535313843836732845020588574507424433878566497, 659147020585770586615272010593154182071884698735395182, 1839869068262339805798936235696097054609006868128227667, 5135604171191192738875296288661867964968430361805203577, 14334949512502891767869977467142353238013464702446341912, 40012970368458855462246458910451693062855616511472359797, 111687717930973314301596346246163459252922940023704069357, 311752569773267591612828640798421924567201022581065868342, 870191159428134163120810372029239220831815722699586215127, 2428954008294472121184953576021348843667820835604915556837, 6779909805435142936789005436167544947826899449102846632472, 18924679846907503542713773316274289166166003627127424416657, 52824228874083218226658800497112013905300500872641657579017, 147447628108620735940227667078483459736130519008278779662302, 411568772479036827073521669564043529262633023371487067557387, 1148806913022140506774660004956460827943285618412880965868897, 3206650775417324642142268352776678474256450735270316303655832, 8950685340528027176015568377558982613972878827334721133000317, 24983939217614650386726910141442374985255132503686302651279477, 69737365920254786266804752029237288055119526640359908316281062, 194657062008328038200439302736449162981395189158791421572678447, 543343891609601969534463062882635603256992822360590963154083757, 1516629201651242160536659576564881418163968768154548071017475992, 4233348659699252008208974890978059434448932879957502886787894777, 11816494667955462810892272773802466525268776720730243241875274737, 32983237966451722851937147228692763697513441120517757675814748622, 92065711306229036906398511097705096323857324724168973885191122307, 256981901138487651166084247241168914811424530326757762264264865417, 717310457669632835698076802729694396430711153947602631690220476952, 2002219963362071091528498038935538970487833805581391443011544804037, 5588772251710235270018882052584010952641389575319404601462647188797, 15599872068520590727661372247261705805080558603226361816520371208982, 43543733327071767077755782510181760568287506479823384823833607152967, 121543093669674720716062643746490289593690299495955193906435463197877, 339261760305033556104841556297399092435127831895072118025603498962712, 946977228653407159685154775029850540403579329374848087557780814952097, 2643286030178574940209362556516846002579218488850208677685798309765657, 7378172173445610738635136431666098704597115135724449115474702384526142, 20594602324338485439681949214250328717493207579975492503903693933354427, 57485463191566539132857631372580822240478783258597738081277205855985137, 160458474813258966331267377443832465827944821158475200600795675522757272, 447885790771091661995555534306736577030338737451463891007181704802682957, 1250178164837386493651892421525898906170062843243839894011160082416469317, 3489607118692844803629670093059581791321756530501159349047068606429884102, 9740497942879777271889132200689076322172070746720358819102869018512230687, 27188533536344001290037482665986985278780853399226155564338212050661651197, 75891023250742887649483143669432366889641207132827949659852557143222804632, 211833690932462894099670556999367293283545474128958727481543617396531060617, 591288807186177332347086275346529127731751509793098475780806403112645083777, 1650457261848491802845439060343365594149478880437892113188524490095300386862, 4606901297779378464580870437076011232808236429403384492092556505658525805747, 12859187607021837478808065738792839203555630831592845058035178956135027740057, 35893694095918729801712417924172895367596812978609767518497961484427656768792, 100189632131027917195752746618137091385374967136573992808673856265102795469077, 279658102610621566204314836239001568223359032029622830401163663687241079313037, 780606263265761152183078569329687025150233867712492794444532945012755056658422, 2178896776318868983204652750524694866267029027860606946450351263448960453223607, 6081928092647674744120045597173129992018198366423070918673015988512735736515717, 16976411974242019660143309349796604323353343505726105650924772305757538002633752, 47386052437480393380743537335662254283444335337841460244289852248321216685212337, 132268112308690491681460084084645275900211052866471988498913713777108906698381097, 369198374496092458585177770762956547317432729555679289720362975018714990124442782, 1030538936039544916992478191186182926818487993888039232214931543904259523616348267, 2876530808520007209918367045000965663405651641666435680816746418997834474238562177, 8029225488717731794880758000931880297498091611106631841891404138519132092320303512, 22411879531317767844472593225936708614526349819438810245975136233508304463513114397, 62558006974906426818876383230596110102016807874971969455432156926103964925114631957, 174617404631495266041239349360279653174648556972166020685307838093645487242680203942, 487407439506027400135621265513260203684732596347025867962468622724165311868253363727, 1360494462663503730341818012314658469557975381207855971389007813192392748081654383437, 3797531660193640731019924339880959487981638362942985311201350926813219307422921202072, 10600003973511159382729014401454251835771515268982265168146389992775183047831193119257, 29587662274479363037828636100859049275679707083697191724153144626841279584945799129617, 82587682142035159951473708108130308454537283428608517564885094590717194824101764725902, 230525993514431975140616888612425554832935818847094476185650817724923592748830760373987, 643464404224607774897985429153077097105622235990137064010076290678509566869339584003497, 1796094371796767650601069872215204871270301330225609444938330379303127530613493385873432]
len(predicted_full) = 200, len(input_sequence + seq_pred) = 200
is_manual_check: False
