test results being evaluated: data/test_linrec15.tsv
csv file used: ../linear_database_newbl.csv
The sequence ID inspected: A167963
csv results file used: ../linear_database_newbl.csv
Results we are looking at now:
('Could you give me a recursive equation in a form of a Python code for the following number sequence: 0,1,33,366,2050,7815,23331,58828,131076,265725,500005,885786,1492998,2413411,3764775', 'Certainly, the Python code is the following: lambda a_n: 2 + -9 * ( -9 - 2 + a_n[-2] ) - n - -3 + 6')

Experiment type: Evaluation of the results of llms.
Ground truth: 
[0, 1, 33, 366, 2050, 7815, 23331, 58828, 131076, 265725, 500005, 885786, 1492998, 2413411, 3764775, 5695320, 8388616, 12068793, 17006121, 23522950, 32000010, 42883071, 56689963, 74017956, 95551500, 122070325, 154457901, 193710258, 240945166, 297411675, 364500015, 443751856, 536870928, 645734001, 772402225, 919132830, 1088391186, 1282863223, 1505468211, 1759371900, 2048000020, 2375052141, 2744515893, 3160681546, 3628156950, 4151882835, 4737148471, 5389607688, 6115295256, 6920643625, 7812500025, 8798143926, 9885304858, 11082180591, 12397455675, 13840320340, 15420489756, 17148223653, 19034346301, 21090266850, 23328000030, 25760187211, 28400117823, 31261751136, 34359738400, 37709445345, 41326975041, 45229191118, 49433741346, 53959081575, 58824500035, 64050141996, 69657034788, 75667113181, 82103245125, 88989257850, 96349964326, 104211190083, 112599800391, 121543727800, 131072000040, 141214768281, 152003335753, 163470186726, 175649015850, 188574757855, 202283617611, 216813100548, 232202043436, 248490645525, 265720500045, 283934626066, 303177500718, 323495091771, 344934890575, 367545945360, 391378894896, 416486002513, 442921190481, 470740074750, 500000000050, 530760075351, 563081209683, 597026148316, 632659509300, 670047820365, 709259556181, 750365175978, 793437161526, 838550055475, 885780500055, 935207276136, 986911342648, 1040975876361, 1097486312025, 1156530382870, 1218198161466, 1282582100943, 1349777076571, 1419880427700, 1492992000060, 1569214188421, 1648651979613, 1731412995906, 1817607538750, 1907348632875, 2000752070751, 2097936457408, 2199023255616, 2304136831425, 2413404500065, 2526956572206, 2644926400578, 2767450426951, 2894668229475, 3026722570380, 3163759444036, 3305928125373, 3453381218661, 3606274706650, 3764768000070, 3929023987491, 4099209085543, 4275493289496, 4458050224200, 4647057195385, 4842695241321, 5045149184838, 5254607685706, 5471263293375, 5695312500075, 5926955794276, 6166397714508, 6413846903541, 6669516162925, 6933622507890, 7206387222606, 7488035915803, 7778798576751, 8078909631600, 8388608000080, 8708137152561, 9037745167473, 9377684789086, 9728213485650, 10089593507895, 10462091947891, 10845980798268, 11241537011796, 11649042561325, 12068784500085, 12501055022346, 12946151524438, 13404376666131, 13876038432375, 14361450195400, 14860930777176, 15374804512233, 15903401310841, 16447056722550, 17006112000090, 17580914163631, 18171816065403, 18779176454676, 19403360043100, 20044737570405, 20703685870461, 21380587937698, 22075832993886, 22789816555275, 23522940500095, 24275613136416, 25048249270368, 25841270274721, 26655104157825, 27490185632910, 28346956187746, 29225864154663, 30127364780931, 31051920299500]
Predicted:    
[0, 1, 33, 366, 2050, 7815, 23331, 58828, 131076, 265725, 500005, 885786, 1492998, 2413411, 3764775, -21720604, -33882881, 195485529, 304946021, -1759369670, -2744514099, 15834327119, 24700626979, -142508943984, -222305642725, 1282580495941, 2000750784609, -11543224463386, -18006757061399, 103889020170555, 162060813552671, -935001181534916, -1458547321973961, 8415010633814321, 13126925897765725, -75735095704328814, -118142333079891451, 681615861338959399, 1063280997719023131, -6134542752050634520, -9569528979471208109, 55210884768455710749, 86125760815240873049, -496897962916101396674, -775131847337167857375, 4472081666244912570131, 6976186626034510716439, -40248734996204213131116, -62785679634310596447889, 362238614965837918180105, 565071116708795368031061, -3260147534692541263620886, -5085640050379158312279491, 29341327812232871372588031, 45770760453412424810515475, -264071950310095842353292224, -411936844080711823294639221, 2376647552790862581179630069, 3707431596726406409651753041, -21389827975117763230616670570, -33366884370537657686865777319, 192508451776059869075550035179, 300301959334838919181791995919, -1732576065984538821679950316564, -2702717634013550272636127963225, 15593184593860849395119552849121, 24324458706121952453725151669069, -140338661344747644556075975642046, -218920128355097572083526365021579, 1263047952102728801004683780778455, 1970281155195878148751737285194251, -11367431568924559209042154027006056, -17732530396762903338765635566748221, 102306884120321032881379386243054541, 159592773570866130048890720100734025, -920761957082889295932414476187490834, -1436334962137795170440016480906606191, 8286857613746003663391730285687417539, 12927014659240156533960148328159455751, -74581718523714032970525572571186757820, -116343131933161408805641334953435101729, 671235466713426296734730153140680820409, 1047088187398452679250772014580915915589, -6041119200420836670612571378266127383654, -9423793686586074113256948131228243240275, 54370072803787530035513142404395146452911, 84814143179274667019312533181054189162499, -489330655234087770319618281639556318076176, -763327288613472003173812798629487702462469, 4403975897106789932876564534756006862685605, 6869945597521248028564315187665389322162241, -39635783073961109395889080812804061764170426, -61829510377691232257078836688988503899460151, 356722047665649984563001727315236555877533851, 556465593399221090313709530200896535095141375, -3210498428990849861067015545837129002897804644, -5008190340592989812823385771808068815856272361, 28894485860917648749603139912534161026080241809, 45073713065336908315410471946272619342706451261, -260050372748258838746428259212807449234722176270, -405663417588032174838694247516453574084358061339, 2340453354734329548717854332915267043112499586439, 3650970758292289573548248227648082166759222552059, -21064080192608965938460688996237403388012496277944, -32858736824630606161934234048832739500833002968525, 189576721733480693446146200966136630492112466501501, 295728631421675455457408106439494655507497026716729, -1706190495601326241015315808695229674429012198513506, -2661557682795079099116672957955451899567473240450559, 15355714460411936169137842278257067069861109786621555, 23954019145155711892050056621599067096107259164055031, -138201430143707425522240580504313603628749988079593996, -215586172306401407028450509594391603864965332476495281, 1243812871293366829700165224538822432658749892716345961, 1940275550757612663256054586349524434784687992288457525, -11194315841640301467301487020849401893928749034447113654, -17462479956818513969304491277145719913062191930596117731, 100748842574762713205713383187644617045358741310024022879, 157162319611366625723740421494311479217559727375365059571, -906739583172864418851420448688801553408228671790216205920, -1414460876502299631513663793448803312958037546378285536149, 8160656248555779769662784038199213980674058046111945853269, 12730147888520696683622974141039229816622337917404569825329, -73445906237002017926965056343792925826066522415007512679434, -114571330996686270152606767269353068349601041256641128427975, 661013156133018161342685507094136332434598701735067614114891, 1031141978970176431373460905424177615146409371309770155851759, -5949118405197163452084169563847226991911388315615608527034036, -9280277810731587882361148148817598536317684341787931402665849, 53542065646774471068757526074625042927202494840540476743306305, 83522500296584290941250333339358386826859159076091382623992621, -481878590820970239618817734671625386344822453564864290689756766, -751702502669258618471253000054225481441732431684822443615933611, 4336907317388732156569359612044628477103402082083778616207810871, 6765322524023327566241277000488029332975591885163401992543402475, -39032165856498589409124236508401656293930618738754007545870297864, -60887902716209948096171493004392263996780326966470617932890622301, 351289492708487304682118128575614906645375568648786067912832680749, 547991124445889532865543437039530375971022942698235561396015600681, -3161605434376385742139063157180534159808380117839074611215494126770, -4931920120013005795789890933355773383739206484284120052564140406159, 28454448909387471679251568414624807438275421060551671500939447140899, 44387281080117052162109018400201960453652858358557080473077263655399, -256090040184487245113264115731623266944478789544965043508455024268124, -399485529721053469458981165601817644082875725227013724257695372898625, 2304810361660385206019377041584609402500309105904685391576095218413081, 3595369767489481225130830490416358796745881527043123518319258356087589, -20743293254943466854174393374261484622502781953142168524184856965717766, -32358327907405331026177474413747229170712933743388111664873325204788339, 186689639294491201687569540368353361602525037578279516717663712691459855, 291224951166647979235597269723725062536416403690493004983859926843095011, -1680206753650420815188125863315180254422725338204515650458973414223138736, -2621024560499831813120375427513525562827747633214437044854739341587855141, 15121860782853787336693132769836622289804528043840640854130760728008248581, 23589221044498486318083378847621730065449728698929933403692654074290696225, -136096747045684086030238194928529600608240752394565767687176846552074237274, -212302989400486376862750409628595570589047558290369400633233886668616266071, 1224870723411156774272143754356766405474166771551091909184591618968668135419, 1910726904604377391764753686657360135301428024613324605699104980017546394591, -11023836510700410968449293789210897649267500943959827182661324570718013218820, -17196542141439396525882783179916241217712852221519921451291944820157917551369, 99214528596303698716043644102898078843407508495638444643951921136462118969329, 154768879272954568732945048619246170959415669993679293061627503381421257962269, -892930757366733288444392796926082709590667576460746001795567290228159070724014, -1392919913456591118596505437573215538634741029943113637554647530432791321660475, 8036376816300599595999535172334744386316008188146714016160105612053431636516071, 12536279221109320067368548938158939847712669269488022737991827773895121894944219, -72327391346705396363995816551012699476844073693320426145440950508480884728644696, -112826512989983880606316940443430458629414023425392204641926449965056097054498029, 650946522120348567275962348959114295291596663239883835308968554576327962557802205, 1015438616909854925456852463990874127664726210828529841777338049685504873490482201, -5858518699083137105483661140632028657624369969158954517780716991186951663020219906, -9138947552188694329111672175917867148982535897456768575996042447169543861414339871, 52726668291748233949352950265688257918619329722430590660026452920682564967181979091, 82250527969698248962005049583260804340842823077110917183964382024525894752729058775, -474540014625734105544176552391194321267573967501875315940238076286143084704637811884, -740254751727284240658045446249347239067585407693998254655679438220733052774561529041, 4270860131631606949897588971520748891408165707516877843462142686575287762341740306889, 6662292765545558165922409016244125151608268669245984291901114943986597474971053761301, -38437741184684462549078300743686740022673491367651900591159284179177589861075662762070, -59960634889910023493301681146197126364474418023213858627110034495879377274739483851779, 345939670662160162941704706693180660204061422308867105320433557612598308749680964858559, 539645714009190211439715130315774137280269762208924727643990310462914395472655354665939, -3113457035959441466475342360238625941836552800779803947883902018513384778747128683727104, -4856811426082711902957436172841967235522427859880322548795912794166229559253898191993525, 28021113323634973198278081242147633476528975207018235530955118166620463008724158153543861, 43711302834744407126616925555577705119701850738922902939163215147496066033285083727941649, -252190019912714758784502731179328701288760776863164119778596063499584167078517423381894826, -393401725512699664139552330000199346077316656650306126452468936327464594299565753551474919, 2269710179214432829060524580613958311598846991768477078007364571496257503706656810437053355, 3540615529614296977255970970001794114695849909852755138072220426947181348696091781963274191, -20427391612929895461544721225525624804389622925916293702066281143466317533359911293933480276, -31865539766528672795303738730016147032262649188674796242649983842524632138264826037669467801, 183846524516369059153902491029730623239506606333246643318596530291196857800239201645401322401, 286789857898758055157733648570145323290363842698073166183849854582721689244383434339025210125, -1654618720647321532385122419267575609155559456999219789867368772620771720202152814808611901694, -2581108721088822496419602837131307909613274584282658495654648691244495203199450909051226891211, 14891568485825893791466101773408180482400035112992978108806318953586945481819375333277507115159, 23229978489799402467776425534181771186519471258543926460891838221200456828795058181461042020811, -134024116372433044123194915960673624341600316016936802979256870582282509336374377999497564036520]
len(predicted_full) = 200, len(input_sequence + seq_pred) = 200
is_manual_check: False
