test results being evaluated: data/test_linrec15.tsv
csv file used: ../linear_database_newbl.csv
The sequence ID inspected: A167875
csv results file used: ../linear_database_newbl.csv
Results we are looking at now:
('Could you give me a recursive equation in a form of a Python code for the following number sequence: 1,4,11,24,45,76,119,176,249,340,451,584,741,924,1135', 'Certainly, the Python code is the following: lambda a_n: a_n[-1] + n + n + n * n')

Experiment type: Evaluation of the results of llms.
Ground truth: 
[1, 4, 11, 24, 45, 76, 119, 176, 249, 340, 451, 584, 741, 924, 1135, 1376, 1649, 1956, 2299, 2680, 3101, 3564, 4071, 4624, 5225, 5876, 6579, 7336, 8149, 9020, 9951, 10944, 12001, 13124, 14315, 15576, 16909, 18316, 19799, 21360, 23001, 24724, 26531, 28424, 30405, 32476, 34639, 36896, 39249, 41700, 44251, 46904, 49661, 52524, 55495, 58576, 61769, 65076, 68499, 72040, 75701, 79484, 83391, 87424, 91585, 95876, 100299, 104856, 109549, 114380, 119351, 124464, 129721, 135124, 140675, 146376, 152229, 158236, 164399, 170720, 177201, 183844, 190651, 197624, 204765, 212076, 219559, 227216, 235049, 243060, 251251, 259624, 268181, 276924, 285855, 294976, 304289, 313796, 323499, 333400, 343501, 353804, 364311, 375024, 385945, 397076, 408419, 419976, 431749, 443740, 455951, 468384, 481041, 493924, 507035, 520376, 533949, 547756, 561799, 576080, 590601, 605364, 620371, 635624, 651125, 666876, 682879, 699136, 715649, 732420, 749451, 766744, 784301, 802124, 820215, 838576, 857209, 876116, 895299, 914760, 934501, 954524, 974831, 995424, 1016305, 1037476, 1058939, 1080696, 1102749, 1125100, 1147751, 1170704, 1193961, 1217524, 1241395, 1265576, 1290069, 1314876, 1339999, 1365440, 1391201, 1417284, 1443691, 1470424, 1497485, 1524876, 1552599, 1580656, 1609049, 1637780, 1666851, 1696264, 1726021, 1756124, 1786575, 1817376, 1848529, 1880036, 1911899, 1944120, 1976701, 2009644, 2042951, 2076624, 2110665, 2145076, 2179859, 2215016, 2250549, 2286460, 2322751, 2359424, 2396481, 2433924, 2471755, 2509976, 2548589, 2587596, 2626999, 2666800]
Predicted:    
[1, 4, 11, 24, 45, 76, 119, 176, 249, 340, 451, 584, 741, 924, 1135, 1390, 1678, 2001, 2361, 2760, 3200, 3683, 4211, 4786, 5410, 6085, 6813, 7596, 8436, 9335, 10295, 11318, 12406, 13561, 14785, 16080, 17448, 18891, 20411, 22010, 23690, 25453, 27301, 29236, 31260, 33375, 35583, 37886, 40286, 42785, 45385, 48088, 50896, 53811, 56835, 59970, 63218, 66581, 70061, 73660, 77380, 81223, 85191, 89286, 93510, 97865, 102353, 106976, 111736, 116635, 121675, 126858, 132186, 137661, 143285, 149060, 154988, 161071, 167311, 173710, 180270, 186993, 193881, 200936, 208160, 215555, 223123, 230866, 238786, 246885, 255165, 263628, 272276, 281111, 290135, 299350, 308758, 318361, 328161, 338160, 348360, 358763, 369371, 380186, 391210, 402445, 413893, 425556, 437436, 449535, 461855, 474398, 487166, 500161, 513385, 526840, 540528, 554451, 568611, 583010, 597650, 612533, 627661, 643036, 658660, 674535, 690663, 707046, 723686, 740585, 757745, 775168, 792856, 810811, 829035, 847530, 866298, 885341, 904661, 924260, 944140, 964303, 984751, 1005486, 1026510, 1047825, 1069433, 1091336, 1113536, 1136035, 1158835, 1181938, 1205346, 1229061, 1253085, 1277420, 1302068, 1327031, 1352311, 1377910, 1403830, 1430073, 1456641, 1483536, 1510760, 1538315, 1566203, 1594426, 1622986, 1651885, 1681125, 1710708, 1740636, 1770911, 1801535, 1832510, 1863838, 1895521, 1927561, 1959960, 1992720, 2025843, 2059331, 2093186, 2127410, 2162005, 2196973, 2232316, 2268036, 2304135, 2340615, 2377478, 2414726, 2452361, 2490385, 2528800, 2567608, 2606811, 2646411, 2686410]
len(predicted_full) = 200, len(input_sequence + seq_pred) = 200
is_manual_check: False
