test results being evaluated: data/test_linrec15.tsv
csv file used: ../linear_database_newbl.csv
The sequence ID inspected: A170783
csv results file used: ../linear_database_newbl.csv
Results we are looking at now:
('Could you give me a recursive equation in a form of a Python code for the following number sequence: 0,1,768,39366,655360,5859375,35271936,161414428,603979776,1937102445,5500000000', 'Certainly, the Python code is the following: lambda a_n: ( n * a_n[-1] ) * -9 // n - -8 * 9 * n')

Experiment type: Evaluation of the results of llms.
Ground truth: 
[0, 1, 768, 39366, 655360, 5859375, 35271936, 161414428, 603979776, 1937102445, 5500000000, 14147686146, 33538572288, 74231495611, 154957850880, 307546875000, 584115552256, 1067290888473, 1884413258496, 3226876977790, 5376000000000, 8737080512391, 13883596004608, 21613831937556, 33022594252800, 49591064453125, 73298299666176, 106758364789818, 153387611324416, 217607189638035, 305086500000000, 423033954570736, 580542139465728, 788995234833201, 1062547373413120, 1418681496093750, 1878859198365696, 2469273056106463, 3221713974625536, 4174567223175180, 5373952000000000, 6875020622273181, 8743434752763648, 11057037462610546, 13907741388963840, 17403654779296875, 21671468822722816, 26859131354466408, 33138833784569856, 40710339947761225, 49804687500000000, 60688294500351726, 73667505916346368, 89093616978657591, 107368412588616960, 128950264351562500, 154360829272129536, 184192396706137653, 219115932819525376, 259889874559648170, 307369728000000000, 362518528877858371, 426418226207301888, 500282053019322336, 585467951558164480, 683493123650390625, 796049780462297856, 925022169474028198, 1072504960226820096, 1240823074245168015, 1432553048500000000, 1650546025864165116, 1897952470219358208, 2178248708205912781, 2495265404065478400, 2853218078613281250, 3256739788093259776, 3710916083517686043, 4221322376074742016, 4794063839304732760, 5435817984000000000, 6153880047176963961, 6956211342002883328, 7851490721236696926, 8849169312564510720, 9959528690177734375, 11193742653057367296, 12563942786693299188, 14083287991384539136, 15766038166836834405, 17627632249500000000, 19684770805970266906, 21955503392824885248, 24459320900458902771, 27217253105859293440, 30251971666781250000, 33587898797487292416, 37251321874073695633, 41270514225442419456, 45675862374182044950, 50500000000000000000, 55777948906902405951, 61547267284049011968, 67848205559120718316, 74723870152127938560, 82220395446861328125, 90387124306644027136, 99276797470688343378, 108945752177191550976, 119454130369327016395, 130866096850500000000, 143250067765644033096, 156678949795935551488, 171230390465103291561, 186987039966506638080, 204036824931355468750, 222473234569844883456, 242395619628583350423, 263909504619504061696, 287126913787468480740, 312166711296000000000, 339154956123026120341, 368225272171161431808, 399519234109932730506, 433186769480433664000, 469386577606201171875, 508286565867631493376, 550064303911001464768, 594907496377133039616, 643014474748937249985, 694594708931500000000, 749869339193027959686, 809071729109860220928, 872448040173872103151, 940257828735953368320, 1012774665974835937500, 1090286781596377808896, 1173097731984482074413, 1261527093541144532736, 1355911181969682216130, 1456603798272000000000, 1563977002247805163131, 1678421914300982126848, 1800349546375893437496, 1930191662864180183040, 2068401672340697265625, 2215455551005538102016, 2371852798727681207358, 2538117428604629549056, 2714798990971514351175, 2902473632812500000000, 3101745193546957662676, 3313246338182773997568, 3537639728849329721541, 3775619235743122620160, 4027911188539722656250, 4295275669346734964736, 4578507848293711531603, 4878439362876496056576, 5195939742195310707120, 5531917877248000000000, 5887323538462237710321, 6263148941673179321088, 6660430363776006903286, 7080249809306067271680, 7523736729222849609375, 7992069793197887309056, 8486478716730802355148, 9008246144442140983296, 9558709590916378415965, 10139263440493500000000, 10751361007432897878066, 11396516657898958225408, 12076307995243655890731, 12792378110087722809600, 13546437896728515625000, 14340268437429578366976, 15175723456174079625993, 16054731843491802217216, 16979300253997178689710, 17951515778304000000000, 18973548691010879057911, 20047655276480327478528, 21176180734163404551876, 22361562165251323985920, 23606331642465158203125, 24913119364824863690496, 26284656899269265932138, 27723780511029390606336, 29233434584688610820355, 30816675137894500000000, 32476673429719038461856, 34216719665695920488448, 36040226801596149714721, 37950734448035895632640, 39951912878043714843750, 42047567139747719151616, 44241641276377100501583, 46538222655806601958656, 48941546411907056179900]
Predicted:    
[0, 1, 768, 39366, 655360, 5859375, 35271936, 161414428, 603979776, 1937102445, 5500000000, -49499999208, 445499993736, -4009499942688, 36085499485200, -324769495365720, 2922925458292632, -26306329124632464, 236756962121693472, -2130812659095239880, 19177313931857160360, -172595825386714441728, 1553362428480429977136, -13980261856323869792568, 125822356706914828134840, -1132401210362233453211760, 10191610893260101078907712, -91724498039340909710167464, 825520482354068187391509192, -7429684341186613686523580640, 66867159070679523178712227920, -601804431636115708608410049048, 5416239884725041377475690443736, -48746158962525372397281213991248, 438715430662728351575530925923680, -3948438875964555164179778333310600, 35535949883680996477618004999797992, -319823548953128968298562044998179264, 2878411940578160714687058404983616112, -25905707465203446432183525644852542200, 233151367186831017889651730803672882680, -2098362304681479161006865577233055941168, 18885260742133312449061790195097503473536, -169967346679199812041556111755877531258728, 1529706120112798308374005005802897781331720, -13767355081015184775366045052226080031982240, 123906195729136662978294405470034720287843472, -1115155761562229966804649649230312482590587864, 10036401854060069701241846843072812343315294232, -90327616686540627311176621587655311089837644560, 812948550178865645800589594288897799808538804640, -7316536951609790812205306348600080198276849238088, 65848832564488117309847757137400721784491643146536, -592639493080393055788629814236606496060424788315008, 5333755437723537502097668328129458464543823094838960, -48003798939511837518879014953165126180894407853546680, 432034190455606537669911134578486135628049670681924152, -3888307714100458839029200211206375220652447036137313264, 34994769426904129551262801900857376985872023325235823552, -314952924842137165961365217107716392872848209927122407720, 2834576323579234493652286953969447535855633889344101673800, -25511186912213110442870582585725027822700705004096915059808, 229600682209917993985835243271525250404306345036872235542736, -2066406139889261945872517189443727253638757105331850119880088, 18597655259003357512852654704993545282748813947986651078925400, -167378897331030217615673892344941907544739325531879859710323920, 1506410075979271958541065031104477167902653929786918737392920032, -13557690683813447626869585279940294511123885368082268636536275464, 122019216154321028641826267519462650600114968312740417728826484072, -1098172945388889257776436407675163855401034714814663759559438351680, 9883556508500003319987927669076474698609312433331973836034945170160, -88952008576500029879891349021688272287483811899987764524314506526328, 800568077188500268919022141195194450587354307099889880718830558742136, -7205112694696502420271199270756750055286188763899008926469475028673968, 64846014252268521782440793436810750497575698875091080338225275258071040, -583614128270416696041967140931296754478181289875819723044027477322633960, 5252527154433750264377704268381670790303631608882377507396247295903711112, -47272744389903752379399338415435037112732684479941397566566225663133394464, 425454699509133771414594045738915334014594160319472578099096030968200555792, -3829092295582203942731346411650238006131347442875253202891864278713804996440, 34461830660239835484582117704852142055182126985877278826026778508424244973720, -310156475942158519361239059343669278496639142872895509434241006575818204757648, 2791408283479426674251151534093023506469752285856059584908169059182363842824736, -25122674551314840068260363806837211558227770572704536264173521532641274585416648, 226104070961833560614343274261534904024049935154340826377561693793771471268755880, -2034936638656502045529089468353814136216449416389067437398055244143943241418796800, 18314429747908518409761805215184327225948044747501606936582497197295489172769177392, -164829867731176665687856246936658945033532402727514462429242474775659402554922590264, 1483468809580589991190706222429930505301791624547630161863182272980934622994303318712, -13351219286225309920716356001869374547716124620928671456768640456828411606948729862000, 120160973576027789286447204016824370929445121588358043110917764111455704462538568764480, -1081448762184250103578024836151419338365006094295222387998259877003101340162847118873768, 9733038859658250932202223525362774045285054848657001491984338893027912061465624069870536, -87597349736924258389820011728264966407565493637913013427859050037251208553190616628828128, 788376147632318325508380105554384697668089442741217120850731450335260876978715549659459920, -7095385328690864929575420949989462279012804984670954087656583053017347892808439946935132440, 63858467958217784366178788549905160511115244862038586788909247477156131035275959522416198872, -574726211623960059295609096949146444600037203758347281100183227294405179317483635701745782864, 5172535904615640533660481872542318001400334833825125529901649045649646613857352721315712052832, -46552823141540764802944336852880862012603013504426129769114841410846819524716174491841408468360, 418975408273866883226499031675927758113427121539835167922033572697621375722445570426572676222440, -3770778674464801949038491285083349823020844093858516511298302154278592381502010133839154085994688, 33937008070183217541346421565750148407187596844726648601684719388507331433518091204552386773959536, -305433072631648957872117794091751335664688371602539837415162474496565982901662820840971480965628408, 2748897653684840620849060146825762020982195344422858536736462270469093846114965387568743328690663160, -24740078883163565587641541321431858188839758099805726830628160434221844615034688488118689958215960880, 222660709948472090288773871892886723699557822898251541475653443907996601535312196393068209623943655552, -2003946389536248812598964847035980513296020406084263873280880995171969413817809767537613886615492892264, 18035517505826239313390683623323824619664183654758374859527928956547724724360287907838524979539436038152, -162319657552436153820516152609914421576977652892825373735751360608929522519242591170546724815854924335520, 1460876917971925384384645373489229794192798876035428363621762245480365702673183320534920523342694319027600, -13147892261747328459461808361403068147735189884318855272595860209323291324058649884814284710084248871240408, 118331030355725956135156275252627613329616708958869697453362741883909621916527848963328562390758239841171736, -1064979273201533605216406477273648519966550380629827277080264676955186597248750640669957061516824158570537488, 9584813458813802446947658295462836679698953425668445493722382092596679375238755766029613553651417427134845600, -86263321129324222022528924659165530117290580831016009443501438833370114377148801894266521982862756844213602120, 776369890163917998202760321932489771055615227479144084991512949500331029394339217048398697845764811597922427432, -6987329011475261983824842897392407939500537047312296764923616545502979264549052953435588280611883304381301838464, 62885961103277357854423586076531671455504833425810670884312548909526813380941476580920294525506949739431716554672, -565973649929496220689812274688785043099543500832296037958812940185741320428473289228282650729562547654885448983480, 5093762849365465986208310472199065387895891507490664341629316461671671883856259603054543856566062928893969040859960, -45843865644289193875874794249791588491063023567415979074663848155045046954706336427490894709094566360045721367730928, 412594790798602744882873148248124296419567212106743811671974633395405422592357027847418052381851097240411492309587136, -3713353117187424703945858334233118667776104908960694305047771700558648803331213250626762471436659875163703430786275368, 33420178054686822335512725008098068009984944180646248745429945305027839229980919255640862242929938876473330877076487240, -300781602492181401019614525072882612089864497625816238708869507745250553069828273300767760186369449888259977893688376160, 2707034422429632609176530725655943508808780478632346148379825569707254977628454459706909841677325048994339801043195394512, -24363309801866693482588776530903491579279024307691115335418430127365294798656090137362188575095925440949058209388758541464, 219269788216800241343298988778131424213511218769220038018765871146287653187904811236259697175863328968541523884498826882392, -1973428093951202172089690899003182817921600968922980342168892840316588878691143301126337274582769960716873714960489441932240, 17760852845560819548807218091028645361294408720306823079520035562849299908220289710137035471244929646451863434644404977399520, -159847675610047375939264962819257808251649678482761407715680320065643699173982607391233319241204366818066770911799644796586248, 1438629080490426383453384665373320274264847106344852669441122880590793292565843466521099873170839301362600938206196803169285736, -12947661724413837451080461988359882468383623957103674024970105925317139633092591198689898858537553712263408443855771228523562048, 116528955519724537059724157895238942215452615613933066224730953327854256697833320788209089726837983410370675994701941056712068080, -1048760599677520833537517421057150479939073540525397596022578579950688310280499887093881807541541850693336083952317469510408603000, 9438845397097687501837656789514354319451661864728578364203207219556194792524498983844936267873876656240024755570857225593677436792, -84949608573879187516538911105629188875064956782557205277828864976005753132720490854604426410864889906160222800137715030343096921264, 764546477164912687648850199950662699875584611043014847500459784784051778194484417691439837697784009155442005201239435273087872301312, -6880918294484214188839651799555964298880261499387133627504138063056466003750359759222958539280056082398978046811154917457790850701800, 61928264650357927699556866196003678689922353494484202647537242567508194033753237833006626853520504741590802421300394257120117656326280, -557354381853221349296011795764033108209301181450357823827835183107573746303779140497059641681684542674317221791703548314081058906926368, 5016189436678992143664106161876297973883710633053220414450516647968163716734012264473536775135160884068854996125331934826729530162347536, -45145704930110929292976955456886681764953395697478983730054649831713473450606110380261830976216447956619694965127987413440565771461117528, 406311344370998363636792599111980135884580561277310853570491848485421261055454993422356478785948031609577254686151886720965091943150068120, -3656802099338985272731133392007821222961225051495797682134426636368791349499094940801208309073532284486195292175366980488685827488350602640, 32911218894050867454580200528070391006651025463462179139209839727319122145491854467210874781661790560375757629578302824398172447395155434272, -296200970046457807091221804752633519059859229171159612252888557545872099309426690204897873034956115043381818666204725419583552026556398897864, 2665808730418120263820996242773701671538733062540436510275997017912848893784840211844080857314605035390436367995842528776251968239007590091432, -23992278573763082374388966184963315043848597562863928592483973161215640044063561906596727715831445318513927311962582758986267714151068310812160, 215930507163867741369500695664669835394637378065775357332355758450940760396572057159370549442483007866625345807663244830876409427359614797320240, -1943374564474809672325506260982028518551736402591978215991201826058466843569148514434334944982347070799628112268969203477887684846236533175871288, 17490371080273287050929556348838256666965627623327803943920816434526201592122336629909014504841123637196653010420722831300989163616128798582852536, -157413339722459583458366007139544310002690648609950235495287347910735814329101029669181130543570112734769877093786505481708902472545159187245661808, 1416720057502136251125294064255898790024215837489552119457586131196622328961909267022630174892131014612928893844078549335380122252906432685210967360, -12750480517519226260127646578303089110217942537405969075118275180769600960657183403203671574029179131516360044596706944018421100276157894166898695080, 114754324657673036341148819204727801991961482836653721676064476626926408645914650628833044166262612183647240401370362496165789902485421047502088266952, -1032788921919057327070339372842550217927653345529883495084580289642337677813231855659497397496363509652825163612333262465492109122368789427518794391264, 9295100297271515943633054355582951961348880109768951455761222606781039100319086700935476577467271586875426472510999362189428982101319104847669149532752, -83655902675443643492697489200246567652139920987920563101851003461029351902871780308419289197205444281878838252598994259704860838911871943629022345783320, 752903124078992791434277402802219108869259288891285067916659031149264167125846022775773602774848998536909544273390948337343747550206847492661201112061400, -6776128116710935122908496625219971979823333600021565611249931280343377504132614204981962424973640986832185898460518535036093727951861627433950810008541008, 60985153050398416106176469626979747818410002400194090501249381523090397537193527844837661824762768881489673086144666815324843551566754646905557290076880736, -548866377453585744955588226642817730365690021601746814511244433707813577834741750603538956422864919933407057775302001337923591964100791822150015610691914888, 4939797397082271704600294039785359573291210194415721330601199903370322200512675755431850607805784279400663519977718012041312327676907126399350140496227245800, -44458176573740445341402646358068236159620891749741491975410799130332899804614081798886655470252058514605971679799462108371810949092164137594151264466045200320, 400123589163664008072623817222614125436588025747673427778697192172996098241526736189979899232268526631453745118195158975346298541829477238347361380194406814832, -3601112302472976072653614355003527128929292231729060850008274729556964884173740625709819093090416739683083706063756430778116686876465295145126252421749661321464, 32410010722256784653882529195031744160363630085561547650074472566012683957563665631388371837813750657147753354573807877003050181888187656306136271795746951905272, -291690096500311061884942762755285697443272670770053928850670253094114155618072990682495346540323755914329780191164270893027451636993688906755226446161722567135280, 2625210868502799556964484864797571276989454036930485359656032277847027400562656916142458118862913803228968021720478438037247064732943200160797038015455503104229760, -23626897816525196012680363783178141492905086332374368236904290500623246605063912245282123069766224229060712195484305942335223582596488801447173342139099527938055528, 212642080348726764114123274048603273436145776991369314132138614505609219445575210207539107627896018061546409759358753481017012243368399213024560079251895751442512136, -1913778723138540877027109466437429460925311992922323827189247530550482975010176891867851968651064162553917687834228781329153110190315592917221040713267061762982596768, 17224008508246867893243985197936865148327807936300914444703227774954346775091592026810667717859577462985259190508059031962377991712840336254989366419403555866843383440, -155016076574221811039195866781431786334950271426708230002329049974589120975824328241296009460736197166867332714572531287661401925415563026294904297774632002801590438360, 1395144689167996299352762801032886077014552442840374070020961449771302088782418954171664085146625774501805994431152781588952617328740067236654138679971688025214313957912, -12556302202511966694174865209295974693130971985563366630188653047941718799041770587544976766319631970516253949880375034300573555958660605129887248119745192226928825608464, 113006719822607700247573786883663772238178747870070299671697877431475469191375935287904790896876687734646285548923375308705162003627945446168985233077706730042359430488992, -1017060478403469302228164081952973950143608730830632697045280896883279222722383417591143118071890189611816569940310377778346458032651509015520867097699360570381234874388040, 9153544305631223720053476737576765551292478577475694273407528071949513004501450758320288062647011706506349129462793400005118122293863581139687803879294245133431113869505320, -82381898750681013480481290638190889961632307197281248460667752647545617040513056824882592563823105358557142165165140600046063100644772230257190234913648206200880024825534848, 741437088756129121324331615743718009654690764775531236146009773827910553364617511423943333074407948227014279486486265400414567905802950072314712114222833855807920223429826736, -6672933798805162091918984541693462086892216882979781125314087964451194980281557602815489997669671534043128515378376388603731111152226550650832409028005504702271282010868427448, 60056404189246458827270860875241158782029951946818030127826791680060754822534018425339409979027043806388156638405387497433580000370038955857491681252049542320441538097815860280, -540507637703218129445437747877170429038269567521362271150441125120546793402806165828054689811243394257493409745648487476902220003330350602717425131268445880883973842880342729200, 4864568739328963165008939730894533861344426107692260440353970126084921140625255492452492208301190548317440687710836387292119980029973155424456826181416012927955764585923084576192, -43781118653960668485080457578050804752099834969230343963185731134764290265627299432072429874710714934856966189397527485629079820269758398820111435632744116351601881273307761172264, 394030067885646016365724118202457242768898514723073095668671580212878612390645694888651868872396434413712695704577747370661718382427825589381002920694697047164416931459769850563912, -3546270610970814147291517063822115184920086632507657861018044221915907511515811253997866819851567909723414261341199726335955465441850430304429026286252273424479752383137928655061600, 31916435498737327325623653574399036664280779692568920749162397997243167603642301285980801378664111187510728352070797537023599188976653872739861236576270460820317771448241357895568080, -287247919488635945930612882169591329978527017233120286742461581975188508432780711573827212407977000687596555168637177833212392700789884854658751129186434147382859943034172221060098968, 2585231275397723513375515939526321969806743155098082580682154237776696575895026404164444911671793006188368996517734600498911534307108963691928760162677907326445739487307549989540904536, -23267081478579511620379643455736897728260688395882743226139388139990269183055237637480004205046137055695320968659611404490203808763980673227358841464101165938011655385767949905868126928, 209403733307215604583416791101632079554346195562944689035254493259912422647497138737320037845415233501257888717936502640411834278875826059046229573176910493442104898471911549152813156320, -1884633599764940441250751119914688715989115760066502201317290439339211803827474248635880340608737101511320998461428523763706508509882434531416066158592194440978944086247203942375318392840, 16961702397884463971256760079232198443902041840598519811855613954052906234447268237722923065478633913601888986152856713873358576588941910782744595427329749968810496776224835481377865549672, -152655321580960175741310840713089785995118376565386678306700525586476156110025414139506307589307705222417000875375710424860227189300477197044701358845967749719294470986023519332400789932864, 1373897894228641581671797566417808073956065389088480104760304730278285404990228727255556768303769347001753007878381393823742044703704294773402312229613709747473650238874211673991607109410032, -12365081048057774235046178097760272665604588501796320942842742572504568644912058545300010914733924123015777070905432544413678402333338652960620810066523387727262852149867905065924463984675960]
len(predicted_full) = 200, len(input_sequence + seq_pred) = 200
is_manual_check: False
