test results being evaluated: data/test_linrec15.tsv
csv file used: ../linear_database_newbl.csv
The sequence ID inspected: A174767
csv results file used: ../linear_database_newbl.csv
Results we are looking at now:
('Could you give me a recursive equation in a form of a Python code for the following number sequence: 0,5,240,11515,552480,26507525,1271808720', 'Certainly, the Python code is the following: lambda a_n: a_n[-1] * 8 * ( ( 8 ) ) + n')

Experiment type: Evaluation of the results of llms.
Ground truth: 
[0, 5, 240, 11515, 552480, 26507525, 1271808720, 61020311035, 2927703120960, 140468729495045, 6739571312641200, 323358954277282555, 15514490233996921440, 744372172277574946565, 35714349779089600513680, 1713544417224023249710075, 82214417676974026385569920, 3944578504077529243257646085, 189257553778044429649981442160, 9080418002842055093955851577595, 435670806582640600080230894282400, 20903118297963906748757127073977605, 1002914007495684883340261868656642640, 48118969241494910493583812568444869115, 2308707609584260018808682741416697074880, 110769846290802985992323187775433014725125, 5314643914348959067612704330479368009731120, 254992138042459232259417484675234231452368635, 12234307982123694189384426560080763741703963360, 586991791003894861858193057399201425370337872645, 28163371660204829675003882328601587654034513923600, 1351254847898827929538328158715477005968286330460155, 64832069327483535788164747736014294698823709348163840, 3110588072871310889902369563169970668537569762381404165, 149243395428495439179525574284422577795104524884959236080, 7160572392494909769727325196089113763496479624715661927675, 343558231444327173507732083837993038070035917461466813292320, 16483634536935209418601412699027576713598227558525691376103685, 790870899541445724919360077469485689214644886891771719239684560, 37945319543452459586710682305836285505589356343246516832128755195, 1820584467186176614437193390602672218579074459588941036222940564800, 87350109105393025033398572066622430206289984703925923221869018355205, 4190984652591679024988694265807273977683340191328855373613489940485040, 201079913215295200174423926186682528498594039199081132010225648124926715, 9647644849681577929347359762694954093954830541364565481117217620055997280, 462885872871500445408498844683171113981333271946300061961616220114562942725, 22208874252982339801678597185029518517010042222881038408676461347878965253520, 1065563078270280810035164166036733717702500693426343543554508528478075769226235, 51124818882720496541886201372578188931203023242241609052207732905599757957605760, 2452925743292313553200502501717716334980042614934170890962416670940310306195850245, 117689310859148330057082233881077805890110842493597961157143792472229294939443206000, 5646633995495827529186746723790016966390340397077767964651939621996065846787078037755, 270920742472940573070906760508039736580846228217239264342135958063338931350840302606240, 12998549004705651679874337757662117338914228614030406920457874047418272638993547447061765, 623659431483398340060897305607273592531302127245242292917635818318013747740339437156358480, 29922654162198414671243196331391470324163587879157599653126061405217241618897299436058145275, 1435663740354040505879612526601183301967320916072319541057133311632109583959330033493634614720, 68881936882831745867550158080525407024107240383592180371089272896936042788428944308258403361285, 3304897306635569761136527975338618353855180217496352338271227965741297944260629996762909726726960, 158566188781624516788685792658173155578024543199441320056647853082685365281721810900311408479532795, 7607872164211341236095781519616972849391322893355687010380825720003156235578386293218184697290847200, 365019297693362754815808827148956523615205474337873535178222986707068813942480820263572554061481132805, 17513318417117200889922727921630296160680471445324574001544322536219299913003500986358264410253803527440, 840274264723932279961475131411105259189047423901241678538949258751819327010225566524933119138121088184315, 40315651388331632237260883579811422144913595875814275995868020097551108396577823692210431454219558429319680, 1934310992375194415108560936699537157696663554615184006123126015423701383708725311659575776683400683519160325, 92806611982621000292973664077997972147294937025653018017914180720240115309622237135967426849349013250490375920, 4452783064173432819647627314807203125912460313676729680853757548556101833478158657214776912992069235340018883835, 213640780468342154342793137446667752071650800119457371662962448149972647891641993309173324396769974283070416048160, 10250304679416249975634422970125244896313325945420277110141343753650130996965337520183104794131966696352039951427845, 491800983831511656676109509428565087270967994580053843915121537727056315206444558975479856793937631450614847252488400, 23596196919233143270477622029600998944110150413897164230815692467145052998912373493302850021314874342933160628168015355, 1132125651139359365326249747911419384230016251872483829235238116885235487632587483119561321166320030829341095304812248640, 54318435057770016392389510277718529444096669939465326639060613918024158353365286816245640565962046605465439414002819919365, 2606152757121821427469370243582577993932410140842463194845674229948274365473901179696671185845011917031511750776830543880880, 125041013906789658502137382181686025179311590090498768025953302423599145384393891338623971279994609970907098597873863286362875, 5999362514768781786675124974477346630613023914203098402050912842102810704085432883074253950253896266686509220947168607201537120, 287844359694994736101903861392730952244245836291658224530417863118511314650716384496225565640907026190981535506866219282387418885, 13810529902844978551104710221876608361093187118085391679058006516846440292530301022935752896813283360900427195108631356947394569360, 662617590976863975716924186788684470380228735831807142370253894945510622726803732716419913481396694297029523829707438914192551910395, 31791833836986625855861256255634977969889886132808657442093128950867663450594048869365220094210228042896516716630848436524295097129600, 1525345406584381177105623376083690258084334305638983750078099935746702335005787541996814144608609549364735772874451017514251972110310405, 73184787682213309875214060795761497410078156784538411346306703786890844416827207966977713721119048141464420581257017992247570366197769840, 3511344463339654492833169294820468185425667191352204760872643681835013829672700194872933444469105701240927452127462412610369125605382641915, 168471349452621202346116912090586711403021947028121290110540590024293772979872782145933827620795954611423053281536938787305470458692169042080, 8083113429262478058120778611053341679159627790158469720545075677484266089204220842809950792353736715647065630061645599378052212891618731377925, 387820973255146325587451256418469813888259111980578425296053091929220478508822727672731704205358566396447727189677451831359200748339006937098320, 18607323602817761150139539529475497724957277747277605944490003336925098702334286707448311851064857450313843839474456042305863583707380714249341435, 892763711961997388881110446158405420984061072757344506910224107080475517233536939229846237146907799048668056567584212578850092817205935277031290560, 42834050850573056905143161876073984709509974214605258725746267136525899728507438796325171071200509496885752871404567747742498591642177512583252605445, 2055141677115544734057990659605392860635494701228295074328910598446162711451123525284378365180477548051467469770851667679061082306007314668719093770800, 98603966450695574177878408499182783325794235684743558309061962458279284249925421774853836357591721796973552796129475480847189452096708926585933248392955, 4730935247956272015804105617301168206777487818166462503760645287398959481284969121667699766799222168706679066744443971412986032618336021161456076829091040, 226986287935450361184419191221956891141993621036305456622201911832691775817428592418274734970005072376123621650937181152342482376228032306823305754547976965, 10890610885653661064836317073036629606608916321924495455361931122681806279755287466955519578793444251885227160178240251341026168026327214706357220141473803280, 522522336223440280750958800314536264226085989831339476400750491976894009652436369821446665047115319018114780066904594883216913582887478273598323261036194580475, 25070181527839479814981186098024704053245518595582370371780661683768230657037190463962484402682741868617624216051242314143070825810572629918013159309595866059520, 1202846191000071590838345973904871258291558806598122438369071010328898177528132705900377804663724494374627847590392726483984182725324598757791033323599565376276485, 57711546986475596880425625561335795693941577198114294671343627834103344290693332692754172139456092988113519060122799628917097699989770167744051586373469542195211760, 2768951409159828578669591680970213322050904146702888021786125065026631627775751836546299884889228738935074287038303989461536705416783643452956685112602938459993887995, 132851956092685296179259975061008903662749457464540510751062659493444214788945394821529640302543523375895452258778468694524844762305625115574176833818567576537511412000, 6374124941039734388025809211247457162489923054151241628029221530620295678241603199596876434637199893304046634134328193347731011885253221904107531338178640735340553888005, 305825145213814565329059582164816934895853557141795057634651570810280748340808008185828539222283051355218342986188974811996563725729849026281587327398756187719809075212240, 14673232845322059401406834134699965417838480819752011524835246177362855624680542789720173006234949265157176416702936462782487327823147500039612084183802118369815495056299515, 704009351430245036702198978883433523121351225790954758134457164942606789236325245898382475760055281676189249658754761238747395171785350152875098453495102925563423953627164480, 33777775635806439702304144152270109144407020357146076378929108671067763027718931260332638663476418571191926807203525602997092480917873659837965113683581138308674534279047595525, 1620629221167278860673896720330081805408415625917220711430462759046310018541272375250068273371108036135536297496110474182621691688886150322069450358358399535890814221440657420720, 77756424840393578872644738431691656550459543023669448072283283325551813126953355080742944483149709315934550353006099235162844108585617341799495652087519596584450408094872508599035, 3730687763117724507026273548000869432616649649510216286758167136867440720075219771500411266917814939128722880646796652813633895520420746256053721849842582236517728774332439755332960, 178995256204810382758388485565610041109048723633466712316319739286311602750483595676938997867571967368862763720693233235819264140871610202948779153140356427756266530759862235747383045, 8588041610067780647895621033601281103801722084756891974896589318606089491303137372721571486376536618766283935712628398666511044866316868995285345628887265950064275747699054876119053200, 412047002027048660716231421127295882941373611344697348082719967553805983979800110294958492348206185733412766150485469902756710889442338101570747811033448409175328969358794771817967170555, 19769668055688267933731212593076601100082131622460715815995661853264081141539102156785286061227520378585046491287589926933655611648365912006400609583976636374465726253474449992386305133440, 948532019671009812158381973046549556921000944266769661819709048989122088809897103415398772446572771986348818815653831022912712648232121438205658512219845097565179531197414804862724679234565, 45509767276152782715668603493641302131107963193182483051530038689624596181733521861782355791374265534966158256660096299172876551503493463121865207976968588046754151771222436183418398298125680, 2183520297235662560539934585721735952736261232328492416811622148052991494634399152262137679213518172906389247500868968529275161759519454108411324324382272381146634105487479521999220393630798075, 104763464500035650123201191511149684429209431188574453523906333067853967146269425786720826246457498033971717721785050393106034887905430303740621702362372105706991682911627794619779160495980181920, 5026462775704475543353117257949463116649316435819245276730692365108937431526298038610337522150746387457736061398181549900560399457701135125441430389069478801554454145652646662227400483413417934085, 241165449769314790430826427190063079914737979488135198829549327192161142746116036427509480236989369099937359229390929344833793139081749055717448036972972610368906807308415411992295444043348080654160, 11570915126151405465136315387865078372790773698994670298541637012858625914382043450481844713853338970409535506949366427002121510276466253539312064344313615818905972296658287128967953913597294453465595, 555162760605498147536112312190333698814042399572256039131169027290021882747591969586701036784723281210557766974340197566756998700131298420831261640490080586697117763432289366778469492408626785685694400, 26636241593937759676268254669748152464701244405769295207997571672908191745970032496711167920952864159136363279261380116777333816096025857946361246679179554545642746672453231318237567681700488418459865605, 1277984433748406966313340111835720984606845689077353913944752271272303181923813967872549359168952756357334879637571905407745266173909109883004508578960128537604154722514322813908624779229214817300387854640, 61316616578329596623364057113444859108663891831307218574140111449397644540597100425385658072188779440992937859324190079454995442531541248526270050543406990250453783934015041836295751835320610742000157157115, 2941919611326072230955161401333517516231259962213669137644780597299814634766737006450639038105892460411303682367923551908432035975340070819377957917504575403484177474110207685328287463316160100798707155686880, 141150824727073137489224383206895395919991814294424811388375328558941704824262779209205288171010649320301583815801006301525282731373791858081615709989676212376990064973355953853921502487340364227595943315813125, 6772297667288184527251815232529645486643375826170177277504370990231902016929846665035403193170405274914064719476080378921305139069966669117098176121586953618692038941246975577302903831929021322823806572003343120, 324929137205105784170597906778216087962962047841874084508821432202572355107808377142490147984008442546554804951036057181921121392627026325762630838126184097484840879114881471756685462430105683131315119512844656635, 15589826288177789455661447710121842576735534920583785879145924374733241143157872256174491700039234836959716572930254664353292521707027296967489182053935249725653670158573063668743599292813143768980301930044540175360, 747986732695328788087578892179070227595342714140179848114495548554993002516470059919233111453899263731519840695701187831776119920544683228113718107750765802733891326732392174627936080592600795227923177522625083760645, 35887773343087604038748125376885249081999714743808048923616640406264930879647405003867014858087125424275992636820726761260900463664437767652490979989982823281501130012996251318472188269152025027171332219155959480335600, 1721865133735509665071822439198312885708390964988646168485484243952161689220558970125697480076728121101516126726699183352691446135972468164091453321411424751709320349297087671112037100838704600508996023341963429972348155, 82613638645961376319408728956142133264920766604711208038379627069297496151707183161029612028824862687448498090244740074167928514063014034108737268447758405258765875636247211962059308651988668799404637788195088679192375840, 3963732789872410553666547167455624083830488406061149339673736615082327653592724232759295679903516680876426392205020824376707877228888701169055297432170992027669052710190569086507734778194617397770913617810022293171261692165, 190176560275229745199674855308913813890598522724330457096300977896882429876299055989285163023339975819381018327750754830007810178472594642080545539475759858922855764213511068940409210044689646424204449017092874983541368848080, 9124511160421155359030726507660407442664898602361800791282773202435274306408761963252928529440415322649412453339831211015998180689455654118697130597404302236269407629538340740053134347366908410964042639202647976916814443015675, 437786359139940227488275197512390643434024534390642107524476812738996284277744275180151284250116595511352416741984147373937904862915398803055381723135930747482008710453626844453610039463566914079849842232710010017023551895904320, 21004620727556709764078178754087090477390512752148459360383604238269386371025316446684008715476156169222266591161899242738003435239249686892539625579927271576900148694144550193033228759903844967421828384530877832840213676560391685, 1007784008563582128448264304998667952271310587568735407190888526624191549524937445165652267058605379527157443959029179504050226986621069572038846646113373104943725128608484782421141370435920991522167912615249425966313232923002896560, 48352627790324385455752608461181974618545517690547151085802265673722924990825972051504624810097582061134335043442238716951672891922572089770972099387861981765721906024513125006021752552164303748096637977147441568550194966627578643195, 2319918349927006919747676941831736113737913538558694516711317863812076208010121721027056338617625333554920924641268429234176248585296839239434621923971261751649707764048021515506622981133450658917116454990461945864443045165200771976800, 111307728168706007762432740599462151484801304333126789651057455197305935059495016637247199628835918428575070047737442364523508259202325711403090880251232702097420250768280519619311881341853467324273493201565025959924715972963009476243205, 5340451033747961365677023871832351535156724694451527208734046531606872806647750676866838525845506459238048441366755965067894220193126337308108927630135198438924522329113416920211463681427832980906210557220130784130521923657059254087697040, 256230341891733439544734713107353411536037984029340179229583176061932588784032537472971002040955474124997750115556548880894399061010861865077825435366238292366279651546675731650530944827194129616173833253364712612305127619565881186733214715, 12293715959769457136781589205281131402194666508713877075811258404441157388826914048025741259440017251540653957105347590317863260708328243186427511969949302835142498751911321702305273888023890388595437785604286074606515603815505237709106609280, 589842135727042209125971547140386953893807954434236759459710820237113622074907841767762609451079872599826392190941127786376542114938744811083442749122200297794473660440196765979002615680319544522964839875752366868500443855524685528850384030725, 28300128798938256580909852673533292655500587146334650576990308112977012702206749490804579512392393867540126171208068786155756158256351422688818824445895664991299593202377533445289820278767314246713716876250509323613414789461369400147109326865520, 1357816340213309273674546956782457660510134375069628990936075078602659496083849067716852053985383825769326229825796360607689919054189929544252220130653869719284586000053681408607932370765150764297735445220148695166575409450290206521532397305514235, 65146884201439906879797344072884434411830949416195856914354613464814678799322548500918094011786031243060118905467017240382960358442860266701417747446939850860668828409374330079735463976448469372044587653690886858672006238824468543633407961337817760, 3125692625328902220956597968541670394107375437602331502898085371232501922871398478976351660511744115841116381232591031177774407286203102872123799657322458971592819177649914162418694338498761379093842471931942420521089724054124199887882049746909738245, 149968099131585866699036905145927294482742190055495716282193743205695277619027804442363961610551931529130526180258902479292788589379306077595240965804031090785594651698786505466017592783964097727132394065079545298153634748359137126074704979890329618000, 7195343065690792699332814849035968464777517747226192050042401588502140823790463214754493805645980969282424140271194727974876077882920488621699442558936169898736950462364102348206425759291777929523261072651886231890853378197184457851697956984988911925755, 345226499054026463701276075848580559014838109676801722685753082504897064264323206503773338709396534594027228206837088040314758949790804147763978001863132124048588027541778126208442418853221376519389399093225459585462808518716494839755427230299577442818240, 16563676611527579464961918825882830864247451746739256496866105558646556943863723448966365764245387679544024529787909031207133553512075678604049244646871405784433488371542985955657029679195334295001167895402170173870323955520194567850408809097394728343349765, 794711250854269787854470827566527300924862845733807510126887313732529836241194402343881783345069212083519150201612796409902095809629841768846599765047964345528758853806521547745328982182522824783536669580210942886190087056450622761979867409444647383037970480, 38129576364393422237549637804367427613529169143476021229593724953602785582633467589057359234799076792329375185147626318644093465308720329226032739477655417179595991494341491305820134115081900255314758971954723088363253854754109698007183226844245679657479233275, 1829424954240029997614528143782069998148475256041115211510371910459201178130165249872409361487010616819726489736884450498506584239008945961080724895162412060275078832874585061131621108541748689430324893984246497298549994941140814881582815021114347976175965226720, 87774268227157046463259801263734992483513283120830054131268257977088053764665298526286591992141710530554542132185305997609671950007120685802648762228318123476024187986485741443011993075888855192400280152271877147242036503320005004617967937786644457176788851649285, 4211335449949298200238855932515497569210489114543801483089366010989767379525804164011884006261315094849798295855157803434765747016102783972566059862064107514788885944518441004203444046534123300545783122415065856570319202164419099406780878198737819596509688913938960, 202056327329339156565001824959480148329619964214981641134158300269531746163473934574044145708550982842259763658915389258871146184822926509997368224616848842586390501148898682460322302240562029571005189595770889238228079667388796766520864185601628696175288279017420795, 9694492376358330216919848742122531622252547793204574972956509046926534048467223055390107110004185861333618857332083526622380251124484369695901108721746680336631955169202618317091267063500443296107703317474587617578377504832497825693594700030679439596817327703922259200, 465133577737870511255587737796922037719792674109604617060778275952204102580263232724151097134492370361171445388281093888615380907790426818893255850419223807315747457620576780537920496745780716183598754049184434754523892152292506836526024737287011471951056441509251020805, 22316717239041426210051291565510135278927795809467817043944400736658870389804167947703862555345629591474895759780160423126915903322816002937180379711400996070819246010618482847503092576733973933516632491043378280599568445805207830327555592689745871214053891864740126739440, 1070737293896250587571206407406689571350814406180345613492270457083673574608019798257061251559455728020433825024059419216203347978587377714165764970296828587592008061052066599899610523186484968092614760816032973034024761506497683348886142424370514806802635753066016832472315, 51373073389780986777207856263955589289560163700847121630585037539279672710795146148391236212298529315389348705395071961954633787068871314277019538194536371208345567684488578312333802020374544494511991886678539327352588983866083592916207280777094964855312462255304067831931680, 2464836785415591114718405894262461596327537043234481492654589531428340616543558995324522276938769951410668304033939394754606218431327235707582772068367448989412995240794399692392122886454791650768482995799753854739890246464065514776629063334876187798248195552501529239100248325, 118260792626558592519706275068334201034432217911554264525789712471021069921380036629428678056848659138396689244923695876259143850916638442649696039743443015120615425990446696656509564747809624692392671806501506488187379241291278625685278832793279919351058074057818099408979987920, 5674053209289396849831182797385779188056418922711370215745251609077583015609698199217252024451796868691630415452303462665684298625567318011477827135616897276800127452300647039820066985008407193584079763716272557578254313335517308518116754910742559941052539359222767242391939171835, 272236293253264490199377067999449066825673676072234216091246287523252963679344133525798668495629401038059863252465642512076587190176314626108286006469867626271285502284440611214706705715655735667343435986574581257268019660863539530243918956882849597251170831168635009535404100260160, 13061668022947406132720268081176169428444280032544531002164076549507064673592908711039118835765759452958181805702898537117010500829837534735186250483418029163744903982200848691266101807366466904838900847591863627791286689408114380143189993175466038108115147356735257690457004873315845, 626687828808222229880373490828456683498499767886065253887784428088815851368780273996351905448260824340954666810486664139104427452642025352662831737197595532233484105643356296569558180047874755696599897248422879552724493071928626707342875753465486979592275902292123734132400829818900400, 30067954114771719628125207291684744638499544578498587655611488471713653801027860243113852342680753808912865825097656980139895507225987379393080737135001167518043492166898901386647526540490621806531956167076706354902984380763165967572314846173167908982321128162665203980664782826433903355, 1442635109680234319920129576510039285964479640000046142215463662214166566597968511395468560543227922003476604937877048382575879919394752185515212550742858445333854139905503910262511715763501971957837296122433482155790525783560037816763769740558594144171821875905637667337777174839008460640, 69216417310536475636538094465190200981656523175423716238686644297808281542901460686739377053732259502357964171193000665383502340623722117525337121698522204208506955223297288791213914830107604032169658257709730437123042253230118649237088632700639351011265128915307942828232639609445972207365, 3320945395796070596233908404752619607833548632780338333314743462632583347492672144452094630018605228191178803612326154890025536470019266889030666628978322943562999996578364358068005400129401491572185759073944627499750237629262135125563490599890130254396554366058875618087828924078567657492880, 159336162580900852143591065333660550975028677850280816282868999562066192398105361473013802863839318693674224609220462434055842248220301088555946661069260979086815492880538191898473045291381163991432746777291632389550888363951352367377810460162025612860023344441910721725387555716161801587450875, 7644814858487444832296137227610953827193542988180698843244397235516544651761564678560210442834268692068171602438969870679790402378104432983796409064695548673223580658269254846768638168586166470097199659550924410070942891232035651499009338597177339287026723978845655767200514845451687908540149120, 366791777044816451098070995859992123154315034754823263659448198305232077092156999209417087453181057900578562692461333330195883471900792482133671688444317075335645056104043694452996159046844609400674150911667080051015707890773759919585070442204350260164422727640149566103899325025964857808339706885, 17598360483292702207875111664052010957579928125243335956810269121415623155771774397373459987309856510535702837635705029978722616248859934709432444636262524067437739112335828078897046996079955084762262044100468918038683035865908440488584371887211635148605264202748333517219967086400861486891765781360, 844354511421004889526907288878636533840682234976925302663233469629644679399953014074716662303419931447813157643821380105648489696473376073570623670852156838161675832336015704092605259652790999459187903965910840985805770013672831383532464780143954136872888259004279859260454520822215386512996417798395, 40511418187724941995083674754510501613395167350767171191878396273101528988041972901189026330576846852984495864065790540041148782814473191596680503756267265707693002213016417968366155416337888018956257128319619898400638277620429997969069725075022586934750031168002684910984597032379937691136936288541600, 1943703718499376210874489480927625440909127350601847291907499787639243746746614746242998547205385229011807988317514124541869493085398239820567093556629976597131102430392452046777482854724565833910441154255375844282244831555766967071131814338820940218731128607805124595868000203033414793788059945432198405, 93257267069782333179980411409771510662024717661537902840368111410410598314849465846762741239527914145713798943376612187469694519316301038195623810214482609396585223656624681827350810871362822139682219147129720905649351276399193989416358018538330107912159423143477977916753025148571530164135740444456981840, 4474405115631052616428185258188104886336277320403217489045761847912069475366027745898368580950134493765250541293759870874003467434097051593569375796738535274438959633087592275666061438970690896870836077907971227626886616435605544524914053075501024239564921182279137815408277206928400033084727481388502929915, 214678188283220743255372911981619263033479286661692901571356200588368924219254482337274929144366927786586312183157097189764696742317342175453134414433235210563673477164547804550143598259721800227660449520435489205184908237632666943206458189605510833391204057326255137161680552907414630057902783366203683654080, 10300078632478964623641471589859536520720669482440856057936051866393796293048849124443298230348662399262377734250246905237831440163798327370156882516998551571781887944265207026131226655027675720030830740902995510621248708789932407729385079047989018978538229830477967445945258262348973842746248874096388312465925, 494189096170707081191535263401276133731558655870499397879359133386313853142125503490941040127591428236807544931828694354226144431120002371592077226401497240234966947847565389449748735843068712761252215113823349020614753113679122904067277336113867400136443827805616182268210716039843329821762043173260435314710320, 23710776537561460932570051171671394882594094812301530242151302350676671154528975318440726627894039892967499778993527082097617101253596315509049549984754868979706631608738873486561808093812270536820075494722617757478886900747807966987499927054417646187570765504839098781428169111650130857601831823442404506793629435, 1137623084706779417682170920976825678230784992334602952225383153699093901564248689781663937098786323434203181846757471246331394715741503142062786322041832213785683350271618361965517039767145917054602371531571829009965956482781103292495929221275933149603260300404471125326283906643166437835066165482062155890779502560, 54582197289387850587811634155715961160195085537248640176576240075205830603929408134201428254113849484948785228865365092741809329254338554503504693908023191392733094181428942500858256100729191748084093758020725174720887024272745150072817102694190373534768923653909774916880199349760338885225574111315541078250622493445, 2618807846805910048797276268553389310011133320795600125523434140456180775087047341751886892260365988954107487803690766980360516409492509113026162521263071354637402837358317621679230775795234057990981898013463236557592611208608986100202725000099861996519305075087264724884923284881853100052992491177663909600139100182800, 125648194449394294491681449256406970919374204312651557384948262501821471373574342995956369400243453620312210629348291449964562978326386098870752296326719401831202603099017816898102218982070505591819047010888214629589724450988958587659657982902099185459391874680534797019559437474979188463658414002416552119728426186280955, 6028494525724120225551912288038981214819950673686479154351993165946974445156481416464153844319425407786032002720914298831318662443257040236683084061161268216543087545915496893487227280363589034349323274624620838983749181036261403221563380454300661040054290679590582992213968075514119193155550879624816837837364317841303040, 289242089040308376532000108376614691340438258132638347851510723702952951896137533647283428157932176120109223919974538052453331234298011545261917282639414154992236999600844833070488807238470203143175698134970912056590370965289558396047382603823529630737146560745667448829250908187202742083002783807988791664073758830196264965, 13877591779409077953310453289789466203126216439692954217718162744575794716569445133653140397736425028357456716156056912218928580583861297132335346482630718171410832893294636490489975520166206161838084187203979157877354057152862541607052801603075121614342980625112446960811829624910217500790978071903837183037703059531579415280, 665835163322595433382369757801517763058717950847129164102620301015935193443437228881703455663190469185037813151570757248456118536791044250806834713883635058072727741878541706710448336160739425565084865287656028666056404372372112438742487094343782307857725923444651786670138571087503237295883944667576195994145673098685615668475, 31946210247705171724400437921183063160615335424222506922708056286020313490568417541188112731435406095853457574559240291013674761185386262741595730919931852069319520777276707285611030160195326220962235449620285396812830055816708534518032327726898475655556501344718173313205839582575245172701638365971753570535954605677377972671520, 1532752256726525647337838650458985513946477382411833203125884081427959112353840604748147707653236302131780925765691963211407932418361749567345788249442845264269264269567403408002618999353214919180622216716486043018349786274829637544426809243796783049158854338623027667247210161392524265052382757621976595189731675399415457072564485, 73540162112625525900491854784110121606270299020343771243119727852256017079493780610369901854623907096229630979178654993856567081320178592969856240242336640832855365418458086876840100938794120794448904166941709779483976911136005893597968811374518687883969451752560609854552881907258589477341670727488904815536584464566264561510423760, 3528395029149298717576271190986826851587027875594089186466621052826860860703347628693007141314294304316890506074809747741903811970950210712985753743382715914712788275816420766680322226062764583214366777796485583372212541948253453255158076136733100235381374829784286245351291121387019770647347812161845454550566322623781283495427775995]
Predicted:    
[0, 5, 240, 11515, 552480, 26507525, 1271808720, 81395758087, 5209328517576, 333397025124873, 21337409607991882, 1365594214911480459, 87398029754334749388, 5593473904277423960845, 357982329873755133494094, 22910869111920328543622031, 1466295623162901026791810000, 93842919882425665714675840017, 6005946872475242605739253761106, 384380599838415526767312240710803, 24600358389658593713107983405491412, 1574422936938149997638910937951450389, 100763067964041599848890300028892824918, 6448836349698662390328979201849140794775, 412725526380714392981054668918345010865624, 26414433688365721150787498810774080695399961, 1690523756055406153650399923889541164505597530, 108193520387545993833625595128930634528358241947, 6924385304802943605352038088251560609814927484636, 443160659507388390742530437648099879028155359016733, 28362282208472857007521948009478392257801942977070942, 1815186061342262848481404672606617104499324350532540319, 116171907925904822302809899046823494687956758434082580448, 7435002107257908627379833538996703660029232539781285148705, 475840134864506152152309346495789034241870882546002249517154, 30453768631328393737747798175730498191479736482944143969097891, 1949041192405017199215859083246751884254703134908425214022265060, 124738636313921100749814981327792120592301000634139213697424963877, 7983272724090950447988158804978695717907264040584909676635197688166, 510929454341820828671242163518636525946064898597434219304652652042663, 32699485077876533034959498465192737660548153510235790035497769730730472, 2092767044984098114237407901772335210275081824655090562271857262766750249, 133937090878982279311194105713429453457605236777925795985398864817072015978, 8571973816254865875916422765659485021286735153787250943065527348292609022635, 548606324240311416058651057002207041362351049842384060356193750290726977448684, 35110804751379930627753667648141250647190467189912579862796400018606526556715821, 2247091504088315560176234729481040041420189900154405111218969601190817699629812590, 143813856261652195851279022686786562650892153609881927118014054476212332776308005807, 9204086800745740534481857451954340009657097831032443335552899486477589297683712371696, 589061555247727394206838876925077760618054261186076373475385567134565715051757591788593, 37699939535854553229237688123204976679555472715908887902424676296612205763312485874470002, 2412796130294691406671212039885118507491550253818168825755179282983181168851999095966080179, 154418952338860250026957570552647584479459216244362804848331474110923594806527942141829131508, 9882812949687056001725284515369445406685389839639219510293214343099110067617788297077064416565, 632500028779971584110418208983644506027864949736910048658765717958343044327538451012932122660214, 40480001841918181383066765374953248385783356783162243114161005949333954836962460864827655850253751, 2590720117882763608516272983997007896690134834122383559306304380757373109565597495348969974416240120, 165806087544496870945041470975808505388168629383832547795603480368471879012198239702334078362639367737, 10611589602847799740482654142451744344842792280565283058918622743582200256780687340949381015208919535226, 679141734582259183390889865116911638069938705956178115770791855589260816433963989820760384973370850254523, 43465071013264587737016951367482344836476077181195399409330678757712692251773695348528664638295734416289532, 2781764544848933615169084887518870069534468939596505562197163440493612304113516502305834536850927002642530109, 178032930870331751370821432801207684450206012134176355980618460191591187463265056147573410358459328169121927038, 11394107575701232087732571699277291804813184776587286782759581452261835997648963593444698262941397002823803330495, 729222884844878853614884588753746675508043825701586354096613212944757503849533669980460688828249408180723413151744, 46670264630072246631352613680239787232514804844901526662183245628464480246370154878749484085007962123566298441711681, 2986896936324623784406567275535346382880947510073697706379727720221726735767689912239966981440509575908243100269547650, 191161403924775922202020305634262168504380640644716653208302574094190511089132154383357886812192612858127558417251049667, 12234329851185659020929299560592778784280361001261865805331364742028192709704457880534904755980327222920163738704067178756, 782997110475882177339475171877937842193943104080759411541207343489804333421085304354233904382740942266890479277060299440453, 50111815070456459349726411000188021900412358661168602338637269983347477338949459478670969880495420305080990673731859164189062, 3207156164509213398382490304012033401626390954314790549672785278934238549692765406634942072351706899525183403118838986508100039, 205257994528589657496479379456770137704089021076146595179058257851791267180336986024636292630509241569611737799605695136518402568, 13136511649829738079774680285233288813061697348873382091459728502514641099541567105576722728352591460455151219174764488737177764425, 840736745589103237105579538254930484035948630327896453853422624160937030370660294756910254614565853469129678027184927279179376923274, 53807151717702607174757090448315550978300712340985373046619047946299969943722258864442256295332214622024299393739835345867480123089611, 3443657709932966859184453788692195262611245589823063874983619068563198076398224567324304402901261735809555161199349462135518727877735180, 220394093435709878987805042476300496807119717748676087998951620388044676889486372308755481785680751091811530316758365576673198584175051597, 14105221979885432255219522718483231795655661935915269631932903704834859320927127827760350834283568069875937940272535396907084709387203302286, 902734206712667664334049453982926834921962363898577256443705837109430996539336180976662453394148356472060028177442265402053421400781011346383, 57774989229610730517379165054907317435005591289508944412397173575003583778517515582506397017225494814211841803356304985731418969649984726168592, 3697599310695086753112266563514068315840357842528572442393419108800229361825120997280409409102431668109557875414803519086810814057599022474789969, 236646355884485552199185060064900372213782901921828636313178822963214679156807743825946202182555626759011704026547425221555892099686337438386558098, 15145366776607075340747843844153623821682105722997032724043444669645739466035695604860556939683560112576749057699035214179577094379925596056739718355, 969303473702852821807862006025831924587654766271810094338780458857327325826284518711075644139747847204911939692738253707492934040315238147631341974804, 62035422316982580595703168385653243173609905041395846037681949366868948852882209197508841224943862221114364140335248237279547778580175241448405886387541, 3970267028286885158125002776681807563111033922649334146411644759479612726584461388640565838396407182151319304981455887185891057829131215452697976728802710, 254097089810360650120000177707635684039106171049557385370345264606695214501405528872996213657370059657684435518813176779897027701064397788972670510643373527, 16262213747863081607680011373288683778502794947171672663702096934828493728089953847871757674071683818091803873204043313913409772868121458494250912681175905816, 1040781679863237222891520727890475761824178876618987050476934203829023598597757046263792491140587764357875447885058772090458225463559773343632058411595257972313, 66610027511247182265057326584990448756747448103615171230523789045057510310256450960882719432997616918904028664643761413789326429667825493992451738342096510228122, 4263041760719819664963668901439388720431836678631370958753522498883680659856412861496494043711847482809857834537200730482516891498740831615516911253894176654599899, 272834672686068458557674809692120878107637547432407741360225439928555562230810423135775618797558238899830901410380846750881081055919413223393082320249227305894393628, 17461419051908381347691187820295736198888803035674095447054428155427555982771867080689639603043727289589177690264374192056389187578842446297157268495950547577241192285, 1117530819322136406252236020498927116728883394283142108611483401947363582897399493164136934594798546533707372176919948291608908005045916563018065183740835044943436306334, 71521972436616730000143105311931335470648537234121094951134937724631269305433567562504763814067106978157271819322876690662970112322938660033156171759413442876379923605471, 4577406235943470720009158739963605470121506382983750076872636014376401235547748324000304884100294846602065396436664108202430087188668074242121994992602460344088315110750240, 292953999100382126080586159357670750087776408510960004919848704920089679075055892736019512582418870182532185371946502924955525580074756751495807679526557462021652167088015457, 18749055942424456069157514198890928005617690144701440314870317114885739460803577135105248805274807691682059863804576187197153637124784432095731691489699677569385738693632989346, 1199939580315165188426080908729019392359532169260892180151700295352687325491428936646735923537587692267651831283492875980617832775986203654126828255340779364440687276392511318243, 76796133140170572059269178158657241111010058832697099529708818902571988831451451945391099106405612305129717202143544062759541297663117033864117008341809879324203985689120724367652, 4914952520970916611793227402154063431104643765292614369901364409764607285212892924505030342809959187528301900937186820016610643050439490167303488533875832276749055084103726359529829, 314556961342138663154766553737860059590697200978727319673687322224934866253625147168321941939837388001811321659979956481063081155228127370707423266168053265711939525382638487009909158, 20131645525896874441905059439223043813804620862638548459115988622395831440232009418772604284149592832115924586238717214788037193934600151725275089034755409005564129624488863168634186215, 1288425313657399964281923804110274804083495735208867101383423271833333212174848602801446674185573941255419173519277901746434380411814409710417605698224346176356104295967287242792587917864, 82459220074073597714043123463057587461343727053367494488539089397333325579190310579292587147876732240346827105233785711771800346356122221466726764686358155286790674941906383538725626743401, 5277390084740710253698759901635685597525998531415519647266501721429332837068179877074725577464110863382196934734962285553395222166791822173870512939926921938354603196282008546478440111577770, 337752965423405456236720633704683878241663906010593257425056110171477301572363512132782436957703095256460603823037586275417294218674676619127712828155323004054694604562048546974620167140977387, 21616189787097949199150120557099768207466489984677968475203591050974547300631264776498075965292998096413478644674405521626706829995179303624173621001940672259500454691971107006375690697022552876, 1383436146374268748745607715654385165277855359019389982413029827262371027240400945695876861778751878170462633259161953384109237119691475431947111744124203024608029100286150848408044204609443384173, 88539913367953199919718893801880650577782742977240958874433908944791745743385660524536119153840120202909608528586365016582991175660254427644615151623948993574913862418313654298114829095004376587182, 5666554455549004794862009203320361636978095550543421367963770172466671727576682273570311625845767692986214945829527361061311435242256283369255369703932735588794487194772073875079349062080280101579759, 362659485155136306871168589012503144766598115234778967549681291037866990564907665508499944054129132351117756533089751107923931855504402135632343661051695077682847180465412728005078339973137926501104688, 23210207049928723639754789696800201265062279375025853923179602626423487396154090592543996419464264470471536418117744070907131638752281736680469994307308484971702219549786414592325013758280827296070700145, 1485453251195438312944306540595212880963985880001654651083494568091103193353861797922815770845712926110178330759535620538056424880146031147550079635667743038188942051186330533908800880529972946948524809394, 95069008076508052028435618598093624381695096320105897669343652357830604374647155067060209334125627271051413168610279714435611192329345993443205096682735554444092291275925154170163256353918268604705587801331, 6084416516896515329819879590277991960428486164486777450837993750901158679977417924291853397384040145347290442791057901723879116309078143580365126187695075484421906641659209866890448406650769190701157619285300, 389402657081376981108472293777791485467423114527153756853631600057674155518554747154678617432578569302226588338627705710328263443781001189143368076012484831003002025066189431480988698025649228204874087634259317, 24921770053208126790942226801778655069915079329737840438632422403691145953187503817899431515685028435342501653672173165461008860401984076105175556864799029184192129604236123614783276673641550605111941608592596406, 1594993283405320114620302515313833924474565077103221788072475033836233341004000244345563617003841819861920105835019082589504567065726980870731235639347137867788296294671111911346129707113059238727164262949926170103, 102079570137940487335699360980085371166372164934606194436638402165518933824256015638116071488245876471162886773441221285728292292206526775726799080918216823538450962858951162326152301255235791278538512828795274886712, 6533092488828191189484759102725463754647818555814796443944857738593211764752385000839428575247736094154424753500238162286610706701217713646515141178765876706460861622972874388873747280335090641826464821042897592749689, 418117919285004236127024582574429680297460387572146972412470895269965552944152640053723428815855110025883184224015242386343085228877933673376969035441016109213495143870263960887919825941445801076893748546745445935980218, 26759546834240271112129573284763499539037464804617406234398137297277795388425768963438299444214727041656523790336975512725957454648187755096126018268225030989663689207696893496826868860252531268921199906991708539902734075, 1712610997391377351176292690224863970498397747495513999001480787025778904859249213660051164429742530666017522581566432814461277097484016326152065169166401983338476109292601183796919607056162001210956794047469346553774980924, 109607103833048150475282732174391294111897455839712895936094770369649849910991949674243274523503521962625121445220251700125521734238977044873732170826649726933662470994726475763002854851594368077501234819038038179441598779261, 7014854645315081630418094859161042823161437173741625339910065303657590394303484779151569569504225405608007772494096108808033390991294530871918858932905582523754398143662494448832182710502039556960079028418434443484262321872830, 448950697300165224346758070986306740682331979119464021754244179434085785235423025865700452448270425958912497439622150963714137023442849975802806971705957281520281481194399644725259693472130531645445057818779804382992788599861247, 28732844627210574358192516543123631403669246663645697392271627483781490255067073655404828956689307261370399836135817661677704769500342398451379646189181266017298014796441577262416620382216354025308483700401907480511538470391119936, 1838902056141476758924321058759912409834831786473324633105384158962015376324292713945909053228115664727705589512692330347373105248021913500888297356107601025107072946972260944794663704461846657619742956825722078752738462105031676033, 117689731593054512571156547760634394229429234334292776518744586173568984084754733692538179406599402542573157728812309142231878735873402464056851030790886465606852668606224700466858477085558186087663549236846213040175261574722027266242, 7532142821955488804554019056680601230683470997394737697199653515108414981424302956322443482022361762724682094643987785102840239095897757699638465970616733798838570790798380829878942533475723909610467151158157634571216740782209745039619, 482057140605151283491457219627558478763742143833263212620777824966938558811155389204636382849431152814379654057215218246581775302137456492776861822119470963125668530611096373112252322142446330215069897674122088612557871410061423682535748, 30851656998729682143453262056163742640879497205328845607729780797884067763913944909096728502363593780120297859661773967781233619336797215537719156615646141640042785959110167879184148617116565133764473451143813671203703770243931115682288005, 1974506047918699657181008771594479529016287821141046118894705971064580336890492474182190624151270001927699063018353533937998951637555021794414026023401353064962738301383050744267785511495460168560926300873204074957037041295611591403666432454, 126368387066796778059584561382046689857042420553026951609261182148133141560991518347660199945681280123372740033174626172031932904803521394842497665497686596157615251288515247633138272735709450787899283255885060797250370642919141849834651677191, 8087576772274993795813411928450988150850714915393724902992715657480521059903457174250252796523601927895855362123176075010043705907425369269919850591851942154087376082464975848520849455085404850425554128376643891024023721146825078389417707340360, 517604913425599602932058363420863241654445754585198393791533802078753347833821259152016178977510523385334743175883268800642797178075223633274870437878524297861592069277758454305334365125465910427235464216105209025537518153396805016922733269783177, 33126714459238374587651735258935247465884528293452697202658163333040214261364560585729035454560673496661423563256529203241139019396814312529591708024225555063141892433776541075541399368029818267343069709830733377634401161817395521083054929266123466, 2120109725391255973609711056571855837816609810780972620970122453314573712727331877486658269091883103786331108048417869007432897241396116001893869313550435524041081115761698628834649559553908369109956461429166936168601674356313313349315515473031901963, 135687022425040382311021507620598773620263027889982247742087837012132717614549240159146129221880518642325190915098743616475705423449351424121207636067227873538629191408748712245417571811450135623037213531466683914790507158804052054356192990274041725772, 8683969435202584467905376487718321511696833784958863855493621568776493927331151370185352270200353193108812218566319591454445147100758491143757288708302583906472268250159917583706724595932808679874381666013867770546592458163459331478796351377538670449549, 555774043852965405945944095213972576748597362237367286751591780401695611349193687691862545292822604358963981988244453853084489414448543433200466477331365370014225168010234725357230374139699755511960426624887537314981917322461397214642966488162474908771278, 35569538806589785980540422093694244911910231183191506352101873945708519126348396012279202898740646678973694847247645046597407322524706779724829854549207383680910410752655022422862743944940784352765467303992802388158842708637529421737149855242398394161361935, 2276450483621746302754587013996431674362254795724256406534519932525345224086297344785868985519401387454316470223849282982234068641581233902389110691149272555578266288169921435063215612476210198576989907455539352842165933352801882991177590735513497226327163984, 145692830951791763376293568895771627159184306926352410018209275681622094341523030066295615073241688797076254094326354110862980393061198969752903084233553443557009042442874971844045799198477452708927354077154518581898619734579320511435365807072863822484938495121, 9324341180914672856082788409329384138187795643286554241165393643623814037857473924242919364687468083012880262036886663095230745155916734064185797390947420387648578716343998198018931148702556973371350660937889189241511663013076512731863411652663284639036063687890, 596757835578539062789298458197080584844018921170339471434585193191924098422878331151546839339997957312824336770360746438094767689978670980107891033020634904809509037846015884673211593516963646295766442300024908111456746432836896814839258345770450216898308076025107, 38192501477026500018515101324613157430017210954901726171813452364283142299064213193698997717759869268020757553303087772038065132158634942726905026113320633907808578422145016619085541985085673362929052307201594119133231771701561396149712534129308813881491716865606996, 2444320094529696001184966484775242075521101501113710474996060951314121107140109644396735853936631633153328483411397617410436168458152636334521921671252520570099749019017281063621474687045483095227459347660902023624526833388899929353581602184275764088415469879398847893, 156436486049900544075837855025615492833350496071277470399747900884103750856967017241391094651944424521813022938329447514267914781321768725409402986960161316486383937217105988071774379970910918094557398250297729511969717336889595478629222539793648901658590072281526265302, 10011935107193634820853622721639391541334431748561758105583865656582640054845889103449030057724443169396033468053084640913146546004593198426201791165450324255128571981894783236593560318138298758051673488019054688766061909560934110632270242546793529706149764626017680979479, 640763846860392628534631854184921058645403631907952518757367402021288963510136902620737923694364362841346141955397417018441378944293964699276914634588820752328228606841266127141987860360851120515307103233219500081027962211899783080465295522994785901193584936065131582686808, 41008886199065128226216438667834947753305832442108961200471513729362493664648761767727227116439319221846153085145434689180248252434813740753722536613684528149006630837841032137087223063094471712979654606926048005185789581561586117149778913471666297676389435908168421291955865, 2624568716740168206477852074741436656211573276294973516830176878679199594537520753134542535452116430198153797449307820107535888155828079408238242343275809801536424373621826056773582276038046189630697894843267072331890533219941511497585850462186643051288923898122778962685175514, 167972397871370765214582532783451945997540689682878305077131320235468774050401328200610722268935451532681843036755700486882296841972997082127247509969651827298331159911796867633509265666434956136364665269969092629240994126076256735845494429579945155282491129479857853611851233051, 10750233463767728973733282098140924543842604139704211524936404495070001539225685004839086225211868898091637954352364831160466997886271813256143840638057716947093194234354999528544593002651837192727338577278021928271423624068880431094111643493116489938079432286710902631158478915420, 688014941681134654318930054281019170805926664941069537595929887684480098510443840309701518413559609477864829078551349194269887864721396048393205800835693884613964430998719969826853952169717580334549668945793403409371111940408347590023145183559455356037083666349497768394142650587037, 44032956267592617876411523473985226931579306556228450406139512811806726304668405779820897178467815006583349061027286348433272823342169347097165171253484408615293723583918078068918652938861925141411178812530777818199751164186134245761481291747805142786373354646367857177225129637570526, 2818109201125927544090337502335054523621075619598620825992928819955630483498777969908537419421940160421334339905746326299729460693898838214218570960223002151378798309370756996410793788087163209050315444001969780364784074507912591728734802671859529138327894697367542859342408296804513823, 180358988872059362821781600149443489511748839654311732863547444477160350943921790074146394843004170266965397753967764883182685484409525645709988541454272137688243091799728447770290802437578445379220188416126065943346180768506405870639027370999009864852985260631522742997914130995488884832, 11542975287811799220594022409564383328751925737875950903267036446538262460410994564745369269952266897085785456253936952523691871002209641325439266653073416812047557875182620657298611356005020504270092058632068220374155569184409975720897751743936631350591056680417455551866504383711288629409, 738750418419955150118017434212120533040123247224060857809090332578448797466303652143703633276945081413490269200251964961516279744141417044828113065796698675971043704011687722067111126784321312273285891752452366103945956427802238446137456111611944406437827627546717155319456280557522472282338, 47280026778877129607553115789575714114567887822339894899781781285020723037843433737197032529724485210463377228816125757537041903625050690868999236210988715262146797056748014212295112114196563985490297072156951430652541211379343260552797191143164442012020968162989897940445201955681438226069795, 3025921713848136294883399410532845703332344820629753273586034002241326274421979759180610081902367053469656142644232048482370681832003244215615951117503277776777395011631872909586887175308580095071379012618044891561762637528277968675379020233162524288769341962431353468188492925163612046468467044, 193658989686280722872537562274102125013270068520304209509506176143444881563006704587559045241751491422057993129230851102871723637248207629799420871520209777713753280744439866213560779219749126084568256807554873059952808801809789995224257294922401554481237885595606621964063547210471170973981890981, 12394175339921966263842403985542536000849284385299469408608395273180472420032429093603778895472095451011711560270774470583790312783885288307162935777293425773680209967644151437667889870063944069412368435683511875836979763315826559694352466875033699486799224678118823805700067021470154942334841022950, 793227221755005840885913855074722304054354200659166042150937297483550234882075461990641849310214108864749539857329566117362580018168658451658427889746779249515533437929225692010744951684092420442391579883744760053566704852212899820438557880002156767155150379399604723564804289374089916309429825468967, 50766542192320373816698486724782227459478668842186626697659987038947215032452829567401078355853702967343970550869092231511205121162794140906139384943793871968994140027470444288687676907781914908313061112559664643428269110541625588508067704320138033097929624281574702308147474519941754643803508830014056, 3249058700308503924268703150386062557406634805899944108650239170492621762076981092313669014774636989910014115255621902816717127754418825017992920636402807806015624961758108434476011322098042554132035911203818537179409223074664037664516333076488834118267495954020780947721438369276272297203424565120899753, 207939756819744251153197001624708003674024627577596422953615306911527792772926789908074816945576767354240903376359801780269896176282804801151546920729779699584999997552518939806464724614274723464450298317044386379482190276778498410529045316895285383569119741057329980654172055633681427021019172167737584362, 13308144436463632073804608103981312235137576164966171069031379642337778737467314554116788284516913110671417816087027313937273355282099507273699002926705900773439999843361212147613742375313582301724819092290840728286860177713823898273858900281298264548423663427669118761867011560555611329345227018735205399339, 851721243933672452723494918654803983048804874557834948418008297109617839197908131463474450209082439082970740229569748091985494738054368465516736187309177649500159989975117577447279512020069267310388421906613806610359051373684729489526969618003088931099114459370823600759488739875559125078094529199053145557868, 54510159611755036974303674793907454915123511971701436698752531015015541708666120413662364813381276101310127374692463877887071663235479581793071115987787369568010239358407524956625888769284433107864859002023283623062979287915822687329726055552197691590343325399732710448607279352035784004998049868739401315703725, 3488650215152322366355435186810077114567904766188891948720161984960994669354631706474391348056401670483848151980317688184772586447070693234756551423218391652352655318938081597224056881234203718903350976129490151876030674426612651989102467555340652261781972825582893468710865878530290176319875191599321684205038574, 223273613769748631446747851955844935332345905036089084718090367037503658838696429214361046275609706910966281726740332043825445532612524367024419291085977065750569940412037222222339640398989038009814462472287369720065963163303209727302557923541801744754046260837305181997495416225938571284472012262356587789122468911, 14289511281263912412591862525174075861270137922309701421957783490400234165676571469719106961639021242301842030511381250804828514087201559489562834629502532208036476186370382222229736985535298432628125598226391662084221642451405422547363707106675311664258960693587531647839706638460068562206208784790821618503838010480, 914528722000890394405879201611140855121288827027820891005298143385614986603300574062022845544897359507317889952728400051509024901580899807332021416288162061314334475927704462222703167074259099688200038286489066373390185116889947043031277254827219946512573484389602025461741224861444387981197362226612583584245632670897, 58529838208056985241976268903113014727762484929780537024339081176679359142611236739969462114873431008468344956974617603296577593701177587669249370642442371924117406459373085582253002692752582380044802450335300247896971847480956610754001744308942076576804703000934529629551438391132440830796631182503205349391720490937586, 3745909645315647055486481209799232942576799035505954369557701195307478985127119151358045575351899584541974077246375526610980965996875365610831959721116311803143514013399877477264192172336165272322867356821459215865406198238781223088256111635772292900915500992059809896291292057032476213170984395680205142361070111420005683, 239738217300201411551134797427150908324915138272381079651692876499678655048135625686914916822521573410686340943768033703102781823800023399093245422151443955401184896857592158544908299029514577428663510836573389815385996687281998277648391144689426745658592063491827833362642691650078477642943001323533129111108487130880363892, 15343245907212890339272627035337658132794568849432389097708344095979433923080680043962554676641380698283925820401154156998578036723201497541967707017692413145675833398885898146874131137888932955434464693540696948184703787986047889769497033260123311722149892063476981335209132265605022569148352084706120263110943176376343289269, 981967738061624981713448130261610120498852406363672902253334022142683771077163522813603499305048364690171252505673866047908994350284895842685933249132314441323253337528697481399944392824891709147805740386604604683821042431107064945247810128647891950217593092062526805453384464998721444425494533421191696839100363288085970513398, 62845935235943998829660680336743047711926554007275065744213377417131761348938465460070623955523095340170960160363127427066175638418233333931899727944468124244688213601836638809596441140793069385459567384742694699764546715590852156495859848233465084813925957892001715549016605759918172443231650138956268597702423250437502112857655, 4022139855100415925098283541551555053563299456465604207629656154696432726332061789444519933153478101770941450263240155332235240858766933371641582588445959951660045670517544883814172233010756440669412312623532460784930989797814538015735030286941765428091261305088109795137062768634763036366825608893201190252955088028000135222890104, 257416950726426619206290146659299523428051165213798669288297993900571694485251954524449275721822598513340252816847369941263055414961083735785061285660541436906242922913122872564107022912688412202842388007906077490235583347060130433007041938364272987397840723525639026888772017192624834327476838969164876176189125633792008654264966841, 16474684846491303629202569386195169499395274573683114834451071609636588447056125089564753646196646304853776180278231676240835546557509359090243922282274651961999547066439863844102849466412058380981912832505988959375077334211848347712450684055313471193461806305640897720881409100327989396958517694026552075276104040562688553872957878010, 1054379830175443432268964440716490847961297572715719349404868583016741660611592005732144233356585363510641675537806827279413474979680598981775611026065577725567971012252151286022582365850371736382842421280383293400004949389558294253596843779540062156381555603561017454136410182420991321405345132417699332817670658596012067447869304192827, 67480309131228379665213724205855414269523044653806038361911589313071466279141888366857230934821463264681067234419636945882462398699558334833639105668196974436350144784137682305445271414423791128501914961944530777600316760931730832230198001890563978008419558627905117064730251674943444569942088474732757300330922150144772316663635468341116, 4318739784398616298573678349174746513249474857843586455162341716036573841865080855478862779828573648939588303002856764536477593516771733429352902762764606363926409266184811667548497370523122632224122557564449969766420272699630773262732672120996094592538851752185927492142736107196380452476293662382896467221179017609265428266472669973831613, 276399346201511443108715414347183776847966390901989533130389869826340725879365174750647217909028713532133651392182832930334565985073390939478585776816934807291290193035827946723103831713479848462343843684124798065050897452776369488814891015743750053922486512139899359497135110860568348958482794392505373902155457126992987409054250878325223422, 17689558156896732358957786518219761718269849017727330120344951668885806456279371184041421946177837666056553689099701307541412223044697020126629489716283827666642572354292988590278645229662710301590005995783987076163257436977687647284153025007600003451039136776953559007816647095076374333342898841120343929737949256127551194179472056212814299199, 1132131722041390870973298337166064749969270337134549127702076906808691613201879755778651004555381610627619436102380883682650382274860609288104287341842164970665124630674751269777833294698413459301760383730175172874448475966572009426185793600486400220866504753725027776500265414084887957333945525831702011503228752392163276427486211597620115148928, 72456430210649015742291093578628143998033301576611144172932922035756263244920304369833664291544423080167643910552376555689624465591078994438674389877898558122567976363184081265781330860698461395312664558731211063964702461860608603275890790431129614135456304238401777696016986501432829269372513653228928736206640153098449691359117542247687369531585, 4637211533481537007506629989032201215874131300903113227067707010288400847674899479669354514658843077130729210275352099564135965797829055644075160952185507719844350487243781201010005175084701529300010531758797508093740957559078950609657010587592295304669203471257713772545087136091701073239840873806651439117224969798300780246983522703851991650021634, 296781538142818368480424319298060877815944403257799246532333248658457654251193566698838688938165956936366669457622534372104701811061059561220810300939872494070038431183601996864640331205420897875200674032563040517999421283781052839018048677605906899498829022160493681442885576709868868687349815923625692103502398067091249935806945453046527465601384771, 18994018441140375582747156435075896180220441808499151778069327914141289872076388268725676092042621243927466845287842199814700915907907811918131859260151839620482459595750527799336981197146937464012843138084034593151962962161987381697155115366778041567925057418271595612344676909431607595990388219112044294624153476293839995891644508994977757798488625540, 1215617180232984037295818011844857355534108275743945713796436986505042551812888849198443269890727759611357878098421900788140858618106099962760438992649717735710877414128033779157566796617403997696821960837378213961725629578367192428617927383473794660347203674769382119190059322203622886143384846023170834855945822482805759737065248575678576499103272034757, 77799499534910978386932352758070870754182929647612525682971967136322723316024886348700369273006576615126904198299001650441014951558790397616668095529581935085496154504194161866084274983513855852596605493592205693550440293015500315431547352542322858262221035185240455628163796621031864713176630145482933430780532638899568623172175908843428895942609410224646, 4979167970234302616763670576516535728267707497447201643710205896724654292225592726316823633472420903368121868691136105628224956899762585447466758113893243845471753888268426359429393598944886774566182751589901164387228178752992020187619030562708662928782146251855389160202482983746039341643304329310907739569954088889572391883019258165979449340327002254377543]
len(predicted_full) = 200, len(input_sequence + seq_pred) = 200
is_manual_check: False
