test results being evaluated: data/test_linrec15.tsv
csv file used: ../linear_database_newbl.csv
The sequence ID inspected: A176961
csv results file used: ../linear_database_newbl.csv
Results we are looking at now:
('Could you give me a recursive equation in a form of a Python code for the following number sequence: 1,2,8,12,36,52,148,212,596,852,2388,3412,9556,13652,38228', 'Certainly, the Python code is the following: lambda a_n: a_n[-2] * 4 + 4')

Experiment type: Evaluation of the results of llms.
Ground truth: 
[1, 2, 8, 12, 36, 52, 148, 212, 596, 852, 2388, 3412, 9556, 13652, 38228, 54612, 152916, 218452, 611668, 873812, 2446676, 3495252, 9786708, 13981012, 39146836, 55924052, 156587348, 223696212, 626349396, 894784852, 2505397588, 3579139412, 10021590356, 14316557652, 40086361428, 57266230612, 160345445716, 229064922452, 641381782868, 916259689812, 2565527131476, 3665038759252, 10262108525908, 14660155037012, 41048434103636, 58640620148052, 164193736414548, 234562480592212, 656774945658196, 938249922368852, 2627099782632788, 3752999689475412, 10508399130531156, 15011998757901652, 42033596522124628, 60047995031606612, 168134386088498516, 240191980126426452, 672537544353994068, 960767920505705812, 2690150177415976276, 3843071682022823252, 10760600709663905108, 15372286728091293012, 43042402838655620436, 61489146912365172052, 172169611354622481748, 245956587649460688212, 688678445418489926996, 983826350597842752852, 2754713781673959707988, 3935305402391371011412, 11018855126695838831956, 15741221609565484045652, 44075420506783355327828, 62964886438261936182612, 176301682027133421311316, 251859545753047744730452, 705206728108533685245268, 1007438183012190978921812, 2820826912434134740981076, 4029752732048763915687252, 11283307649736538963924308, 16119010928195055662749012, 45133230598946155855697236, 64476043712780222650996052, 180532922395784623422788948, 257904174851120890603984212, 722131689583138493691155796, 1031616699404483562415936852, 2888526758332553974764623188, 4126466797617934249663747412, 11554107033330215899058492756, 16505867190471736998654989652, 46216428133320863596233971028, 66023468761886947994619958612, 184865712533283454384935884116, 264093875047547791978479834452, 739462850133133817539743536468, 1056375500190191167913919337812, 2957851400532535270158974145876, 4225502000760764671655677351252, 11831405602130141080635896583508, 16902008003043058686622709405012, 47325622408520564322543586334036, 67608032012172234746490837620052, 189302489634082257290174345336148, 270432128048688938985963350480212, 757209958536329029160697381344596, 1081728512194755755943853401920852, 3028839834145316116642789525378388, 4326914048779023023775413607683412, 12115359336581264466571158101513556, 17307656195116092095101654430733652, 48461437346325057866284632406054228, 69230624780464368380406617722934612, 193845749385300231465138529624216916, 276922499121857473521626470891738452, 775382997541200925860554118496867668, 1107689996487429894086505883566953812, 3101531990164803703442216473987470676, 4430759985949719576346023534267815252, 12406127960659214813768865895949882708, 17723039943798878305384094137071261012, 49624511842636859255075463583799530836, 70892159775195513221536376548285044052, 198498047370547437020301854335198123348, 283568639100782052886145506193140176212, 793992189482189748081207417340792493396, 1134274556403128211544582024772560704852, 3175968757928758992324829669363169973588, 4537098225612512846178328099090242819412, 12703875031715035969299318677452679894356, 18148392902450051384713312396360971277652, 50815500126860143877197274709810719577428, 72593571609800205538853249585443885110612, 203262000507440575508789098839242878309716, 290374286439200822155412998341775540442452, 813048002029762302035156395356971513238868, 1161497145756803288621651993367102161769812, 3252192008119049208140625581427886052955476, 4645988583027213154486607973468408647079252, 13008768032476196832562502325711544211821908, 18583954332108852617946431893873634588317012, 52035072129904787330250009302846176847287636, 74335817328435410471785727575494538353268052, 208140288519619149321000037211384707389150548, 297343269313741641887142910301978153413072212, 832561154078476597284000148845538829556602196, 1189373077254966567548571641207912613652288852, 3330244616313906389136000595382155318226408788, 4757492309019866270194286564831650454609155412, 13320978465255625556544002381528621272905635156, 19029969236079465080777146259326601818436621652, 53283913861022502226176009526114485091622540628, 76119876944317860323108585037306407273746486612, 213135655444090008904704038104457940366490162516, 304479507777271441292434340149225629094985946452, 852542621776360035618816152417831761465960650068, 1217918031109085765169737360596902516379943785812, 3410170487105440142475264609671327045863842600276, 4871672124436343060678949442387610065519775143252, 13640681948421760569901058438685308183455370401108, 19486688497745372242715797769550440262079100573012, 54562727793687042279604233754741232733821481604436, 77946753990981488970863191078201761048316402292052, 218250911174748169118416935018964930935285926417748, 311787015963925955883452764312807044193265609168212, 873003644698992676473667740075859723741143705670996, 1247148063855703823533811057251228176773062436672852, 3492014578795970705894670960303438894964574822683988, 4988592255422815294135244229004912707092249746691412, 13968058315183882823578683841213755579858299290735956, 19954369021691261176540976916019650828368998986765652, 55872233260735531294314735364855022319433197162943828, 79817476086765044706163907664078603313475995947062612, 223488933042942125177258941459420089277732788651775316, 319269904347060178824655630656314413253903983788250452, 893955732171768500709035765837680357110931154607101268, 1277079617388240715298622522625257653015615935153001812, 3575822928687074002836143063350721428443724618428405076, 5108318469552962861194490090501030612062463740612007252, 14303291714748296011344572253402885713774898473713620308, 20433273878211851444777960362004122448249854962448029012, 57213166858993184045378289013611542855099593894854481236, 81733095512847405779111841448016489792999419849792116052, 228852667435972736181513156054446171420398375579417924948, 326932382051389623116447365792065959171997679399168464212, 915410669743890944726052624217784685681593502317671699796, 1307729528205558492465789463168263836687990717596673856852, 3661642678975563778904210496871138742726374009270686799188, 5230918112822233969863157852673055346751962870386695427412, 14646570715902255115616841987484554970905496037082747196756, 20923672451288935879452631410692221387007851481546781709652, 58586282863609020462467367949938219883621984148330988787028, 83694689805155743517810525642768885548031405926187126838612, 234345131454436081849869471799752879534487936593323955148116, 334778759220622974071242102571075542192125623704748507354452, 937380525817744327399477887199011518137951746373295820592468, 1339115036882491896284968410284302168768502494818994029417812]
Predicted:    
[1, 2, 8, 12, 36, 52, 148, 212, 596, 852, 2388, 3412, 9556, 13652, 38228, 54612, 152916, 218452, 611668, 873812, 2446676, 3495252, 9786708, 13981012, 39146836, 55924052, 156587348, 223696212, 626349396, 894784852, 2505397588, 3579139412, 10021590356, 14316557652, 40086361428, 57266230612, 160345445716, 229064922452, 641381782868, 916259689812, 2565527131476, 3665038759252, 10262108525908, 14660155037012, 41048434103636, 58640620148052, 164193736414548, 234562480592212, 656774945658196, 938249922368852, 2627099782632788, 3752999689475412, 10508399130531156, 15011998757901652, 42033596522124628, 60047995031606612, 168134386088498516, 240191980126426452, 672537544353994068, 960767920505705812, 2690150177415976276, 3843071682022823252, 10760600709663905108, 15372286728091293012, 43042402838655620436, 61489146912365172052, 172169611354622481748, 245956587649460688212, 688678445418489926996, 983826350597842752852, 2754713781673959707988, 3935305402391371011412, 11018855126695838831956, 15741221609565484045652, 44075420506783355327828, 62964886438261936182612, 176301682027133421311316, 251859545753047744730452, 705206728108533685245268, 1007438183012190978921812, 2820826912434134740981076, 4029752732048763915687252, 11283307649736538963924308, 16119010928195055662749012, 45133230598946155855697236, 64476043712780222650996052, 180532922395784623422788948, 257904174851120890603984212, 722131689583138493691155796, 1031616699404483562415936852, 2888526758332553974764623188, 4126466797617934249663747412, 11554107033330215899058492756, 16505867190471736998654989652, 46216428133320863596233971028, 66023468761886947994619958612, 184865712533283454384935884116, 264093875047547791978479834452, 739462850133133817539743536468, 1056375500190191167913919337812, 2957851400532535270158974145876, 4225502000760764671655677351252, 11831405602130141080635896583508, 16902008003043058686622709405012, 47325622408520564322543586334036, 67608032012172234746490837620052, 189302489634082257290174345336148, 270432128048688938985963350480212, 757209958536329029160697381344596, 1081728512194755755943853401920852, 3028839834145316116642789525378388, 4326914048779023023775413607683412, 12115359336581264466571158101513556, 17307656195116092095101654430733652, 48461437346325057866284632406054228, 69230624780464368380406617722934612, 193845749385300231465138529624216916, 276922499121857473521626470891738452, 775382997541200925860554118496867668, 1107689996487429894086505883566953812, 3101531990164803703442216473987470676, 4430759985949719576346023534267815252, 12406127960659214813768865895949882708, 17723039943798878305384094137071261012, 49624511842636859255075463583799530836, 70892159775195513221536376548285044052, 198498047370547437020301854335198123348, 283568639100782052886145506193140176212, 793992189482189748081207417340792493396, 1134274556403128211544582024772560704852, 3175968757928758992324829669363169973588, 4537098225612512846178328099090242819412, 12703875031715035969299318677452679894356, 18148392902450051384713312396360971277652, 50815500126860143877197274709810719577428, 72593571609800205538853249585443885110612, 203262000507440575508789098839242878309716, 290374286439200822155412998341775540442452, 813048002029762302035156395356971513238868, 1161497145756803288621651993367102161769812, 3252192008119049208140625581427886052955476, 4645988583027213154486607973468408647079252, 13008768032476196832562502325711544211821908, 18583954332108852617946431893873634588317012, 52035072129904787330250009302846176847287636, 74335817328435410471785727575494538353268052, 208140288519619149321000037211384707389150548, 297343269313741641887142910301978153413072212, 832561154078476597284000148845538829556602196, 1189373077254966567548571641207912613652288852, 3330244616313906389136000595382155318226408788, 4757492309019866270194286564831650454609155412, 13320978465255625556544002381528621272905635156, 19029969236079465080777146259326601818436621652, 53283913861022502226176009526114485091622540628, 76119876944317860323108585037306407273746486612, 213135655444090008904704038104457940366490162516, 304479507777271441292434340149225629094985946452, 852542621776360035618816152417831761465960650068, 1217918031109085765169737360596902516379943785812, 3410170487105440142475264609671327045863842600276, 4871672124436343060678949442387610065519775143252, 13640681948421760569901058438685308183455370401108, 19486688497745372242715797769550440262079100573012, 54562727793687042279604233754741232733821481604436, 77946753990981488970863191078201761048316402292052, 218250911174748169118416935018964930935285926417748, 311787015963925955883452764312807044193265609168212, 873003644698992676473667740075859723741143705670996, 1247148063855703823533811057251228176773062436672852, 3492014578795970705894670960303438894964574822683988, 4988592255422815294135244229004912707092249746691412, 13968058315183882823578683841213755579858299290735956, 19954369021691261176540976916019650828368998986765652, 55872233260735531294314735364855022319433197162943828, 79817476086765044706163907664078603313475995947062612, 223488933042942125177258941459420089277732788651775316, 319269904347060178824655630656314413253903983788250452, 893955732171768500709035765837680357110931154607101268, 1277079617388240715298622522625257653015615935153001812, 3575822928687074002836143063350721428443724618428405076, 5108318469552962861194490090501030612062463740612007252, 14303291714748296011344572253402885713774898473713620308, 20433273878211851444777960362004122448249854962448029012, 57213166858993184045378289013611542855099593894854481236, 81733095512847405779111841448016489792999419849792116052, 228852667435972736181513156054446171420398375579417924948, 326932382051389623116447365792065959171997679399168464212, 915410669743890944726052624217784685681593502317671699796, 1307729528205558492465789463168263836687990717596673856852, 3661642678975563778904210496871138742726374009270686799188, 5230918112822233969863157852673055346751962870386695427412, 14646570715902255115616841987484554970905496037082747196756, 20923672451288935879452631410692221387007851481546781709652, 58586282863609020462467367949938219883621984148330988787028, 83694689805155743517810525642768885548031405926187126838612, 234345131454436081849869471799752879534487936593323955148116, 334778759220622974071242102571075542192125623704748507354452, 937380525817744327399477887199011518137951746373295820592468, 1339115036882491896284968410284302168768502494818994029417812]
len(predicted_full) = 200, len(input_sequence + seq_pred) = 200
is_manual_check: True
