test results being evaluated: data/test_linrec15.tsv
csv file used: ../linear_database_newbl.csv
The sequence ID inspected: A177059
csv results file used: ../linear_database_newbl.csv
Results we are looking at now:
('Could you give me a recursive equation in a form of a Python code for the following number sequence: 6,56,156,306,506,756,1056,1406,1806,2256,2756,3306,3906,4556,5256', 'Certainly, the Python code is the following: lambda a_n: 5 * 9 + ( a_n[-1] ) - -1')

Experiment type: Evaluation of the results of llms.
Ground truth: 
[6, 56, 156, 306, 506, 756, 1056, 1406, 1806, 2256, 2756, 3306, 3906, 4556, 5256, 6006, 6806, 7656, 8556, 9506, 10506, 11556, 12656, 13806, 15006, 16256, 17556, 18906, 20306, 21756, 23256, 24806, 26406, 28056, 29756, 31506, 33306, 35156, 37056, 39006, 41006, 43056, 45156, 47306, 49506, 51756, 54056, 56406, 58806, 61256, 63756, 66306, 68906, 71556, 74256, 77006, 79806, 82656, 85556, 88506, 91506, 94556, 97656, 100806, 104006, 107256, 110556, 113906, 117306, 120756, 124256, 127806, 131406, 135056, 138756, 142506, 146306, 150156, 154056, 158006, 162006, 166056, 170156, 174306, 178506, 182756, 187056, 191406, 195806, 200256, 204756, 209306, 213906, 218556, 223256, 228006, 232806, 237656, 242556, 247506, 252506, 257556, 262656, 267806, 273006, 278256, 283556, 288906, 294306, 299756, 305256, 310806, 316406, 322056, 327756, 333506, 339306, 345156, 351056, 357006, 363006, 369056, 375156, 381306, 387506, 393756, 400056, 406406, 412806, 419256, 425756, 432306, 438906, 445556, 452256, 459006, 465806, 472656, 479556, 486506, 493506, 500556, 507656, 514806, 522006, 529256, 536556, 543906, 551306, 558756, 566256, 573806, 581406, 589056, 596756, 604506, 612306, 620156, 628056, 636006, 644006, 652056, 660156, 668306, 676506, 684756, 693056, 701406, 709806, 718256, 726756, 735306, 743906, 752556, 761256, 770006, 778806, 787656, 796556, 805506, 814506, 823556, 832656, 841806, 851006, 860256, 869556, 878906, 888306, 897756, 907256, 916806, 926406, 936056, 945756, 955506, 965306, 975156, 985056, 995006]
Predicted:    
[6, 56, 156, 306, 506, 756, 1056, 1406, 1806, 2256, 2756, 3306, 3906, 4556, 5256, 5302, 5348, 5394, 5440, 5486, 5532, 5578, 5624, 5670, 5716, 5762, 5808, 5854, 5900, 5946, 5992, 6038, 6084, 6130, 6176, 6222, 6268, 6314, 6360, 6406, 6452, 6498, 6544, 6590, 6636, 6682, 6728, 6774, 6820, 6866, 6912, 6958, 7004, 7050, 7096, 7142, 7188, 7234, 7280, 7326, 7372, 7418, 7464, 7510, 7556, 7602, 7648, 7694, 7740, 7786, 7832, 7878, 7924, 7970, 8016, 8062, 8108, 8154, 8200, 8246, 8292, 8338, 8384, 8430, 8476, 8522, 8568, 8614, 8660, 8706, 8752, 8798, 8844, 8890, 8936, 8982, 9028, 9074, 9120, 9166, 9212, 9258, 9304, 9350, 9396, 9442, 9488, 9534, 9580, 9626, 9672, 9718, 9764, 9810, 9856, 9902, 9948, 9994, 10040, 10086, 10132, 10178, 10224, 10270, 10316, 10362, 10408, 10454, 10500, 10546, 10592, 10638, 10684, 10730, 10776, 10822, 10868, 10914, 10960, 11006, 11052, 11098, 11144, 11190, 11236, 11282, 11328, 11374, 11420, 11466, 11512, 11558, 11604, 11650, 11696, 11742, 11788, 11834, 11880, 11926, 11972, 12018, 12064, 12110, 12156, 12202, 12248, 12294, 12340, 12386, 12432, 12478, 12524, 12570, 12616, 12662, 12708, 12754, 12800, 12846, 12892, 12938, 12984, 13030, 13076, 13122, 13168, 13214, 13260, 13306, 13352, 13398, 13444, 13490, 13536, 13582, 13628, 13674, 13720, 13766]
len(predicted_full) = 200, len(input_sequence + seq_pred) = 200
is_manual_check: False
