test results being evaluated: data/test_linrec15.tsv
csv file used: ../linear_database_newbl.csv
The sequence ID inspected: A177728
csv results file used: ../linear_database_newbl.csv
Results we are looking at now:
('Could you give me a recursive equation in a form of a Python code for the following number sequence: 1,45,1085,20925,366141,6120765,100080445,1618667325', 'Certainly, the Python code is the following: lambda a_n: n - a_n[-1] * -10 // -2 * n')

Experiment type: Evaluation of the results of llms.
Ground truth: 
[1, 45, 1085, 20925, 366141, 6120765, 100080445, 1618667325, 26038501181, 417737748285, 6692790374205, 107156587499325, 1715081133346621, 27445904805580605, 439171333486530365, 7027036201446788925, 112434938199985606461, 1798977883220621905725, 28783797108521397636925, 460541961555572465848125, 7368681047456194405584701, 117898974059888166630051645, 1886384203363134221371821885, 30182152201050380409073028925, 482914474794731327181611585341, 7726631913339116670795675586365, 123626113146413244263044385853245, 1978017830606511144623998751723325, 31648285451815373069997412812312381, 506372568525935530626830572505517885, 8101961106790084995919322938258739005, 129631377791642292037169669424272363325, 2074102045330284129635759658901213269821, 33185632730596605731385957842722875494205, 530970123732042168963427526747871069327165, 8495521980052646521519025137528436780420925, 135928351683562118889194548274748322087161661, 2174853626958752098586460614581495366145003325, 34797658031514099148259059265152810134157905725, 556762528505618110939154090474694871444660408125, 8908200456101029971562553092562952575457548291901, 142531207297705601117289608669189259733080640573245, 2280499316764002590454944044326241669873801991802685, 36487989068229745227905588082628604295031394495876925, 583807825091721553891501280023147687192766162670964541, 9340925201467909904224115460834363614286369757466971965, 149454803223489478803266607276482944667895932652574986045, 2391276851575855023537711795886476616943637815686845419325, 38260429625213867278086957370836359839327795744477591883581, 612166874003423371661259867030406580975766136656836846407485, 9794669984054785908275106265277915691187168159274514481663805, 156714719744876670225961287386838781452404925305756275954667325, 2507435515918027489163857295328800935301004502924042542236553021, 40118968254688445951009530302376831976977252911076451971465727805, 641903492075015184211254993454961341951569394611990569404993883965, 10270455873200243339340899964214853290675152702552296944108924292925, 164327293971203896565140959978921489513965084768850723219226309676861, 2629236703539262370127747844074614776358991698197447212036303711620925, 42067787256628198122727905380488804971749266745012740582979598223134525, 673084596106051171569118005090180631935715451865780140338912626254008125, 10769353537696818757949660233461768146024000650836083029911455107189559101, 172309656603149100229944740951539314680607381578922096616983357158073814845, 2756954505650385604501117272953837229898716849777815538502678297352495943485, 44111272090406169678593887709095061239472306653328359947332959289932082564925, 705780353446498714910110294080190304324382991311371511368913548281252366503741, 11292485655143979438982629431160399465149070093459091245840958054985116396277565, 180679770482303671027088988705585228210121993569611456629945846472648672683478845, 2890876327716858736460359161745514345504108210565706560390995194820739408843755325, 46254021243469739783581229327577435081204027224097872123710571091626263231065214781, 740064339895515836539023531158432605724374983815663215730845349764418829042056417085, 11841029438328253384638167393872470846990900852450288443672691427517128758225555148605, 189456471013252054154321005464659926795061689432637626626465814059941366162157458411325, 3031303536212032866470018704736161974666645504878608500612552733069461714893331691196221, 48500856579392525863527360214191416762231596940144757335983552187557947648353329552281405, 776013705270280413816494250934365269536227706220755366103078145843055320947715204636200765, 12416219284324486621064359915008265123303820558086572159939499392924737574240073050582404925, 198659508549191785937033373840599608458654547066328934227240057053079138308210358937741152061, 3178552136787068574992562903053332667224820098430844741981049744142721398176983100958377758525, 50856834188593097199881237821683234130687900338946296454456643745283942641630602285195449323325, 813709347017489555198101656129571037731732635539947492845377791391157329259222910063952830648125, 13019349552279832883169641305934250936833532009591151901766587429009875442742415031431654817386301, 208309592836477326130714379357836929654342990881144518636781624338242649313922183623449104465776445, 3332953485383637218091431017428502191789539683920081612171003326564854634273613556823964362420244285, 53327255766138195489462903860480925607193049581296582739853502055702632540181469460422082548297092925, 853236092258211127831406522420693934023572110409352029131625504070326509496829351188277580725386202941, 13651777476131378045302504843955095938845020303418504067389883356692958149659281785250738213188879503165, 218428439618102048724840081385073478977263257149647109724237614128169437923744265624621883531805127331645, 3494855033889632779597441333215511215282155572753962400098711581773528809203539421281724071228182090731325, 55917680542234124473559061579882863857682036830940268707038319003575647135405945521781507189938555920305981, 894682888675745991576944987265603297028252970630059266353771196216470418746730718146102728014493201831546685, 14314926218811935865231119812149472554894770580761068016379550367128273516889740514715102126894486753975193405, 229038819500990973843697917121590119297858113697618046373386281656933016006972897694062061416179861329007595325, 3664621112015855581499166674963030376122064094405416407158927456620224034810265387907587602486355941253065199421, 58633937792253689303986666807549193756803699712434883837197771482182953429773048921635139726392183310610511155005, 938143004676059028863786668985912762019664589014543911981111627426542216431716046534160977477178548207233772277565, 15010288074816944461820586704295609487601076573157388756404195613723755197641742223119554748422278644848108858756925, 240164609197071111389129387272897794163908770361915709420193731639597361209308188871573933191448833341760761469587261, 3842633747153137782226070196399709045520872687321831265265213821676994564401917646250782821483492790264231621599416125, 61482139954450204515617123142662099439520621889398739560581539273912601553561231806026575068447867037923912558092472125, 983714239271203272249873970284727628721823221368375347500014394213379910012850730510814613839464496539498390234374328125, 15739427828339252355997983524572714361065117710997969676245927717316835949335886364633257197054641598877955527755919773501, 251830845253428037695967736393300008189169452728799227749900499889317558733949605259994334493100044674455499442303752458045, 4029293524054848603135483782293892758323731798483441347438133558059170905825929975623528836033496993378921803662967700705085, 64468696384877577650167740516711025151555873214316291186527942641715872212781301557912304167537741582986505221089664003460925, 1031499142158041242402683848267446330571903286937710496004589532906120729124650326974991156680345179233723304611248504418062141, 16503986274528659878442941572279700714326527115072566632234572151353320543610073753846643017571010401672600176519879161732648765, 264063780392458558055087065156479686830633030033714655685042271499480458470104418262959085129371592863182509089741992132722544445, 4225020486279336928881393042503710792501397250079863207514989280930242848706088157912401819906837598110543414347096346998330347325, 67600327780469390862102288680059659105712506157601241052674331991656077184795436492613897113408578463695563390822298139526845157181, 1081605244487510253793636618880956837096921299772207294702265339845729757800801936571446163102546840937257211852877923212072267796285, 17305683911800164060698185902095327724794910406360016218112053661385756267565793586506129345260090841377181394621410910469140637798205, 276890942588802624971170974433525390246671923381797855512799324373085621263077850114385996454377243403565966918734488369313465226219325, 4430255081420841999538735590936407417146377629149066456388840916297001627425452631350015362892806449474310883534600369136758465846562621, 70884081302733471992619769454982528059939056906707469447693868471374373613976921568469105179991244573833198522691561811376196722118348605, 1134145300843735551881916311279720524043801029229898760326881206026973934734748273753297133936407352008042002784951535045214057830578114365, 18146324813499768830110660980475528985379025417459014158540333780311475316283952981006448055702483973818051395263340982452197791545257348925, 290341197015996301281770575687608468571490078277589298483127216356022826765723253990498169410069821638907957315158268221831105738002582982461, 4645459152255940820508329211001735535587246625227389351301890468664679333176836760150192511580039159982299456167329885916874060581311232593725, 74327346436095053128133267376027768876943188985925914225405087554381383495366804316609101780905128226983849965376598446661322895463548808580925, 1189237542977520850050132278016444304491468967633116104443080121316074254542709392634546790009370567198633605628247861670041760871079455269048125, 19027800687640333600802116448263108891546527032996269485782071704624965042820239248043769887268607208628295908171902908857126461284934129984720701, 304444811002245337612833863172209742422208620934871606290055465382541656531027598805190935993245420441314088992893874703718091736255520578269859645, 4871116976035925401805341810755355880015051442213396056781225990989004231602906384012429709547501488029756614537255737025406238719165664030673325885, 77937871616574806428885468972085694090318531133457939757622324214770769523855159114983672387124594376796516777789088175873840115124975561594465668925, 1247005945865196902862167503553371105525718162599675858914938854307905926932779555789016331129389964497589801686451130046001127182832408125280150081341, 19952095133843150445794680056853937689056463917309604324982875003899083747354959988950478668195330627401330075639631391983141246482452470909252171714365, 319233522141490407132714880909663003030063209202671993858476826742166051289210100660745384798693697840696943130374000120738792305352050751362400685117245, 5107736354263846514123438094554608048522289639448498499005635841312902511279954913539939914225917140824382449170660272418950489963105967511477623706603325, 81723781668221544225975009512873728776686860568821948762250226368512405705701414545453996481534300907996074314302208317898363295782538801115451730527768381, 1307580506691544707615600152205979660429631579802318962421284045156246215493005278178066997713286159173665247068985430830163265660546430521346647711861165885, 20921288107064715321849602435295674566895239762446445656542788108580321241502367846536629960191998629573590085503275481291912194041183280169696367264838963005, 334740609713035445149593638964730793070492912084017868567102556825928194212952241638411077596145424038053497099561707672537074898511514597452910233255138283325, 5355849755408567122393498223435692689129239200423283801572984485923995542198551070678475364438266693537930346134314647693805643643057373044222883394825523285821, 85693596086537073958295971574971083026078648063404524061162500388457084153507340189419983362353195732879744465236664663373936859951633508148921181850626549862205, 1371097537384593183332735545199537328417344935867528250866557995124698590282761633190647524240944198275619838007515723819745199394365823126746252848813387629711165, 21937560598153490933323768723192597254678211508704898940968591833270259395137339675095433792171714254643713041218196481977029114245776598695351842526405435682180925, 351000969570455854933180299571081556074856924417873958472326780622524805927102663244950132232361334931519550606627151667382740003413944903197284580104714686169337661, 5616015513127293678930884793137304897197755112914747938891862980282002139672884439830838065471016814559473052812532285319574528187601616950551928940393729131533291325, 89856248210036698862894156690196878355164436384466083848946883607084876193480085662043498314731449481382447219970138614226597510168258867487067791690656071140653649725, 1437699971360587181806306507043150053682633818774098276196566745093940754765392847596524693849941822502324568239749750940460010002809025148462846557562924909974298808125, 23003199541769394908900904112690400858922163793366699896052400780547713961603977377598336894819686955289869936479698506829744618533759944249162247426254799507480500227901, 368051192668310318542414465803046413742754802237716218152097075361120718468525172570098172769706768642063467912352324951053825048123695742935490291458091660095948753981245, 5888819082692965096678631452848742619884078288154251648955622508756789856159295037350142016363349857114036414713164505581159832006542454960516854740960582037511220074106685, 94221105323087441546858103245579881918145264229274363651466514563939504583851858807432334247907159544479216207079291002733247730271171945520738163274811968717838549347716925, 1507537685169399064749729651929278110690324320618840516568876668413679008424054846597563811734099964796610392473595689201290692503123448706984354109210679170028465631270260541, 24120602962710385035995674430868449771045189873505053850265326177744039615444278390990216569401630403184133203208058339881445732494777408785054176052242096755931694867812699965, 385929647403366160575930790893895196336723043924909706285551614708906037692383661019277125249735724861488360473764796128990788227054382219416345508477348589032693987296631050045, 6174874358453858569214892654302323141387568750389186058019277002262507833840340230415903667054494267784292776693290216349359060840294622809166940025341515126580205387398763499325, 98797989735261737107438282468837170262201100386952022987912041371560215187543056919514217505118671895417081201331337594907417355705399563796131488788908526283837123445585656139581, 1580767835764187793719012519501394724195217609237032736283421536627844161769469816575105556850980788217078732220548019813194539903777047391360997668432390291465968367156041507655485, 25292285372227004699504200312022315587123481772158926728349375583508552338461764312104713548212780630610336214744089524281057468777978694382031037815724370950852174978828324274687805, 404676565955632075192067204992357049393975708549474051236107057315841203416590206968899613977958921106917323570513395090306629873458509449367551069962064320657959614752224002167787325, 6474825055290113203073075279877712790303611338351034608437849300891094182675059135304187401690889093304114058768619595233984367881304885396437160627634358102392859866556309403583369021, 103597200884641811249169204478043404644857781426092152044286679884958586346877872755281347052967039967438205307675322002754778633036155766148196653930273361741914040237773966300381695805, 1657555214154268979986707271648694474317724502917279219182835606724946016942661376807816341861032929794889869118841085030958297814810823961789143886610860575565389047481267194031903067965, 26520883426468303679787316346379111589083592047474905798719359536124005354223505330711579781910040297322464744497811485009561921369832280636606555404737105893169134984249084906070437252925, 424334134823492858876597061542065785425337472765985999113861671206183038332703471705677423007728876514302043280848083398743521747952191042653553509181437060212152306357627079672277316652861, 6789346157175885742025552984673052566805399564306876036496602088324520234644274638605175940101408375855208722085083198058527387037002060200138594519638548386396264903517604581247633157508925, 108629538514814171872408847754768841068886393029318816989344156205397056724876546948197512417446106816971288472655238344645113669236121019735433062867012175160548712525650859032330297083678525, 1738072616237026749958541564076301457102182288472371475072694681623990771362569973015277777685732699458951969647082255985109731177274448881599711676591300487994568222664047421762141724647608125, 27809161859792427999336665025220823313634916615584106827108620364684955251917481342997385075024508746286953397951092375788533033217738515086525904640426820496166577518405872392225084414954295101, 444946589756678847989386640403533173018158665849555015041301969504568107311610595685981686256814526907518753639683643213872643345036095835048931689331462292852975211969665691253192358394340822845, 7119145436106861567830186246456530768290538653594554687121343861429960303233216684559895180560411936365230949229403432876178796583001773829367337133776187047772998266067545513015296947091039047485, 113906326977709785085282979943304492292648618457526270565625600577734329541711044181631828492577628669041185902885119337029263108043446319895626004698456425410970365188181624776216695974632713604925, 1822501231643356561364527679092871876682377895320527493623482399602588990187213324735497300710130366763991074516914997798058109983282580686844297638902767125903453069258567449915643911671144466599741, 29160019706293704981832442865485950026918046325129297214563500716512141583154106138403061169993192358945522690232807764483675687180677191775656185450064936840012521543434074584780058571448766671605565, 466560315300699279709319085847775200430688741202075613965718270047160007251735241755529813588939929773889721817006838999336885316121907811651811035894704662805020787266824544746861825937368730576342845, 7464965044811188475349105373564403206891019859233264691713110389418286051397920216417123696375429693048278558416703031609695187234382409080168003855358394630193598878378722226815610636641682038445035325, 119439440716979015605585685977030451310256317747732674013502710780002384305327974249303152573626001623780609566057350524635644883587906826623834402860060439149889030655426732808022244699826780662918270781, 1911031051471664249689370975632487220964101083963726295784786928874516608748937594281883828630969038267274208334571837176886820081814148311075457666859512659011110367432434831314468935657842893404503265085, 30576496823546627995029935610119795535425617343419648825106539313148093418892521558854408357719128710597539912480516875618610444231108816995419926405356338078637896076535904757110039255199937393315040972605, 489223949176746047920478969761916728566809877494714605942104216619616116133556505344424670520495052156237366980331744458311894920541685949422258636237797623318601203592745241880692045291714738675224138731325, 7827583186827936766727663516190667657068958039915435492996864166787830829587113368732827822703832776793641729720953845328730370149287675512119812625290584300500604791696284388096425766954366244398007514812221, 125241330989246988267642616259050682513103328638646982271335400275597077044995488165501509918268619967050738663782421550859314449425044975970423821310412138078474809962143519215858621821829169277613694589849405, 2003861295827951812282281860144810920209653258218351831408450993265487502892741204774234276732356283779638467022343995233080891869778163218561225390380201366407406907056008613542943123190373943134429304774184765, 32061780733247228996516509762316974723354452131493630223071892603095274207666366429397429372038167454928856181555497807942088485199013785364544719021262098492451593389829534910734619667496526598519702354226564925, 512988491731955663944264156197071595573671234103898090933443695336304180613721920094436317507174414594498934666405483524208326804847700456946394641661104666411097065976164418763828052495185825350196452401112928061, 8207815867711290623108226499153145529178739745662369513849446434875105236148031179303600660551300516037081281106362155258142746488482944440744380305622883696805218255505196093233334237473753228989152622173161246525, 131325053883380649969731623986450328466859835930597912692905921433955590548996342531198567212312887316794088870659726915471681001813532600091497144964239492662601714173240846237165433548210288388428830644851954667325, 2101200862134090399515705983783205255469757374889566606857012970750920702948964229797904728544942829550311735959846838419777756161440755881791732927069665435670973065361702879274312099809519696635206604231413899448125, 33619213794145446392251295740531284087516117998233065739876353354475781280503609671156296881902578332657838315774390070180289714316213129823334284202439902295128758122069045316512882543006442964967110896411364834922301, 537907420706327142276020731848500545400257887971729052079334820251300900754619210693619319911909197801348217488455010339739395293619767008778858320226402826916559387473468444886786970290636527437562262841497612566384445, 8606518731301234276416331709576008726404126207547664835199862456658321614206399018738857677002290720652153915754718495063244383369179402176858520563652409742618359337458556795536484208541063366396124051731575165104148285, 137704299700819748422661307353216139622466019320762637378641841967633203444362317480949311299330599977079122141394683261601526522296096573455121465563202469539110683009441439053269646225934910386380262854149865843027332925, 2203268795213115974762580917651458233959456309132202198181821812770931716046276545144209688527641187206423230184083153724622571139927838677621867889467447612129865039452378273535080108141522037744426601909567399534427098941, 35252300723409855596201294682423331743351300946115235171897567734645311144232260445899520678349071695888029890348335123163071175208673704434016655147521213751096028092115128107287857283605695251790539790637678153217164431165, 564036811574557689539220714918773307893620815137843762758268433596808207807650852923129656148839648738890543904912834844190518549914629305974190127258245384317623687444294145961322788775896152069012166495462210967114936995645, 9024588985192923032627531438700372926297933042205500204195553736288797160921891133079973100743470392659705227753782882755813332574509764176999989169593452058058443856009203617802212409947793699568010002155851687042432095211325, 144393423763086768522040503019205966820766928675288003267634930170539681262746078019758758430791814385254935846263793295123589598612237369087997635678300552979049888363905035295792412402707437282785518804602905550446005002161981, 2310294780209388296352648048307295469132270858804608052286207445847986313707903807439973645443839334985676191157854217966383867762008749363474721570159703859178928778414770534830160008662288956652940930624479434241035126543994685, 36964716483350212741642368772916727506116333740873728836611707638522592327358193392030246411510791798343596799466765240922040653525252810760204728027364231643428754056375584429708654164953950552274903797023833788636581511633817405, 591435463733603403866277900366667640097861339853979661386046430255999967701984954056409287259447568282079770718997144088450429794506584376840449542517714704685198610055927192518146072921990207748540109146071969272504324253275115325, 9462967419737654461860446405866682241565781437663674582178815748413107406945790143173951353553360288581934106924185980108863468150676212615345785556288192218957131707486193092520021199488025060428481133359072498944623916700805615421, 151407478715802471389767142493866915865052503002618793314877634889146581900844889316954443716071358185860207914148830970587365648854388491926646118802111774882750721233950014895373959715969102281834499572055437068465804991694550323005, 2422519659452839542236274279901870653840840048041900693038174821542640217531216205280640875930882479522157424253276145405347441356958777349050945527619644568469444380422327887317011423762623805608129273113199497051519744889842019061565, 38760314551245432675780388478429930461453440768670411088611858451212602737441043094165212226684045660741671569067577155753896548344608964440914786366496564759514332529653308372486272765243751614607055129479594434826961481018206154116925, 620165032819926922812486215654878887383255052298726577417798225671644517854589359984043061321264138478963967353202505247252007701903731786024645032901784658669214138887473595298643483922832483396617812321305503217191193762715562646163261, 9922640525118830764999779450478062198132080836779625238684839534364255278117691123563886306694781478920201255636210250481721278798874975976639232885295997955663140924983151471234616175479690542455764508011765404375536568979122275000504125, 158762248401901292239996471207648995170113293388474003818957975938771628389437148887575759511552945768777442314059125341849741113894503197070126404037934420373535317043916649734392511922698695695699996339019915602905689618823590389522616125, 2540195974430420675839943539322383922721812694215584061103331962131894405747427109485640781020338669148872854815984096150480212681472805573640969403601573973629082949143826743799354629800957101390781303303169333249261186706197771724038328125]
Predicted:    
[1, 45, 1085, 20925, 366141, 6120765, 100080445, 1618667325, -64746692992, 2913601184649, -145680059232440, 8012403257784211, -480744195467052648, 31248372705358422133, -2187386089375089549296, 164053956703131716197215, -13124316536250537295777184, 1115566905581295670141060657, -100401021502316610312695459112, 9538097042720077979706068615659, -953809704272007797970606861565880, 100150018948560818786913720464417421, -11016502084341690066560509251085916288, 1266897739699294357654458563874880373143, -152027728763915322918535027664985644777136, 19003466095489415364816878458123205597142025, -2470450592413623997426194199556016727628463224, 333510829975839239652536216940062258229842535267, -46691516196617493551355070371608716152177954937352, 6770269848509536564946485203883263842065803465916069, -1015540477276430484741972780582489576309870519887410320, 157408773977846725135005780990285884328029930582548599631, -25185403836455476021600924958445741492484788893207775940928, 4155591633015153543564152618143547346259990167379283030253153, -706450577612576102405905945084403048864198328454478115143035976, 123628851082200817921033540389770533551234707479533670150031295835, -22253193194796147225786037270158696039222247346316060627005633250264, 4116840741037287236770416894979358767256115759068471215996042151298877, -782199740797084574986379210046078165778661994223009531039248008746786592, 152528949455431492122343945958985242326839088873486858552653361705623385479, -30505789891086298424468789191797048465367817774697371710530672341124677095760, 6253686927672691177016101784318394935400402643812961200658787829930558804630841, -1313274254811265147173381374706862936434084555200721852138345444285417348972476568, 282353964784422006642276995561975531333328179368155198209744270521364730029082462163, -62117872252572841461300939023634616893332199460994143606143739514700240606398141675816, 13976521256828889328792711280317788800999744878723682311382341390807554136439581877058645, -3214599889070644545622323594473091424229941322106446931617938519885737451381103831723488304, 755430973931601468221246044701176484694036210695015028930215552173148301074559400455019751487, -181303433743584352373099050728282356326568690566803606943251732521555592257894256109204740356832, 44419341267178166331409267428429177300009329188866883701096674467781120103184092746755161387423889, -11104835316794541582852316857107294325002332297216720925274168616945280025796023186688790346855972200, 2831733005782608103627340798562360052875594735790263835944912997321046406577985912605641538448272911051, -736250581503478106943108607626213613747654631305468597345677379303472065710276337277466799996550956873208, 195106404098421698339923781020946607643128477295949178296604505515420097413223229378528701999086003571400173, -52678729106573858551779420875655584063644688869906278140083216489163426301570271932202749539753220964278046656, 14486650504307811101739340740805285617502289439224226488522884534519942232931824781355756123432135765176462830455, -4056262141206187108487015407425479972900641042982783416786407669665583825220910938779611714560998014249409592527344, 1156034710243763325918799391116261792276682697250093273784126185854691390187959617552189338649884434061081733870293097, -335250065970691364516451823423715919760237982202527049397396593897860503154508289090134908208466485877713702822384998072, 98898769461353952532353287909996196329270204749745479572231995199868848430579945281589797921497613333925542332603574431299, -29669630838406185759705986372998858898781061424923643871669598559960654529173983584476939376449284000177662699781072329389640, 9049237405713886656710325843764651964128223734601711380859227560787999631398064993265466509817031620054187123433227060463840261, -2805263595771304863580201011567042108879749357726530528066360543844279885733400147912294618043279802216798008264300388743790480848, 883658032667961032027763318643618264297121047683857116340903571310948164006021046592372804683633137698291372603254622454294001467183, -282770570453747530248884261965957844575078735258834277229089142819503412481926734909559297498762604063453239233041479185374080469498496, 91900435397467947330887385138936299486900588959121140099453971416338609056626188845606771687097846320622302750738480735246576152587011265, -30327143681164422619192837095848978830677194356509976232819810567391740988686642319050234656742289285805359907743698642631370130353713717384, 10159593133190081577429600427109407908276860109430842037994636540076233231210025176881828610008666910744795569094139045281508993668494095323707, -3454261665284627736326064145217198688814132437206486292918176423625919298611408560139821727402946749653230493492007275395713057847287992410060312, 1191720274523196569032492130099933547640875690836237771056770866150942158020935953248238495954016628630364520254742510011521004957314357381470807709, -417102096083118799161372245534976741674306491792683219869869803152829755307327583636883473583905820020627582089159878504032351735060025083514782698080, 148071244109507173702287147164916743294378804586402543053803780119254563134101292191093633122286566107322791641651756868931484865946308904647747857818471, -53305647879422582532823372979370027585976369651104915499369360842931642728276465188793707924023163798636204990994632472815334551740671205673189228814649488, 19456561475989242624480531137470060068881374922653294157269816707670049595820909793909703392268454786502214821713040852577597111385344990070714068517347063193, -7198927746116019771057796520863922225486108721381718838189832181837918350453736623746590255139328271005819484033825115453710931212577646326164205351418413381336, 2699597904793507414146673695323970834557290770518144564321187068189219381420151233904971345677248101627182306512684418295141599204716617372311577006781905018001075, -1025847203821532817375736004223108917131770492796894934442051085911903364939657468883889111357354278618329276474820078952153807697792314601478399262577123906840408424, 394951173471290134689658361625896933095731639726804549760189668076082795501768125520297307872581397268056771442805730396579215963650041121569183716092192704133557243317, -154030957653803152528966761034099803907335339493453774406473970549672290245689568952915950070306744934542140862694234854665894225823516037411981649275955154612087324893552, 60842228273252245248941870608469422543397459099914240890557218367120554647047379736401800277771164249144145640764222767593028219200288834777732751464002286071774493332953119, -24336891309300898099576748243387769017358983639965696356222887346848221858818951894560720111108465699657658256305689107037211287680115533911093100585600914428709797333181247520, 9856440980266863730328583038572046452030388374186107024270269375473529852821675517297091644998928608361351593803804088350070571510446791233992705737168370343627467919938405245681, -4041140801909414129434719045814539045332459233416303879950810443944147239656886962091807574449560729428154153459559676223528934319283184405937009352239031840887261847174746150729128, 1677073432792406863715408404013033703812970581867766110179586334236821104457608089268100143396567702712683973685717265632764507742502521528463858881179198213968213666577519652552588203, -704370841772810882760471529685474155601447644384461766275426260379464863872195397492602060226558435139327268948001251565761093251851059041954820730095263249866649739962558254072087045176, 299357607753444625173200400116326516130615248863396250667056160661272567145683043934355875596287334934214089302900531915448464632036700092830798810290486881193326139484087257980636994199885, -128723771333981188824476172050020401936164557011260387786834149084347203872643708891773026506403554021712058400247228723642839791775781039917243488424909358913130239978157520931673907505950464, 55994840530281817138647134841758874842231582299898268687272854851691033684600013367921266530285545999444745404107544494784635309422464752364000917464835571127211654390498521605278149765088451927, -24637729833323999541004739330373904930581896211955238222400056134744054821224005881885357273325640239755687977807319577705239536145884491040160403684527651295973127931819349506322385896638918847792, 10963789775829179795747109002016387694108943814320081008968024979961104395444682617438983986629909906691281150124257212078831593584918598512871379639614804826708041929659610530313461724004318887267529, -4933705399123130908086199050907374462349024716444036454035611240982496977950107177847542793983459458011076517555915745435474217113213369330792120837826662172018618868346824738641057775801943499270387960, 2244835956601024563179220568162855380368806245982036586586203114647036124967298765920631971262474053395039815487941664173140768786512083045510414981211131288268471585097805256081681287989884292168026521891, -1032624540036471299062441461354913474969650873151736829829653432737636617484957432323490706780738064561718315124453165519644753641795558200934790891357120392603496929144990417797573392475346774397292200069768, 480170411116959154064035279530034765860887656015557625870788846223001027130505206030423178653043200021199016532870721966634810443434934563434677764481060982560626072052420544275871627501036250094740873032442213, -225680093224970802410096581379116339954617198327312084159270757724810482751337446834298893966930304009963537770449239324318360908414419244814298549306098661803494253864637655809659664925487037544528210325247840016, 107198044281861131144795876155080261478443169205473239975653609919284979306885287246291974634291894404732680440963388679051221431496849141286791810920396864356659770585702886509588340839606342833650899904492724007695, -51455061255293342949502020554438525509652721218627155188313732761256790067304937878220147824460109314271686611662426565944586287118487587817660069241790494891196689881137385524602403603011044560152431954156507523693504, 24955704708817271330508479968902684872181569791034170266332160389209543182642894870936771694863153017421768006656276884483124349252466480091565133582268390022230394592351631979432165747460356611673929497765906148991349537, -12228295307320462951949155184762315587368969197606743430502758590712676159495018486759018130482944978536666323261575673396730931133708575244866915455311511110892893350252299669921761216255574739720225453905294013005761273032, 6053006177123629161214831816457346215747639752815337998098865502402774698950034150945713974589057764375649830014479958331381810911185744746209123150379197999891982208374888336611271802046509496161511599683120536437851830150939, -3026503088561814580607415908228673107873819876407668999049432751201387349475017075472856987294528882187824915007239979165690905455592872373104561575189598999945991104187444168305635901023254748080755799841560268218925915075469400, 1528384059723716363206745033655479919476279037585872844519963539356700611484883623113792778583737085504851582078656189478673907255074400548417803595470747494972725507614659304994346130016743647780781678919987935450557587113112047101, -779475870459095345235439967164294758932902309168795150705181405071917311857290647788034317077705913607474306860114656634123692700087944279693079833690081222436090008883476245547116526308539260368198656249193847079784369427687144021408, 401430073286434102796251583089611800850444689221929502613168423612037415606504683610837673295018545507849268032959048166573701740545291304041936114350391829554586354574990266456765011048897719089622307968334831246088950255258879171025223, -208743638108945733454050823206598136442231238395403341358847580278259456115382435477635590113409643664081619377138705046618324905083551478101806779462203751368384904378994938557517805745426813926603600143534112247966254132734617168933115856, 109590410007196510063376682183464021632171400157586754213394979646086214460575778625758684809540062923642850172997820149474620575168864526003448559217656969468402074798972342742696848016349077311466890075355408930182283419685674013689885824505, -58082917303814150333589641557235931465050842083520979733099339212425693664105162671652102949056233349530710591688844679221548904839498198781827736385358193818253099643455341653629329448665010975077451739938366732996610212433407227255639486987544, 31074360757540570428470458233121223333802200514683724157208146478647746110296262029333875077745084841998930166553531903383528664089131536348277838966166633692765408309248607784691691255035780871666436680867026202153186463651872866581767125538336147, -16780154809071908031374047445885460600253188277929211044892399098469782899559981495840292541982345814679422289938907227827105478608131029628070033041729982194093320486994248203733513277719321670699875807668194149162720690372011347954154247790701519272, 9145184370944189877098855858007576027137987611471420019466357508666031680260189915232959435380378469000285148016704439165772485841431411147298168007742840295780859665411865271034764736357030310531432315179165811293682776252746184635014065045932328003349, -5029851404019304432404370721904166814925893186309281010706496629766317424143104453378127689459208157950156831409187441541174867212787276131013992404258562162679472815976525899069120604996366670792287773348541196211525526939010401549257735775262780401841840, 2791567529230713959984425750656812582283870718401650960942105629520306170399422971624860867649860527662337041432099030055352051303096938252712765784363502000287107412866971873983361935772983502289719714208440363897396667451150772859838043355270843123022221311, -1563277816369199817591278420367815046078967602304924538127579152531371455423676864109922085883921895490908743201975456830997148729734285421519148839243561120160780151205504249430682684032870761282243039956726603782542133772644432801509304278951672148892443934048, 883251966248597896939072307507815501034616695302282364042082221180224872314377428222105978524415870952363439909116133109513389032299871263158319094172612032890840785431109900928335716478571980124467317575550531137136305581544104532852756917607694764124230822737233, -503453620761700801255271215279454835589731516322300947503986866072728177219195134086600407758917046442847160748196195872422631748410926620000241883678388858747779247695732643529151358392786028670946371018063802748167694181480139583726071443036386015550811568960222696, 289485831937977960721780948785686530464095621885323044814792447991818701901037202099795234461377301704637117430212812626643013255336282806500139083115073593779973067425046270029262031075851966485794163335386686580196424154351080260642491079745921958941716652152128050315, -167901782524027217218632950295698187669175460693487365992579619835254847102601577217881235987598834988689528109523431323452947688095044027770080668206742684392384379106526836616971978023994140561760614734524278216513926009523626551172644826252634736186195658248234269182584, 98222542776555922072900275922983439786467644505690109105659077603624085555021922672460523052745318468383373944071207324219974397535600756245497190900944470369544861777318199420928607144036572228629959619696702756660646715571321532435997223357791320668924460075217047471811757, -57951300238167994023011162794560229474015910258357164372338855786138210477462934376751708601119737896346190627002012321289784894546004446184843342631557237518031468448617737658347878214981577614891676175621054626429781562187079704137238361781096879194665431444378058008368936512, 34481023641709956443691641862763336537039466603722512801541619192752235234090445954167266617666244048325983423066197331167422012254872645479981788865776556323228723726927553906716987537914038680860547324494527502725720029501312423961656825259752643120825931709404944514979517224759, -20688614185025973866214985117658001922223679962233507680924971515651341140454267572500359970599746428995590053839718398700453207352923587287989073319465933793937234236156532344030192522748423208516328394696716501635432017700787454376994095155851585872495559025642966708987710334855280, 12516611581940714189060065996183091162945326377151272146959607766969061389974831881362717782212846589542331982573029631213774190448518770309233389358276889945332026712874702068138266476262796041152378678791513483489436370708976409898081427569290209452859813210513994858937564752587444521, -7635133064983835655326640257671685609396649090062276009645360737851127447884647447631257847149836419620822509369548075040402256173596449888632367508548902866652536294853568261564342550520305585102950994062823224928556186132475610037829670817267027766244486058413536863951914499078341157688, 4695606834965058928025883758468086649778939190388299745931896853778443380449058180293223575997149398066805843262272066149847387546761816681508906017757575262991309821334944480862070668569987934838314861348636283331062054471472500173265247552619222076240358925924325171330427416933179811978243, -2911276237678336535376047930250213722862942298040745842477776049342634895878416071781798617118232626801419622822608681012905380278992326342535521731009696663054612089227665578134483814513392519599755214036154495665258473772312950107424453482623917687269022534073081606224864998498571483426510536, 1819547648548960334610029956406383576789338936275466151548610030839146809924010044863624135698895391750887264264130425633065862674370203964084701081881060414409132555767290986334052384070870324749847008772596559790786546107695593817140283426639948554543139083795676003890540624061607177141569085125, -1146315018585845010804318872536021653377283529853543675475624319428662490252126328264083205490304096803058976486402168148831493484853228497373361681585068061077753510133393321390453001964648304592403615526735832668195524047848224104798378558783167589362177622791275882451040593158812521599188523628624, 727910036802011581860742484060373749894575041457000233927021442837200681310100218447692835486343101469942450068865376774507998362881800095832084667806518218784373478934704759082937656247551673416176295859477253744304157770383622306546970384827311419244982790472460185356410776655845951215484712504176367, -465862423553287412390875189798639199932528026532480149713293723415808436038464139806523414711259584940763168044073841135685118952244352061332534187396171660021999026518211045813080099998433070986352829350065442396354660973045518276190061046289479308316788985902374518628102897059741408777910216002672874752, 300481263191870380992114497420122283956480577113449696565074451603196441244809370175207602488762432286792243388427627532516901724197607079559484550870530720714189372104246124549436664498989330786197574930792210345648756327614359288142589374856714153864328895907031564515126368603533208661752089321724004215169, -195312821074715747644874423323079484571712375123742302767298393542077686809126090613884941617695580986414958202477957896135986120728444601713664958065844968464223091867759980957133831924343065011028423705014936724671691612949333537292683093656864200011813782339570516934832139592296585630138858059120602739859720, 127929897803938814707392747276617062394471605706051208312580447770060884859977589352094636759590605546101797622623062421969070909077131214122450547533128454344066125173382787526922659910444707582223617526784783554659958006481813466926707426345246051007738027432418688592315051432954263587740952028723994794608116731, -84433732550599617706879213202567261180351259765993797486303095528240184007585208972382460261329799660427186430931221198499586799990906601320817361371864779867083642614432639767768955540893507004267587567677957146075572284277996888171626901387862393665107098105396334470927933945749813967909028338957836564441357042328, 56148432146148745775074676779707228684933587744385875328391558526279722365044163966634336073784316774184078976569262097002225221993952889878343545312290078611610622338597705445566355434694182157837945732505841502140255569044867930634131889422928491787296220240088562423167076073923626288659503845406961315353502433148253, -37619449537919659669300033442403843218905503788738536470022344212607413984579589857645005169435492238703332914301405604991490898735948436218490175359234352669779116966860462648529458141245102045751423640778913806433971231260061513524868365913362089497488467560859336823521940969528829613401867576422664081286846630209329376, 25393128438095770276777522573622594172761215057398512117265082343510004439591223153910378489368957261124749717153448783369256356646765194447480868367483188052100903952630812287757384245340443880882210957525766819342930581100541521629286146991519410410804715603580052355877310154431959989046260614085298254868621475391297328935, -17267327337905123788208715350063364037477626239030988239740255993586803018922031744659057372770890937564829807664345172691094322519800332224286990489888567875428614687788952355675021286831501838999903451117521437153192795148368234707914579954233199079347206610434435601996570905013732792551457217578002813310662603266082183675664, 11828119226465009794922970014793404365672173973736226944222075355606960067961591745091454300348060292231908418250076443293399610926063227573636588485573668994668601061135432363637389581479578759714933864015502184449937064676632240774921487268649741369352836528147588387367651069934406962897748194040931927117803883237266295817829977, -8161402266260856758496849310207449012313800041877996591513231995368802446893498304113103467240161601640016808592552745872445731538983627025809246055045831606321334732183448330909798811220909344203304366170696507270456574626876246134695826215368321544853457204421835987283679238254740804399446253888243029711284679433713744114302683992, 5672174575051295447155310270594177063558091029105207631101696236781317700590981321358606909731912313139811681971824158381349783419593620782937426008256852966393327638867496589982310173798531994221296534488634072552967319365678991063613599219680983473673152757073176011162157070587044859057615146452328905649342852206431052159440365374579, -3970522202535906813008717189415923944490663720373645341771187365746922390413686924951024836812338619197868177380276910866944848393715534548056198205779797076475329347207247612987617121658972395954907574142043850787077123555975293744529519453776688431571206929951223207813509949410931401340330602516630233954539996544501736511608255762205160, 2799218152787814303171145618538226380865917922863419965948687092851580285241649282090472509952698726534497065053095222161196118117569451856379619735074756938915107189781109567156270070769575539148209839770140914804889372106962582089893311214912565344257700885615612361508524514334706637944933074774224314937950697563873724240683820312354637941, -1987444888479348155251513389162140730414801725233028175823567835924622002521570990284235482066416095839492916187697607734449243863474310818029530011903077426629726104744587792680951750246398632795228986236800049511471454195943433283824250962587921394422967628787084776671052405177641712940902483089699263605944995270350344210885512421771792937968, 1421023095262733931004832073250930622246583233541615145713851002686104731802923258053228369677487508525237435074203789530131209362384132234891113958510700360040254164892380271766880501426175022448588725159312035400702089750099554797934339438250363797012421854582765615319802469702013824752745275409134973478250671618300496110783141381566831950647263, -1023136628589168430323479092740670048017539928149962904913972721933995406898104745798324426167791006138170953253426728461694470740916575209121602050127704259228982998722513795672153961026846016162983882114704665488505504620071679454512724395540261933848943735299591243030257778185449953821976598294577180904340483565176357199763861794728119004466029216, 741774055727147111984522342236985784812716447908723106062630223402146670001125940703785208971648479450173941108734378134728491287164517026613161486342585587941012674073822501862311621744463361718163314533160882479166490849551967604521725186766689902040484208092203651196936889184451216520933033763568456155646850584752858969828799801177886278237871181745, -541495060680817391748701309832999622913283006973367867425720063083567069100821936713763202549303389998626977009376096038351798639630097429427607885030087479196939252073890426359487483873458254054259219609207444209791538320172936351300859386339683628489553471907308665373763929104649388060281114647404972993622200926869587047975023854859856983113645962673704, 397998869600400782935295462727254722841263010125425382557904246366421795789104123484615953873737991648990828101891430588188572000128121610629291795497114297209750350274309463374223300646991816729880526412767471494196780665327108218206131648959667466939821801851871869049716487891917300224306619265842655150312317681249146480261642533321994882588529782565172587, -294519163504296579372118642418168494902534627492814783092849142311152128883937051378615805866566113820253212795399658635259543280094809991865675928667864579935215259202989002896925242478773944380111589545447928905705617692342060081472537420230153925535468133370385183096790201040018802165986898256723564811231115084124368395393615474658276213115512039098227714232, 219416776810700951632228388601535528702388297482147013404172611021808336018533103277068775370591754796088643532572745683268359743670633443939928566857559112051735368106226807158209305646686588563183134211358707034750685180794834760697040378071464674523923759360936961407108699774814007613660239201259055784367180737672654454568243528620415778771056469128179647102989, -164562582608025713724171291451151646526791223111610260053129458266356252013899827457801581527943816097066482649429559262451269807752975082954946425143169334038801526079670105368656979235014941422387350658519030276063013885596126070522780283553598505892942819520702721055331524831110505710245179400944291838275385553254490840926182646465311834078292351846134735327241600, 124244749869059413861749325045619493127727373449265746340112740991098970270494369730640194053597581153285194400319317243150708704853496187630984550983092847199295152190150929553336019322436280773902449747181867858427575483625075183244699114082966871949171828738130554396775301247488431811235110447712940337897916092707140584899267898081310434729110725643831725172067408151, -94426009900485154534929487034670814777072803821441967218485683153235217405575720995286547480734161676496747744242681104794538615688657102599548258747150563871464315664514706460535374685051573388165861807858219572404957367555057139265971326703054822681370589840979221341549228948091208176538683940261834656802416230457426844523443602541795930394124151489312111130771230194608, 72235897573871143219221057581523173304460694923403104922141547612224941315265426561394208822761633682520012024345651045167822041001822683488654417941570181361670201483353750442309561634064453641946884283011537972889792386179618711538468064927836939351248501228349104326285160145289774255052093214300303512453848416299931536060434355944473886751504975889323765015039991098875273, -55621641131880780278800214337772843444434735091020390790048991661413204812754378452273540793526457935540409258746151304779222971571403466286263901815009039648486055142182387840578362458229629304299100897918884239125140137358306407884620409994434443300461345945828810331239573311873126176390111775011233704589463280550947282766534454077244892798658831434779299061580793146133960056, 43106771877207604716070166111773953669436919695540802862287968537595233729884643300511994114983004900043817175528267261203897802967837686371854523906632005727576692735191350576448230905127962710831803195887135285321983606452687466110580817745686693557857543108017328006710669316701672786702336625633706121056834042426984144144064201909864791918960594361953956772725114688253819043555, -33623282064221931678534729567183683862160797362521826232584615459324282309310021774399355409686743822034177396912048463739040286314913395370046528647172964467509820333449253449629620105999810914448806492791965522551147213033096223566253037841635620975128883624253515845234322067027304773627822567994290774424330553093047632432370077489694537696789263602324086282725589456837978853972744, 26394276420414216367649762710239191831796225929579633592578923135569561612808367092903493996604093900296829256575958044035146624757207015365486524988030777106995208961757663957959251783209851567842313096841692935202650562230980535499508634705683962465476173645039009938508942822616434247297840715875518257923099484178042391459410510829410212091979571927824407731939587723617813400368604197, -20851478372127230930443312541088961547119018484367910538137349277099953674118610003393760257317234181234495112695006854787765833558193542138734354740544313914526215079788554526787808908735782738595427346504937418810093944162474623044611821417490330347726177179580817851422064829866983055365294165541659423759248592500653489252934303555234067552663861822981282108232274301658072586291197315472, 16576925305841148589702433470165724429959619695072488877819192675294463170924294952698039404567201174081423614592530449556273837678763866000293812018732729562048340988431900848796308082444947277183364740471425247954024685609167325320466398026904812626442310857766750191880541539744251529015408861605619241888602631038019523956082771326411083704367770149270119276044658069818167706101501865800399, -13261540244672918871761946776132579543967695756057991102255354140235570536739435962158431523653760939265138891674024359645019070143011092800235049614986183649638672790745520679037046465955957821746691792377140198363219748487333860256373118421523850101153848686213400153504433231795401223212327089284495393510882104830415619164866217061128866963494216119416095420835726455854534164881201492640319040, 10675539896961699691768367154786726532893995083626682837315560082889634282075245949537537376541277556108436807797589609514240351465123929704189214940063877837959131596550144146624822405094546046506086892863597859682391897532303757506380360329326699331428848192401787123571068751595297984685923306874018791776260094388484573427717304734208737905612843976129956813772759796962900002729367201575456827361, -8647187316538976750332377395377248491644136017737613098225603667140603768480949219125405274998434820447833814316047583706534684686750383060393264101451741048746896593205616758766106148126582297669930383219514266342737437001166043580168091866754626458457367035845447570092565688792191367595597878567955221338770676454672504476451016834709077703546403620665265019155935435539949002210787433276120030162248, 7047457662979266051520887577232457520689970854456154675053866988719592071311973613587205299123724378664984558667578780720825768019701562194220510242683168954728720723462577658394376510723164572600993262323904127069331011155950325517836994871405020563642754134214039769625441036365635964590412271032883505391098101310558091148307578720287898328390318950842190990612087379965058436801791758120037824582232283, -5778915283642998162247127813330615166965776100654046833544170930750065498475818363141508345281453990505287338107414600191077129776155280999260818399000198542877550993239313679883388738792994949532814475105601384196851429147879266924626335794552116862187058390055512611092861649819821490964138062246964474420700443074657634741612214550636076629280061539690596612301911651571347918177469241658431016157430471896, 4767605109005473483853880445997757512746765283039588637673941017868804036242550149591744384857199542166862053938617045157638632065328106824390175179175163797873979569422433785903795709504220833364571941962121141962402429047000395212816727030505496411304323171795797904151610861101352730045413901353745691397077865536592548661830077004274763219156050770244742205149077112546362032496412124368205588329880139314365, -3957112240474542991598720770178138735579815184922858569269371044831107350081316624161147839431475619998495504769052147480840064614222328664243845398715385952235403042620620042300150438888503291692594711828560547828794016109010328026637883435319562021382588232590512260445837014714122765937693538123608923859574628395371815389318963913548053471899522139303136030273734003413480486972022063225610638313800515630922784, 3304188720796243397984931843098745844209145679410586905339924822433974637317899381174558445925282142698743746482158543146501453952875644434643610907927347270116561540588217735320625616471900248563316584376848057437043003451023623902242632668491834287854461174213077737472273907286292509557974104333213451422744814710135465850081334867812624649036100986318118585278567892850256206621638422793384882992023430551820524807, -2775518525468844454307342748202946509135682370704893000485536850844538695347035480186629094577236999866944747045013176243061221320415541325100633162658971706897911694094102897669325517836396208793185930876552368247116122898859844077883811441533140801797747386338985299476710082120485708028698247639899299195105644356513791314068321288962604705190324828507219611633997029994215213562176275146443301713299681663529240837712, 2345313154021173563889704622231489800219651603245634585410278638963635197568244980757701584917765264887568311253036133925386732015751132419710035022446831092328735381509516948530580062571754796430242111590686751168813123849536568245811820668095503977519096541456442578057820019391810423284250019255714907819864269481254153660387731489173400975885824480088600571830727490345111855460038952498744589947738231005682208507866809, -1993516180917997529306248928896766330186703862758789397598736843119089917933008233644046347180100475154433064565080713836578722213388462556753529769079806428479425074283089406250993053185991576965705794852083738493491155272106083008940047567881178380891232060237976191349147016483038859791612516367357671646884629059066030611329571765797390829502950808075310486056118366793345077141033109623932901455577496354829877231686787480, 1704456334684887887556842834206735212309631802658764934946920000866821879832722039765659626838985906257040270203144010330274807492447135486024267952563234496349908438512041442344599060474022798305678454598531596411934937757650700972643740670538407515662003411503469643603520699092998225121828701494090809258086357845501456172686783859756769159225022940904390465577981203608310040955583308728462630744518759383379545033092203295571, -1465832447829003583298884837417792282586283350286537844054351200745466816656140954198467279081527879381054632374703848884036334443504536517980870439204381666860921257120355640416355192007659606542883470954737172914264046471579602836473616976663030463469322933892983893499027801219978473604772683284918095961954267747131252308510634119390821476933519729177775800397063835103146635221801645506477862440286133069706408728459294834190888, 1267945067372088099553535384366390324437135097997855235107013788644828796407561925381674196405521615664612257004118829284691429293631424088053452929911790141834696887409107628960147241086625559659594202375847654570838400197916356453549678684813521350900964337817431067876659048055281379668128371041454153007090441601268533246861698513273060577547494565738776067343460217364221839466858423363103351010847505105296043550117290031575118293, -1103112208613716646611575784398759582260307535258134054543101996121001052874578875082056550872803805628212663593583381477681543485459338956606504049023257423396186292045923637195328099745364236903846956066987459476629408172187230114588220455787763575283838973901165029052693371808094800311271682806065113116168684193103623924769677706547562702466320272192735178588810389106873000336166828325899915379437329441607557888602042327470352914736, 965223182537002065785128811348914634477769093350867297725214246605875921265256515696799482013703329924686080644385458792971350549776921587030691042895350245471663005540183182545912087277193707290866086558614027042050732150663826350264692898814293128373359102163519400421106700332082950272362722455306973976647598668965670934173467993229117364658030238168643281265209090468513875294145974785162425957007663261406613152526787036536558800394175, -849396400632561817890913353987044878340436802148763221998188537013170810713425733813183544172058930333723750967059203737814788483803690996587008117747908216015063444875361200640402636803930462415962156171580343797004644292584167188232929750956577952968556009903897072370573896292232996239679195760670137099449886828689790422072651834041623280899066609588406087513383999612292210258848457810942934842166743670037819574223572592152171744346873824, 751715814559817208833458318278534717331286569901655451468396855256656167481381774424667436592272153345345519605847395307966087808166266531979502184206898771173331148714694662566756333571478459238126508211848604260349110198936987961586142829596571488377172068764948909047957898218626201672116088248193071333013149843390464523534296873126836603595673949485739387449344839656878606079080885162684497335317568147983470323187861744054671993746983334417, -669027074958237315861777903267895898424845047212473351806873201178423989058429779237954018567122216477357512449204181824089818149267977213461756943944139906344264722356078249684413136878615828721932592308545257791710708077053919285811667118340948624655683141200804529052682529414577319488183318540891833486381703360617513425945524217082884577200149815042308054829916907294621959410381987794789202628432635651705288587637196952208658074434815167630952, 598779232087622397696291223424766829090236317255163649867151515054689470207294652417968846617574383747234973642037742732560387243594839606048272464830005216178116926508690033467549757506361166706129670116148005723581083728963257760801442070915149019066836411374720053502150863826046700941924070094098190970311624507752674516221244174289181696594134084462865709072775632028686653672291879076336336352447208908276233285935291272226748976619159575029702219, -538901308878860157926662101082290146181212685529647284880436363549220523186565187176171961955816945372511476277833968459304348519235355645443445218347004694560305233857821030120794781755725050035516703104533205151222975356066931984721297863823634117160152770237248048151935777443442030847731663084688371873280462056977407064599119756860263526934720676016579138165498068825817988305062691168702702717202488017448609957341762145004074078957243617526731996920, 487705684535368442923629201479472582293997480404330792816794909012044573483841494394435625570014335562122886031439741455670435409907996859126317922604039248577076236641328032259319277488931170282142616309602550661856792697240573446172774566760388876029938257064709483577501878586315037917197155091642976545318818161564553393462203379958538491875922211795004120039775752287365279416081735507675945959068251655790992011394294741228687041456305473861692457212781, -443812172927185283060502573346320049887537707167941021463283367200960561870295759898936419268713045361531826288610164724660096223016277141804949309569675716205139375343608509355980542514927364956749780841738321102289681354488921836017224855751953877187243813928885630055526709513546684504649411133395108656240124527023743588050605075762270027607089212733453749236195934581502404268634379311985110822752109006769802730368808214518105207725237981214140136063630528, 406088138228374534000359854611882845647097002058666034638904280988878914111320620307526823630872436505801621054078300723063988044059893584751528618256253280327702528439401786060722196401158538935426049470190563808595058439357363479955760743013037797626328089744930351500806939204895216321754211187056524420459713942226725383066303644322477075260486629651110180551119280142074699905800457070466376402818179741194369498287459516284066265068592752810938224498221933303, -373601087170104571280331066242932217995329241893972751867791938509768600982414970682924677740402641585337491369752036665218869000535102097971406328795753017901486326164249643175864420689065855820591965512575318703907453764208774401559299883571994773816221842565335923380742384068503599016013874292092002466822936826848587352420999352776678909239647699279021366107029737730708723913336420504829066290592725361898819938424462754981340963863105332586063166538364178638576, 345581005632346728434306236274712301645679548751924795477707543121535955908733847881705326909872443466437179517020633915327453825494969440623550854136071541558874851701930919937674589137385916634047568099132169801114394731893116321442352392304095165780005204372935729127186705263365829089812833720185102281811216564834943300989424401318427991046674121833094763649002507400905569619836188966966886318798270959756408443042628048357740391573372432642108429047986865240682985, -321390335238082457443904799735482440530481980339290059794268015103028438995122478529985954026181372423786576950829189541254532057710321579779902294346546533649753612082795755542037367897768902469664238332192917915036387100660598178941387724842808504175404840066830228088283635894930221053525935359772145122084431405296497269920164693226138031673406933304778130193572331882842179746447655739279204276482391992573459852029644084972698564163236362357160839014627784673835175864, 300499963447607097710050987752676081896000651617236205907640594121331590460439517425536867014479583216240449449025292221072987473959150677094208645214021008962519627297414031431804938984413923809136062840600378250559021939117659297310197522728025951404003525462486263262545199561759756685046749561386955689148943363952224947375353988166439059614635482639967551730990130310457438062928558116226055998511036513056184961647717219449473157492625998803945384478676978670035889433027, -282469965640750671847447928487515516982240612520202033553182158474051695032813146380004654993610808223266022482083774687808608225521601636468556126501179748424768449659569189545896642645349088380587899070164355555525480622770599739471585671364344394319763313934737087466792487588054171283943944587703738347800006762115091450532832748876452716037757353681569498627130722491829991779152844629252492638600374322272813863948854186282504768043068438875708661409956359949833736067045192, 266934117530509384895838292420702163548217378831590921707757139757978851806008423329104398968962213770986391245569167079979134773117913546462785539543614862261406184928292884120872327299854888519655564621305315999971579188518216753800648459439305452632176331668326547656118900770711191863327027635380032738671006390198761420753526947688247816655680699229083176202638532754779342231299438174643605543477353734547809101431667206036967005800699674737544685032408760152592880583357706629, -253587411653983915651046377799667055370806509890011375622369282770079909215708002162649179020514103082437071683290708725980178034462017869139646262566434119148335875681878239914828710934862144093672786390240050199973000229092305916110616036467340180000567515084910220273312955732175632270160676253611031101737456070688823349715850600303835425822896664267629017392506606117040375119734466265911425266303486047820418646360083845735118655510664691000667450780788322144963236554189821297360, 242175978129554639446749290798682037879120216944960863719362665045426313301001142065329965964590968443727403457542626833311070022911227065028362180750944583786660761276193719118661418942793347609457511002679247940974215218783152149885638314826309871900541976906089260361013872724227728818003445822198534702159270547507826298978637323290162831660866314375585711609843808841773558239346415283945411129319829175668499807273880072677038316012684779905637415495652847648439890909251279338978991, -232488939004372453868879319166734756363955408267162429170588158443609260768961096382716767326007329705978307319240921759978627221994777982427227693520906800435194330825145970353914962185081613705079210562572078023335246610031826063890212782233257477024520297829845689946573317815258619665283307989310593314072899725607513247019491830358556318394431661800562283145450056488102615909772558672587594684147036008641759814982924869769956783372177388709411918875826733742502295272881228165419831168, 224351826139219417983468542995899039891216968977811744149617572898082936642047458009321680469597073166269066563067489498379375269224960753042274724247675062419962529246265861391527938508603757225401438192882055292518512978680712151654055334855093465328662087405801090798443251691724567976998392209684722548080348235211250283373809616296006847250626553637542603235359304511019024352930519119047028870201889748339298221458522499328008295954151180104582501715172798061514714938330385179630137077313, -217621271355042835443964486706022068694480459908477391825129045711140448542786034269042030055509160971280994566175464813427994011148211930451006482520244810547363653368877885549782100353345644508639395047095593633742957589320290787104433674809440661368802224783627058074489954140972830937688440443394180871637937788154912774872595327807126641833107757028416325138298525375688453622342603545475618004095833055889119274814766824348168047075526644701445026663717614119669273490180473624241232964993416, 212180739571166764557865374538371516977118448410765457029500819568361937329216383412315979304121431946998969702021078193092294160869506632189731320457238690283679562034655938411037547844512003395923410170918203792899383649587283517426822832939204644834582169164036381622627705287448510164246229432309326349846989343451039955500780444611948475787280063102705917009841062241296242281784038456838727553993437229491891292944397653739463845898638478583908900997124673766677541652925961783635202140868580795, -207937124779743429266708067047604086637576079442550147888910803176994698582632055744069659718039003308058990307980656629230448277652116499545936694048093916478005970793962819642816796887621763328004941967499839717041395976595537847078286376280420551937890525780755653990175151181699539960961304843663139822850049556582019156390764835719709506271534461840651798669644240996470317436148357687701953002913568484902053467085509700664674568980665709012230722977182180291343990819867442547962498098051209178904, 204818067908047277827707446041890025338012438250911895670577141129339778103892574907908614822268418258438105453360946779791991553487334752052747643637372507730835881232053377348174544934307436878084867837987342121285775036946604779372112080636214243658822167894044319180322523913974046861546885271008192725507298813233288869044903363183913863677461444913042021689599577381523262674606132322386423707869864957628522665079227055154704450445955723377047262132524447586973830957569430909743060626580441041220637, -202769887228966805049430371581471125084632313868402776713871369718046380322853649158829528674045734075853724398827337311994071637952461404532220167200998782653527522419732843574692799484964362509304019159607468700072917286577138731578390959829852101222233946215103875988519298674834306392931416418298110798252225825100955980354454329552074725040686830463911601472703581607708030047860070999162559470791166308052237438428434784603157405941496166143276789511199203111104092647993736600645630020314636630808430432, 201756037792821971024183219723563769459209152299060762830302012869456148421239380913035381030675505405474455776833200625434101279762699097509559066364993788740259884807634179356819335487539540696757499063809431356572552700144253037920499005030702840716122776484028356608576702181460134860966759336206620244260964695975451200452682057904314351415483396311592043465340063699669489897620770644166746673437210476511976251236292610680141618911788685312560405563643207095548572184753767917642401870213063447654388280039]
len(predicted_full) = 200, len(input_sequence + seq_pred) = 200
is_manual_check: False
