test results being evaluated: data/test_linrec15.tsv
csv file used: ../linear_database_newbl.csv
The sequence ID inspected: A178872
csv results file used: ../linear_database_newbl.csv
Results we are looking at now:
('Could you give me a recursive equation in a form of a Python code for the following number sequence: 0,1,3,12,49,195,780,3121,12483,49932,199729,798915,3195660,12782641,51130563', 'Certainly, the Python code is the following: lambda a_n: sign( ( 6 + -3 - -7 ) * 3 * a_n[-3] ) // 9 + 5 * a_n[-1] + 8')

Experiment type: Evaluation of the results of llms.
Ground truth: 
[0, 1, 3, 12, 49, 195, 780, 3121, 12483, 49932, 199729, 798915, 3195660, 12782641, 51130563, 204522252, 818089009, 3272356035, 13089424140, 52357696561, 209430786243, 837723144972, 3350892579889, 13403570319555, 53614281278220, 214457125112881, 857828500451523, 3431314001806092, 13725256007224369, 54901024028897475, 219604096115589900, 878416384462359601, 3513665537849438403, 14054662151397753612, 56218648605591014449, 224874594422364057795, 899498377689456231180, 3597993510757824924721, 14391974043031299698883, 57567896172125198795532, 230271584688500795182129, 921086338754003180728515, 3684345355016012722914060, 14737381420064050891656241, 58949525680256203566624963, 235798102721024814266499852, 943192410884099257065999409, 3772769643536397028263997635, 15091078574145588113055990540, 60364314296582352452223962161, 241457257186329409808895848643, 965829028745317639235583394572, 3863316114981270556942333578289, 15453264459925082227769334313155, 61813057839700328911077337252620, 247252231358801315644309349010481, 989008925435205262577237396041923, 3956035701740821050308949584167692, 15824142806963284201235798336670769, 63296571227853136804943193346683075, 253186284911412547219772773386732300, 1012745139645650188879091093546929201, 4050980558582600755516364374187716803, 16203922234330403022065457496750867212, 64815688937321612088261829987003468849, 259262755749286448353047319948013875395, 1037051022997145793412189279792055501580, 4148204091988583173648757119168222006321, 16592816367954332694595028476672888025283, 66371265471817330778380113906691552101132, 265485061887269323113520455626766208404529, 1061940247549077292454081822507064833618115, 4247760990196309169816327290028259334472460, 16991043960785236679265309160113037337889841, 67964175843140946717061236640452149351559363, 271856703372563786868244946561808597406237452, 1087426813490255147472979786247234389624949809, 4349707253961020589891919144988937558499799235, 17398829015844082359567676579955750233999196940, 69595316063376329438270706319823000935996787761, 278381264253505317753082825279292003743987151043, 1113525057014021271012331301117168014975948604172, 4454100228056085084049325204468672059903794416689, 17816400912224340336197300817874688239615177666755, 71265603648897361344789203271498752958460710667020, 285062414595589445379156813085995011833842842668081, 1140249658382357781516627252343980047335371370672323, 4560998633529431126066509009375920189341485482689292, 18243994534117724504266036037503680757365941930757169, 72975978136470898017064144150014723029463767723028675, 291903912545883592068256576600058892117855070892114700, 1167615650183534368273026306400235568471420283568458801, 4670462600734137473092105225600942273885681134273835203, 18681850402936549892368420902403769095542724537095340812, 74727401611746199569473683609615076382170898148381363249, 298909606446984798277894734438460305528683592593525452995, 1195638425787939193111578937753841222114734370374101811980, 4782553703151756772446315751015364888458937481496407247921, 19130214812607027089785263004061459553835749925985628991683, 76520859250428108359141052016245838215342999703942515966732, 306083437001712433436564208064983352861371998815770063866929, 1224333748006849733746256832259933411445487995263080255467715, 4897334992027398934985027329039733645781951981052321021870860, 19589339968109595739940109316158934583127807924209284087483441, 78357359872438382959760437264635738332511231696837136349933763, 313429439489753531839041749058542953330044926787348545399735052, 1253717757959014127356166996234171813320179707149394181598940209, 5014871031836056509424667984936687253280718828597576726395760835, 20059484127344226037698671939746749013122875314390306905583043340, 80237936509376904150794687758986996052491501257561227622332173361, 320951746037507616603178751035947984209966005030244910489328693443, 1283806984150030466412715004143791936839864020120979641957314773772, 5135227936600121865650860016575167747359456080483918567829259095089, 20540911746400487462603440066300670989437824321935674271317036380355, 82163646985601949850413760265202683957751297287742697085268145521420, 328654587942407799401655041060810735831005189150970788341072582085681, 1314618351769631197606620164243242943324020756603883153364290328342723, 5258473407078524790426480656972971773296083026415532613457161313370892, 21033893628314099161705922627891887093184332105662130453828645253483569, 84135574513256396646823690511567548372737328422648521815314581013934275, 336542298053025586587294762046270193490949313690594087261258324055737100, 1346169192212102346349179048185080773963797254762376349045033296222948401, 5384676768848409385396716192740323095855189019049505396180133184891793603, 21538707075393637541586864770961292383420756076198021584720532739567174412, 86154828301574550166347459083845169533683024304792086338882130958268697649, 344619313206298200665389836335380678134732097219168345355528523833074790595, 1378477252825192802661559345341522712538928388876673381422114095332299162380, 5513909011300771210646237381366090850155713555506693525688456381329196649521, 22055636045203084842584949525464363400622854222026774102753825525316786598083, 88222544180812339370339798101857453602491416888107096411015302101267146392332, 352890176723249357481359192407429814409965667552428385644061208405068585569329, 1411560706892997429925436769629719257639862670209713542576244833620274342277315, 5646242827571989719701747078518877030559450680838854170304979334481097369109260, 22584971310287958878806988314075508122237802723355416681219917337924389476437041, 90339885241151835515227953256302032488951210893421666724879669351697557905748163, 361359540964607342060911813025208129955804843573686666899518677406790231622992652, 1445438163858429368243647252100832519823219374294746667598074709627160926491970609, 5781752655433717472974589008403330079292877497178986670392298838508643705967882435, 23127010621734869891898356033613320317171509988715946681569195354034574823871529740, 92508042486939479567593424134453281268686039954863786726276781416138299295486118961, 370032169947757918270373696537813125074744159819455146905107125664553197181944475843, 1480128679791031673081494786151252500298976639277820587620428502658212788727777903372, 5920514719164126692325979144605010001195906557111282350481714010632851154911111613489, 23682058876656506769303916578420040004783626228445129401926856042531404619644446453955, 94728235506626027077215666313680160019134504913780517607707424170125618478577785815820, 378912942026504108308862665254720640076538019655122070430829696680502473914311143263281, 1515651768106016433235450661018882560306152078620488281723318786722009895657244573053123, 6062607072424065732941802644075530241224608314481953126893275146888039582628978292212492, 24250428289696262931767210576302120964898433257927812507573100587552158330515913168849969, 97001713158785051727068842305208483859593733031711250030292402350208633322063652675399875, 388006852635140206908275369220833935438374932126845000121169609400834533288254610701599500, 1552027410540560827633101476883335741753499728507380000484678437603338133153018442806398001, 6208109642162243310532405907533342967013998914029520001938713750413352532612073771225592003, 24832438568648973242129623630133371868055995656118080007754855001653410130448295084902368012, 99329754274595892968518494520533487472223982624472320031019420006613640521793180339609472049, 397319017098383571874073978082133949888895930497889280124077680026454562087172721358437888195, 1589276068393534287496295912328535799555583721991557120496310720105818248348690885433751552780, 6357104273574137149985183649314143198222334887966228481985242880423272993394763541735006211121, 25428417094296548599940734597256572792889339551864913927940971521693091973579054166940024844483, 101713668377186194399762938389026291171557358207459655711763886086772367894316216667760099377932, 406854673508744777599051753556105164686229432829838622847055544347089471577264866671040397511729, 1627418694034979110396207014224420658744917731319354491388222177388357886309059466684161590046915, 6509674776139916441584828056897682634979670925277417965552888709553431545236237866736646360187660, 26038699104559665766339312227590730539918683701109671862211554838213726180944951466946585440750641, 104154796418238663065357248910362922159674734804438687448846219352854904723779805867786341763002563, 416619185672954652261428995641451688638698939217754749795384877411419618895119223471145367052010252, 1666476742691818609045715982565806754554795756871018999181539509645678475580476893884581468208041009, 6665906970767274436182863930263227018219183027484075996726158038582713902321907575538325872832164035, 26663627883069097744731455721052908072876732109936303986904632154330855609287630302153303491328656140, 106654511532276390978925822884211632291506928439745215947618528617323422437150521208613213965314624561, 426618046129105563915703291536846529166027713758980863790474114469293689748602084834452855861258498243, 1706472184516422255662813166147386116664110855035923455161896457877174758994408339337811423445033992972, 6825888738065689022651252664589544466656443420143693820647585831508699035977633357351245693780135971889, 27303554952262756090605010658358177866625773680574775282590343326034796143910533429404982775120543887555, 109214219809051024362420042633432711466503094722299101130361373304139184575642133717619931100482175550220, 436856879236204097449680170533730845866012378889196404521445493216556738302568534870479724401928702200881, 1747427516944816389798720682134923383464049515556785618085781972866226953210274139481918897607714808803523, 6989710067779265559194882728539693533856198062227142472343127891464907812841096557927675590430859235214092, 27958840271117062236779530914158774135424792248908569889372511565859631251364386231710702361723436940856369, 111835361084468248947118123656635096541699168995634279557490046263438525005457544926842809446893747763425475, 447341444337872995788472494626540386166796675982537118229960185053754100021830179707371237787574991053701900, 1789365777351491983153889978506161544667186703930148472919840740215016400087320718829484951150299964214807601, 7157463109405967932615559914024646178668746815720593891679362960860065600349282875317939804601199856859230403, 28629852437623871730462239656098584714674987262882375566717451843440262401397131501271759218404799427436921612, 114519409750495486921848958624394338858699949051529502266869807373761049605588526005087036873619197709747686449, 458077639001981947687395834497577355434799796206118009067479229495044198422354104020348147494476790838990745795, 1832310556007927790749583337990309421739199184824472036269916917980176793689416416081392589977907163355962983180, 7329242224031711162998333351961237686956796739297888145079667671920707174757665664325570359911628653423851932721, 29316968896126844651993333407844950747827186957191552580318670687682828699030662657302281439646514613695407730883, 117267875584507378607973333631379802991308747828766210321274682750731314796122650629209125758586058454781630923532, 469071502338029514431893334525519211965234991315064841285098731002925259184490602516836503034344233819126523694129, 1876286009352118057727573338102076847860939965260259365140394924011701036737962410067346012137376935276506094776515, 7505144037408472230910293352408307391443759861041037460561579696046804146951849640269384048549507741106024379106060, 30020576149633888923641173409633229565775039444164149842246318784187216587807398561077536194198030964424097516424241, 120082304598535555694564693638532918263100157776656599368985275136748866351229594244310144776792123857696390065696963, 480329218394142222778258774554131673052400631106626397475941100546995465404918376977240579107168495430785560262787852, 1921316873576568891113035098216526692209602524426505589903764402187981861619673507908962316428673981723142241051151409, 7685267494306275564452140392866106768838410097706022359615057608751927446478694031635849265714695926892568964204605635, 30741069977225102257808561571464427075353640390824089438460230435007709785914776126543397062858783707570275856818422540, 122964279908900409031234246285857708301414561563296357753840921740030839143659104506173588251435134830281103427273690161]
Predicted:    
[0, 1, 3, 12, 49, 195, 780, 3121, 12483, 49932, 199729, 798915, 3195660, 12782641, 51130563, 255652823, 1278264123, 6391320623, 31956603123, 159783015623, 798915078123, 3994575390623, 19972876953123, 99864384765623, 499321923828123, 2496609619140623, 12483048095703123, 62415240478515623, 312076202392578123, 1560381011962890623, 7801905059814453123, 2116037151653162390, -7866558315443739659, -2439303429799595056, 6250226924711576344, -5642353523861221504, 8681720528112995720, 6515114493145875376, -4317915681689726345, -3142834334739080101, 2732572400014151118, -4783882073638796019, -5472666294484428472, -8916587398712590736, -7689448846143850440, -1553756083300148960, -7768780416500744792, -1950413935084620720, 8694674398286448024, 6579883844013136896, -3994068927353418745, -1523600563057542101, -7618002815287710498, -1196525929019449251, -5982629645097246248, 6980339921932871999, -1991788537754743229, 8487801384935835479, 5545518777260074171, -9165894261118732370, -8935983158174558611, -7786427643453689815, -2038650069849345835, 8253493724462822449, 4373980474895009021, 3423158300765493496, -1330952569882084128, -6654762849410420632, 3619673900367000079, -348374571874551214, -1741872859372756062, -8709364296863780303, -6653333336899798275, 3626821462920111865, -312636759108992284, -1563183795544961412, -7815918977724807053, -2186106741204932025, 7516210367684891499, 687563691005354271, 3437818455026771363, -1257651798575694793, -6288258992878473957, 5452193183026733454, 8814221841424115661, 7177621059701475080, -1005382848911727825, -5026914244558639117, -6687827149083643962, 3454352402000883430, -1174982063705134459, -5874910318525672287, 7518936554790741804, 701194626534605796, 3505973132673028988, -916878410344406668, -4584392051722033332, -4475216184900615037, -3929336850793523562, -1199940180258066187, -5999700901290330928, 6894983640967448599, -2418569942581860229, 6353894360800250479, -5124016343417850829, -7173337643379702521, 1026799930520590635, 5133999652602953182, 7223254189305214302, -777217200893031715, -3886086004465158567, -983685948616241212, -4918429743081206053, -6145404641696478642, 6166464938936710030, -6061163452735553074, 6587670883741337870, -3955133728712413874, -1328924569852517746, -6644622849262588723, 3670373901106159624, -94874568178753489, -474372840893767437, -2371864204468837178, 6587423051365365733, -3956372890592274559, -1335120379251821171, -6675601896259105848, 3515478666123573999, -869350743091681614, -4346753715458408062, -3287024503582488687, 2011621555797108188, -8388636294724010669, -5049693326200950106, -6801722557295198906, 2884875360943108710, -4022367268994008059, -1665092271260488672, -8325461356302443353, -4733818634093113525, -5222349096756016001, -7665001410070528381, -1431518902933538665, -7157594514667693318, 1105515574080636649, 5527577870403183252, 9191145278306364652, 9062238244112720035, 8417703073144496950, 5195027218303381525, 7528392017807356016, 748471941617676855, 3742359708088384283, 265054466732369807, 1325272333661849043, 6626361668309245223, -3761679805872877109, -361654955654833921, -1808274778274169598, -9041373891370847983, -8313381309435136675, -4673418399756580135, -4920347925073349051, -6154995551657193631, 6118510389133135085, -6300936201753427800, 5388807138651964239, 8497291619550269586, 5592969950332244705, -8928638395757879700, -7749703831370295261, -1855031009432373065, 9171589026547686299, 8964456985319328271, 7928796779177538130, 2750495748468587425, -4694265331366614484, -5024582583123520797, -6676168841908052361, 3512643937878841435, -883524384315344434, -4417621921576722162, -3641365534174059187, 239916402839255688, 1199582014196278447, 5997910070981392243, -6903937792512142009, 2373799184858393194, -6577748149417585639, 4004747400331175044, 1576992927946323611, 7884964639731618063, 2531335051238987090, -5790068817514616159, 7943144059846022444, 2822232151811008996, -4335583314654506629, -3231172499562981522, 2290881575894644013]
len(predicted_full) = 200, len(input_sequence + seq_pred) = 200
is_manual_check: False
