test results being evaluated: data/test_linrec15.tsv
csv file used: ../linear_database_newbl.csv
The sequence ID inspected: A180168
csv results file used: ../linear_database_newbl.csv
Results we are looking at now:
('Could you give me a recursive equation in a form of a Python code for the following number sequence: 1,3,11,37,129,443,1531,5277,18209,62803,216651,747317,2577889,8892363,30674171', 'Certainly, the Python code is the following: lambda a_n: 0 - n - 3 - -3 - -7 - -2 - 3 - a_n[-2] * -8 + 6')

Experiment type: Evaluation of the results of llms.
Ground truth: 
[1, 3, 11, 37, 129, 443, 1531, 5277, 18209, 62803, 216651, 747317, 2577889, 8892363, 30674171, 105810157, 364991169, 1259033123, 4343022091, 14981209797, 51677530049, 178261109083, 614909868411, 2121125282237, 7316799906529, 25239226224243, 87062451981131, 300321035083477, 1035954330072609, 3573513835562603, 12326799321488251, 42521167820789517, 146676332249020289, 505958503601988163, 1745298668449077771, 6020389854908096357, 20767273052061581569, 71636495378663644923, 247109356017635197691, 852401188928588619997, 2940349157945353228449, 10142704260533649556883, 34987154310794065256011, 120687829924256378296437, 416311431402483082872929, 1436062012426248057228043, 4953681181864911528820731, 17087672425861063343781677, 58943750761046684331667009, 203325863651398685382242403, 701370481108030792422819851, 2419370280473055011756851717, 8345592966486263985627802689, 28788037335337803030039863963, 99304039503106925988218741371, 342548265682902867126636802557, 1181616728881340364194367311969, 4075974786177195064021918636723, 14060033216761091949015673833291, 48499940364408159218140940850197, 167300046812621778181360250866849, 577099795447284352453425205984683, 1990699824957677595813651666303611, 6866898627151776953894429362530637, 23687296379091941886857117056579329, 81709085893942768543186380925811843, 281854653683345246520658347134520331, 972254736836404335757248598898099877, 3353782742089534904117788933468801409, 11568839168361091487021820861428102203, 39906592047169857494632586390200211451, 137657379936145172424374277087540933917, 474847720108139632321911486126082925089, 1637982339897005126765694357689870519763, 5650203280334708415140946146010155664971, 19490318260154442464110364080469663928757, 67231652921982427003925458890990106182369, 231914897144737066328402738184328532008523, 799988058899386267676432770823607594928891, 2759550603522457866994879232568857849900397, 9519041501541847072371922319255753674445249, 32835836020695983479718240801355796598392483, 113266879549101202321296093198990361569011211, 390712939201682322041183390404759706129984837, 1347760276148870655688847246804471220105025729, 4649085248306152921583611445632740970859975643, 16036971877356659121611459125287838042245079931, 55319369996244082851140975478739380938790038077, 190823599379271461310339246583917952088805475809, 658244048739763336876383370561532808871561142003, 2270606094375883980304462974042655378187149663051, 7832432432450584644990842800892974800732105036117, 27017895336780589191504000471999226492399958387489, 93197952835814101607962214948463326988460441955563, 321485382355531149173444432256922786438920675848571, 1108960528890132806386699939256162207820143561474957, 3825347969557921358640622039796938347834890502192769, 13195498583566506749214743775874687734770498811760323, 45517737014922620291632597750734067208715450134484491, 157012966947677774329338914380841573091283394327770597, 541614618969968650116840817515353482226144039327963649, 1868294072678326171880376206934914829908705050294780283, 6444661240206495594344956501446597070948130297229378811, 22230792843804622048091794037567768291439785845932659037, 76684891888641722067908370582368521937620223178012212129, 264523747996306554376275711352575885332439375585687719443, 912471955435821719092093275616994380352979867061436499531, 3147562650853176210065565107996868187368156612051311596277, 10857485078885461015591596594078708276501212559409805690209, 37452783412036803081511018728141757489843208179076169361803, 129192992218500911240980020426677056362192479155201367174651, 445649901497185837889515134494062900173600999205783581158317, 1537264764086876231983930371121511082158164394187573998189889, 5302779035659681653415436414713336665184333784404065902171363, 18291881891753744466750524685034228741159489539746001795292171, 63097658961805897200578231443635140808240648001512333101441157, 217654727382380516734909086312441425322278743701754675179343169, 750797749573790519472709329843058554685760727411071015865892123, 2589869136059483622619964091248324235982915173330915407628500091, 8933727019987919842603474831711941245394633983717185894586460797, 30816799720273257798306770119665503670703843834088948827315422049, 106302234540486114809630914397890713568380857586763827127563148083, 366688467682338518610795679394108945490280934343972398391703406411, 1264888108067107611269745930777671458822466156621763932421222553237, 4363218554545907815593470258525887645096336984963389856800962138529, 15050877649427353687535670170940132584305004753035599375708037043243, 51917848071584246453038691634509703394091694430888148035420884779131, 179090084390305261343755734123720069709708412626954292949381954774477, 617769409138531754952704926419988656389875297408349326075868333444609, 2130989240228589816624188523458577661328292657951470116898646440761603, 7350825526149838408011901679017098604605961802944686864176634548746251, 25356597253442625899144745975327085515853386895646724312846501301300517, 87467322137634443838349000345739664054736582806016882946576175346332289, 301717630542482017172421730568114755688740100090267387457384857199167163, 1040771871773136253536588462864927831651163114210619189647650591129995771, 3590131896258682592935285578570429441746026728872575316582225468255827357, 12384123151383046453553513471465498041747869028798246581402703892161633569, 42718905784059505871783454835783143292225871701959369745716535125602403923, 147358427325034244011334477028893776793191088547909972398446589712012975691, 508311383570366017381586228236703270047511535605616793525475855052037970997, 1753414903765903254819844841617875424060978513950783449043184658664140820449, 6048386725383636596547620824419267198359514705929650865713748592588471495883, 20863847969596789467194465856927911517023921981613218976643420478497647094011, 71969629566111761917127035835952159025845417492874692281855583919937651667437, 248258498980207471170226400956543875636810444893815479446928270232363538804929, 856365145790973751926087981092848546402847977252004420303134460064415335947043, 2954022786482984859703307966968416470989748178973086237840910271290648365918731, 10189871301920838479037055839401075673993736244206194577197492842903373411572677, 35149856536256601256590651513644233702936213383277820343599537042259988652739009, 121249069582117394908366582224293845775841107987586613573186538299036844363341403, 418247421845517796099686422016808860066363282891562328864370761809373631990377851, 1442740191601622566741205755155086949011932105721057725594674215113931485797462717, 4976717492430834113980843620394218198355680625899927095511202239274731131546814689, 17167135942869781061667716016563871141771021780405142818995775554119119692080942963, 59217859347893732693239650135098833275320446690309921115547562304611895041895959371, 204271398410136370694817880353017022259496002282645556326074002379819388544196633557, 704632093559741404855834011381528210895594238016840718229885816282698252297873063969, 2430621179170164663185757424528141533088668487446909218090141644464493447316729295723, 8384402826139036350650684905963924120655308164978022027329712370342478156122823911291, 28921911548128896017230156934568555906753958767190590145110132963007423548829294301197, 99765837226952973787713738398956732416784458359271290426868827777727237878272708158849, 344141232194550427661578261470756244367338710554495531579288320370491593500691887823683, 1187111650523865724261725214936296150818599712905347515292920779629619376392747316441611, 4094929462020483586831341737226373523473892978583172688482283161111696720288954072001637, 14125417176660295794971309549134227801040784521693082953429170220371490322541644726211329, 48725481663423009524099327784400323219451033936302029349269756246301464246528059812430843, 168078049210147498023055203314471785444105990481069473465685363594460380105764343255918331, 579783506737410043666607045550945186985467150643649093677719508420428081444168985573990877, 1999957259525557577448490107674249301191464253692645554683865834813158063417159687427573409, 6898832052738165373230015443103224537310264260603536577756329211728456534055164302725101203, 23797450403104118633702481424577695580577849789670300928931987597522703385196127042588069451, 82089061069899064133555040064671513847707020882358284746645621253687689440668075598801644917, 283165374155318721435622487252231505598303290713068074137951180494988895807316786410543637089, 976776053660132763539020174827820580435141685837927572009130467258416238817973950815095498763, 3369378978096859134256152785916798688861799825241195514708016836991776956672531833682909182971, 11622638224494382086207406445972700279899308079672028889461686010275635107434933421441295859757, 40092171339473059843695576821529394004107615285550035352463456205510154998232526011297137634369, 138297533801418030118428185872922289407711770969460215152235342462398485533639719129800754567523, 477055924300201359455334255853491548835961618366670607066787965952347746058442068316087197306891, 1645599517607492869502809441071594544710482091580642289894752644216687919785082732281178167451397, 5676478656715992536282290161410646833600772274994637615123445118195114569862375806142792321437249, 19580954901469449420078627528179266390753955007892486679720653457473668738650165273691475480131483, 67544303086518861521568705863411766949511771390758161435058532505922910326612209578096912567449211, 232993380680384970143530549367719865852793317820978756268720332299214164346475245524651202535555837, 803708276793364247894904628052498566453145492595748319712733327128042880326011538939786967908357729, 2772383456988653346507462002943596462170257574296390420769068315752156582384399305502829948494494643, 9563308297944127932489447146149685756606242611571522440101803267144527566398856305704594736530777931, 32988533880831522597516204307017353824063773094624996984048948113049838044719709138923339215534029077, 113793609251383684857479644344783136431158759247107606168606912561822313921433699806369652113721947809, 392529887906924982702540310224653041982636383967340197257458565688893818066465945307356000305114041003, 1354027822070768389692478842173221766121066564170218425357951694186899205740100389646560261178837821051, 4670705083676161692897659235469708742155315048177137837003196216818267501812530505829900523883245847117, 16111549277706165334257712681805526314915962917205367800796150904571031032325562959892602353660680799489, 55576623973793139133003721540959596340608501075296424786608282893233399573713778448934707326737590834563, 191710994336117104937296006490946824255796816736619688577197320309321954309055371697332426421778585666571, 661305108541199905539610620686691630214636138849721501087436055084810906486679635639338389477245125505957, 2281165188762985335765701273828117381708256361382541445060858711716231584518636129765338911063383179344769, 7868855920231970199229455651089692914489693417013690395558897698856517701470670437727369769512991986219323, 27143537784278867077287417671319972737520668640940088016422088956294193325534521524281434094342899869162491, 93631355169717585150722113598088410047489804366948628010638666406870975158422395237199717036250759669421597]
Predicted:    
[1, 3, 11, 37, 129, 443, 1531, 5277, 18209, 62803, 216651, 747317, 2577889, 8892363, 30674171, 71138901, 245393364, 569111203, 1963146906, 4552889617, 15705175240, 36423116927, 125641401910, 291384935405, 1005131215268, 2331079483227, 8041049722130, 18648635865801, 64328397777024, 149189086926391, 514627182216174, 1193512695411109, 4117017457729372, 9548101563288851, 32936139661834954, 76384812506310785, 263489117294679608, 611078500050486255, 2107912938357436838, 4888628000403890013, 16863303506859494676, 39109024003231120075, 134906428054875957378, 312872192025848960569, 1079251424439007658992, 2502977536206791684519, 8634011395512061271902, 20023820289654333476117, 69072091164096490175180, 160190562317234667808899, 552576729312771921401402, 1281524498537877342471153, 4420613834502175371211176, 10252195988303018739769183, 35364910676017402969689366, 82017567906424149918153421, 282919285408139223757514884, 656140543251393199345227323, 2263354283265113790060119026, 5249124346011145594761818537, 18106834266120910320480952160, 41992994768089164758094548247, 144854674128967282563847617230, 335943958144713318064756385925, 1158837393031738260510780937788, 2687551665157706544518051087347, 9270699144253906084086247502250, 21500413321261652356144408698721, 74165593154031248672689980017944, 172003306570093218849155269589711, 593324745232249989381519840143494, 1376026452560745750793242156717629, 4746597961857999915052158721147892, 11008211620485966006345937253740971, 37972783694863999320417269769183074, 88065692963887728050767498029927705, 303782269558911994563338158153464528, 704525543711101824406139984239421575, 2430258156471295956506705265227716158, 5636204349688814595249119873915372533, 19442065251770367652053642121821729196, 45089634797510516761992958991322980195, 155536522014162941216429136974573833498, 360717078380084134095943671930583841489, 1244292176113303529731433095796590667912, 2885736627040673072767549375444670731839, 9954337408906428237851464766372725343222, 23085893016325384582140395003557365854637, 79634699271251425902811718130981802745700, 184687144130603076657123160028458926837019, 637077594170011407222493745047854421965522, 1477497153044824613256985280227671414696073, 5096620753360091257779949960382835375724096, 11819977224358596906055882241821371317568503, 40772966026880730062239599683062683005792686, 94559817794868775248447057934570970540547941, 326183728215045840497916797464501464046341404, 756478542358950201987576463476567764324383443, 2609469825720366723983334379716011712370731146, 6051828338871601615900611707812542114595067457, 20875758605762933791866675037728093698965849080, 48414626710972812927204893662500336916760539567, 167006068846103470334933400301824749591726792550, 387317013687782503417639149300002695334084316445, 1336048550768827762679467202414597996733814340308, 3098536109502260027341113194400021562672674531467, 10688388406150622101435737619316783973870514722370, 24788288876018080218728905555200172501381396251641, 85507107249204976811485900954534271790964117778864, 198306311008144641749831244441601380011051170013031, 684056857993639814491887207636274174327712942230814, 1586450488065157133998649955532811040088409360104149, 5472454863949118515935097661090193394621703537846412, 12691603904521257071989199644262488320707274880833091, 43779638911592948127480781288721547156973628302771194, 101532831236170056575913597154099906565658199046664625, 350237111292743585019846250309772377255789026422169448, 812262649889360452607308777232799252525265592373316895, 2801896890341948680158770002478179018046312211377355478, 6498101199114883620858470217862394020202124738986535053, 22415175122735589441270160019825432144370497691018843716, 51984809592919068966867761742899152161616997911892280315, 179321400981884715530161280158603457154963981528150749618, 415878476743352551734942093943193217292935983295138242409, 1434571207855077724241290241268827657239711852225205996832, 3327027813946820413879536751545545738343487866361105939159, 11476569662840621793930321930150621257917694817801647974542, 26616222511574563311036294012364365906747902930888847513157, 91812557302724974351442575441204970063341558542413183796220, 212929780092596506488290352098914927253983223447110780105139, 734500458421799794811540603529639760506732468339305470369642, 1703438240740772051906322816791319418031865787576886240840993, 5876003667374398358492324828237118084053859746714443762957016, 13627505925926176415250582534330555344254926300615089926727823, 47008029338995186867938598625896944672430877973715550103656006, 109020047407409411322004660274644442754039410404920719413822461, 376064234711961494943508789007175557379447023789724400829247924, 872160379259275290576037282197155542032315283239365755310579563, 3008513877695691959548070312057404459035576190317795206633983266, 6977283034074202324608298257577244336258522265914926042484636377, 24068111021565535676384562496459235672284609522542361653071866000, 55818264272593618596866386060617954690068178127319408339877090887, 192544888172524285411076499971673885378276876180338893224574927870, 446546114180748948774931088484943637520545425018555266719016726965, 1540359105380194283288611999773391083026215009442711145796599422828, 3572368913445991590199448707879549100164363400148442133752133815587, 12322872843041554266308895998187128664209720075541689166372795382490, 28578951307567932721595589663036392801314907201187537070017070524561, 98582982744332434130471167985497029313677760604333513330982363059784, 228631610460543461772764717304291142410519257609500296560136564196351, 788663861954659473043769343883976234509422084834668106647858904478134, 1829052883684347694182117738434329139284154060876002372481092513570669, 6309310895637275784350154751071809876075376678677344853182871235824932, 14632423069474781553456941907474633114273232487008018979848740108565211, 50474487165098206274801238008574479008603013429418758825462969886599314, 117059384555798252427655535259797064914185859896064151838789920868521545, 403795897320785650198409904068595832068824107435350070603703759092794368, 936475076446386019421244282078376519313486879168513214710319366948172215, 3230367178566285201587279232548766656550592859482800564829630072742354798, 7491800611571088155369954256627012154507895033348105717682554935585377573, 25842937428530281612698233860390133252404742875862404518637040581938838236, 59934404892568705242959634053016097236063160266784845741460439484683020435, 206743499428242252901585870883121066019237943006899236149096324655510705738, 479475239140549641943677072424128777888505282134278765931683515877464163329, 1653947995425938023212686967064968528153903544055193889192770597244085645752, 3835801913124397135549416579393030223108042257074230127453468127019713306479, 13231583963407504185701495736519748225231228352441551113542164777952685165862, 30686415304995177084395332635144241784864338056593841019627745016157706451677, 105852671707260033485611965892157985801849826819532408908337318223621481326740, 245491322439961416675162661081153934278914704452750728157021960129261651613259, 846821373658080267884895727137263886414798614556259271266698545788971850613762, 1963930579519691333401301288649231474231317635622005825256175681034093212905913, 6774570989264642143079165817098111091318388916450074170133588366311774804909936, 15711444636157530667210410309193851793850541084976046602049405448272745703247143, 54196567914117137144633326536784888730547111331600593361068706930494198439279326, 125691557089260245337683282473550814350804328679808372816395243586181965625976981, 433572543312937097157066612294279109844376890652804746888549655443953587514234444, 1005532456714081962701466259788406514806434629438466982531161948689455725007815683, 3468580346503496777256532898354232878755015125222437975108397243551628700113875386, 8044259653712655701611730078307252118451477035507735860249295589515645800062525297, 27748642772027974218052263186833863030040121001779503800867177948413029600911002920, 64354077229701245612893840626458016947611816284061886881994364716125166400500202207, 221989142176223793744418105494670904240320968014236030406937423587304236807288023190, 514832617837609964903150725011664135580894530272495095055954917729001331204001617485, 1775913137409790349955344843957367233922567744113888243255499388698433894458304185348, 4118660942700879719225205800093313084647156242179960760447639341832010649632012939707, 14207305099278322799642758751658937871380541952911105946043995109587471155666433482610, 32949287541607037753801646400746504677177249937439686083581114734656085197056103517481, 113658440794226582397142070013271502971044335623288847568351960876699769245331467860704, 263594300332856302030413171205972037417417999499517488668648917877248681576448828139671, 909267526353812659177136560106172023768354684986310780546815687013598153962651742885454, 2108754402662850416243305369647776299339343995996139909349191343017989452611590625117189, 7274140210830501273417092480849376190146837479890486244374525496108785231701213943083452, 16870035221302803329946442957182210394714751967969119274793530744143915620892725000937331, 58193121686644010187336739846795009521174699839123889954996203968870281853609711544667434, 134960281770422426639571543657457683157718015743752954198348245953151324967141800007498465, 465544973493152081498693918774360076169397598712991119639969631750962254828877692357339288, 1079682254163379413116572349259661465261744125950023633586785967625210599737134400059987535, 3724359787945216651989551350194880609355180789703928957119757054007698038631021538858714118, 8637458033307035304932578794077291722093953007600189068694287741001684797897075200479900093]
len(predicted_full) = 200, len(input_sequence + seq_pred) = 200
is_manual_check: False
