test results being evaluated: data/test_linrec15.tsv
csv file used: ../linear_database_newbl.csv
The sequence ID inspected: A183156
csv results file used: ../linear_database_newbl.csv
Results we are looking at now:
('Could you give me a recursive equation in a form of a Python code for the following number sequence: 1,2,7,22,59,142,319,686,1435,2950,5999,12118,24379,48926,98047', 'Certainly, the Python code is the following: lambda a_n: a_n[-1] // 2 + 2 * a_n[-2]')

Experiment type: Evaluation of the results of llms.
Ground truth: 
[1, 2, 7, 22, 59, 142, 319, 686, 1435, 2950, 5999, 12118, 24379, 48926, 98047, 196318, 392891, 786070, 1572463, 3145286, 6290971, 12582382, 25165247, 50331022, 100662619, 201325862, 402652399, 805305526, 1610611835, 3221224510, 6442449919, 12884900798, 25769802619, 51539606326, 103079213807, 206158428838, 412316858971, 824633719310, 1649267440063, 3298534881646, 6597069764891, 13194139531462, 26388279064687, 52776558131222, 105553116264379, 211106232530782, 422212465063679, 844424930129566, 1688849860261435, 3377699720525270, 6755399441053039, 13510798882108678, 27021597764220059, 54043195528442926, 108086391056888767, 216172782113780558, 432345564227564251, 864691128455131750, 1729382256910266863, 3458764513820537206, 6917529027641078011, 13835058055282159742, 27670116110564323327, 55340232221128650622, 110680464442257305339, 221360928884514614902, 442721857769029234159, 885443715538058472806, 1770887431076116950235, 3541774862152233905230, 7083549724304467815359, 14167099448608935635758, 28334198897217871276699, 56668397794435742558726, 113336795588871485122927, 226673591177742970251478, 453347182355485940508731, 906694364710971881023390, 1813388729421943762052863, 3626777458843887524111966, 7253554917687775048230331, 14507109835375550096467222, 29014219670751100192941167, 58028439341502200385889222, 116056878683004400771785499, 232113757366008801543578222, 464227514732017603087163839, 928455029464035206174335246, 1856910058928070412348678235, 3713820117856140824697364390, 7427640235712281649394736879, 14855280471424563298789482038, 29710560942849126597578972539, 59421121885698253195157953726, 118842243771396506390315916287, 237684487542793012780631841598, 475368975085586025561263692411, 950737950171172051122527394230, 1901475900342344102245054798063, 3802951800684688204490109605926, 7605903601369376408980219221851, 15211807202738752817960438453902, 30423614405477505635920876918207, 60847228810955011271841753847022, 121694457621910022543683507704859, 243388915243820045087367015420742, 486777830487640090174734030852719, 973555660975280180349468061716886, 1947111321950560360698936123445435, 3894222643901120721397872246902750, 7788445287802241442795744493817599, 15576890575604482885591488987647518, 31153781151208965771182977975307579, 62307562302417931542365955950627926, 124615124604835863084731911901268847, 249230249209671726169463823802550918, 498460498419343452338927647605115291, 996920996838686904677855295210244270, 1993841993677373809355710590420502463, 3987683987354747618711421180841019086, 7975367974709495237422842361682052571, 15950735949418990474845684723364119782, 31901471898837980949691369446728254447, 63802943797675961899382738893456524022, 127605887595351923798765477786913063419, 255211775190703847597530955573826142462, 510423550381407695195061911147652300799, 1020847100762815390390123822295304617726, 2041694201525630780780247644590609251835, 4083388403051261561560495289181218520310, 8166776806102523123120990578362437057519, 16333553612205046246241981156724874132198, 32667107224410092492483962313449748281819, 65334214448820184984967924626899496581326, 130668428897640369969935849253798993180607, 261336857795280739939871698507597986379438, 522673715590561479879743397015195972777371, 1045347431181122959759486794030391945573510, 2090694862362245919518973588060783891166063, 4181389724724491839037947176121567782351446, 8362779449448983678075894352243135564722491, 16725558898897967356151788704486271129464862, 33451117797795934712303577408972542258949887, 66902235595591869424607154817945084517920222, 133804471191183738849214309635890169035861179, 267608942382367477698428619271780338071743382, 535217884764734955396857238543560676143508079, 1070435769529469910793714477087121352287037766, 2140871539058939821587428954174242704574097435, 4281743078117879643174857908348485409148217070, 8563486156235759286349715816696970818296456639, 17126972312471518572699431633393941636592936078, 34253944624943037145398863266787883273185895259, 68507889249886074290797726533575766546371813926, 137015778499772148581595453067151533092743651567, 274031556999544297163190906134303066185487327158, 548063113999088594326381812268606132370974678651, 1096126227998177188652763624537212264741949381950, 2192252455996354377305527249074424529483898788863, 4384504911992708754611054498148849058967797603006, 8769009823985417509222108996297698117935595231611, 17538019647970835018444217992595396235871190489142, 35076039295941670036888435985190792471742381004527, 70152078591883340073776871970381584943484762035622, 140304157183766680147553743940763169886969524098139, 280608314367533360295107487881526339773939048223502, 561216628735066720590214975763052679547878096474559, 1122433257470133441180429951526105359095756192977006, 2244866514940266882360859903052210718191512385982235, 4489733029880533764721719806104421436383024771993030, 8979466059761067529443439612208842872766049544014959, 17958932119522135058886879224417685745532099088059158, 35917864239044270117773758448835371491064198176147899, 71835728478088540235547516897670742982128396352325726, 143671456956177080471095033795341485964256792704681727, 287342913912354160942190067590682971928513585409394078, 574685827824708321884380135181365943857027170818819131, 1149371655649416643768760270362731887714054341637669590, 2298743311298833287537520540725463775428108683275370863, 4597486622597666575075041081450927550856217366550773766, 9194973245195333150150082162901855101712434733101579931, 18389946490390666300300164325803710203424869466203192622, 36779892980781332600600328651607420406849738932406418367, 73559785961562665201200657303214840813699477864812870222, 147119571923125330402401314606429681627398955729625774299, 294239143846250660804802629212859363254797911459251582822, 588478287692501321609605258425718726509595822918503200239, 1176956575385002643219210516851437453019191645837006435446, 2353913150770005286438421033702874906038383291674012906235, 4707826301540010572876842067405749812076766583348025848190, 9415652603080021145753684134811499624153533166696051732479, 18831305206160042291507368269622999248307066333392103501438, 37662610412320084583014736539245998496614132666784207039739, 75325220824640169166029473078491996993228265333568414116726, 150650441649280338332058946156983993986456530667136828271087, 301300883298560676664117892313967987972913061334273656580198, 602601766597121353328235784627935975945826122668547313198811, 1205203533194242706656471569255871951891652245337094626436430, 2410407066388485413312943138511743903783304490674189252912063, 4820814132776970826625886277023487807566608981348378505863726]
Predicted:    
[1, 2, 7, 22, 59, 142, 319, 686, 1435, 2950, 5999, 12118, 24379, 48926, 98047, 146875, 269531, 428515, 753319, 1233689, 2123482, 3529119, 6011523, 10063999, 17055045, 28655520, 48437850, 81529965, 137640682, 231880271, 391221499, 659371291, 1112128643, 1874806903, 3161660737, 5330444174, 8988543561, 15155160128, 25554667186, 43087653849, 72653161296, 122501888346, 206557266765, 348282410074, 587255738567, 990192689431, 1669607821849, 2815189289786, 4746810288591, 8003783723867, 13495512439115, 22755323667291, 38368686711875, 64694990690519, 109084868769009, 183932415765542, 310135945420789, 522932804241478, 881738292962317, 1486734754964114, 2506843963406691, 4226891491631573, 7127133672629168, 12017349819577730, 20262942255047201, 34166170766679060, 57608969893433932, 97136826480075086, 163786353026905407, 276166829473602875, 465656120790612251, 785161719342511875, 1323893101252480439, 2232269989311263969, 3763921197160592862, 6346500577202824369, 10701092682922597908, 18043547495866947692, 30423959113778669662, 51299074548623230215, 86497455501868954431, 145846876848180937645, 245918349427828377684, 414652928410276064132, 699163163060794787434, 1178887438350949521981, 1987770045297064335858, 3351659899350431211891, 5651370040269344277661, 9529004818835534562612, 16067242489956455836628, 27091630882649297043538, 45680300421237560195025, 77023411975917374184588, 129872306830433807482344, 218982977367051652110348, 369236102344393441019862, 622584005906300024730627, 1049764207641936894405037, 1770050115633568496663772, 2984553473100658037141960, 5032376967817466011898524, 8485295430110049080233182, 14307401650689956563913639, 24124291685565076442423183, 40676949144162451349038869, 68587057943211378559365800, 115647427259930591977760638, 194997829516388053107611919, 328793769278055210509327235, 554392543671803711469887455, 934783810392012276753598197, 1576176992539613561316574008, 2657656117053831334165483398, 4481182043606142789715889715, 7555903255910734063188911653, 12740315715167652611026235256, 21481964369405294431890940934, 36221613615037952437997940979, 61074735546329565082780852357, 102980595003240687417386308136, 173639768594279473874254858782, 292781074303621111771900045663, 493670074340369503634459740395, 832397185777426975361029961523, 1403538741569452494949434461551, 2366563742339580198196777153821, 3990359354308695088997257500012, 6728307161833507940892183057648, 11344872289534144148440606528848, 19129050468434087956004669379720, 32254269813285332274883547747556, 54385235843510842049451112633218, 91701157548326085574492651811721, 154621050461184726886148551172296, 260712840327244534592059579209590, 439598521085991721068326891949387, 741224941197484929718282604393873, 1249809512770725906995795086095710, 2107354638780332812934462751835601, 3553296344931618220458821548109220, 5991357450026474736098336277725812, 10102271414876473808966811235081346, 17033850607491186376680078172992297, 28721468133498540806273661556658840, 48428435281731643156496987124314014, 81657153907862903190795816675474687, 137685447517394737908391882586365371, 232157031574423175335787574644132059, 391449410822001063484677552494796771, 660038768559846882413913925535662503, 1112918205923925568176312067757424793, 1876536640081656548915983884950037402, 3164104731888679410810616077989868287, 5335125646107652803237275808895008947, 8995772286831185223239870060427241047, 15168137435630898218094486648003638417, 25575613291477819555526983444856301302, 43124081517000706213952465018435427485, 72713267341455992218030199398930316346, 122604796704729408536920029736336013143, 206728933035276688704520413666028639263, 348574059927097161426100266305686345917, 587744896034101958122090960484900451484, 991020567871245301913246012853822917576, 1671000076003826567200804927396712361756, 2817541173744403887426894489406002016030, 4750770738879855078115057099496425731527, 8010467716928735313911317528560216897823, 13506775336224077813185772963272959911965, 22774323101969509534415521538756913751628, 38400712223432910393579306695924376699744, 64749002315655474265620696425476015853128, 109175925604693557919968961604586761326052, 184085967433657727491225873653245412369282, 310394834926215979585550860035796228836745, 523369352330423444775227177324388939156936, 882474346017643681558715308733786927251958, 1487975877669668730329812009015671341939851, 2508936630870121728282336621975409525473841, 4230420070774398324800792329019047446616622, 7133083297127442618965069408460342774255993, 12027381790112517959084119362268266280361240, 20279857489311144217472198498054818688692606, 34194692324880608026904337973563941905068783, 57657061141062592448396565982891608329919603, 97217915220292512278006958938573687975097367, 163923079892271441035796611435070060647387889, 276397370386720745073912223594682406273888678, 466044844977903254608549334667481324431720117, 785817163262393117452099114523105474763637414, 1324998271587003067943148226596515386245258941, 2234133462318287768875772342344468642649904298, 3767063274333150020324182624365265093815470031, 6351798561803150547913635996871569832207543611, 10710025829567875314605183247166315103734711867, 18058610038390238753129863617326297216282443155, 30449356678330870005775298302995778815610645311, 51341898415945912509147376386150483840370208965, 86569662564634696266124284799066799551406395104]
len(predicted_full) = 200, len(input_sequence + seq_pred) = 200
is_manual_check: False
