test results being evaluated: data/test_linrec15.tsv
csv file used: ../linear_database_newbl.csv
The sequence ID inspected: A184882
csv results file used: ../linear_database_newbl.csv
Results we are looking at now:
('Could you give me a recursive equation in a form of a Python code for the following number sequence: 1,-7,-23,-47,-79,-119,-167,-223,-287,-359,-439,-527,-623,-727,-839', 'Certainly, the Python code is the following: lambda a_n: a_n[-1] - 2 * 8 - 2 + isqrt( n ) + -8 // 7')

Experiment type: Evaluation of the results of llms.
Ground truth: 
[1, -7, -23, -47, -79, -119, -167, -223, -287, -359, -439, -527, -623, -727, -839, -959, -1087, -1223, -1367, -1519, -1679, -1847, -2023, -2207, -2399, -2599, -2807, -3023, -3247, -3479, -3719, -3967, -4223, -4487, -4759, -5039, -5327, -5623, -5927, -6239, -6559, -6887, -7223, -7567, -7919, -8279, -8647, -9023, -9407, -9799, -10199, -10607, -11023, -11447, -11879, -12319, -12767, -13223, -13687, -14159, -14639, -15127, -15623, -16127, -16639, -17159, -17687, -18223, -18767, -19319, -19879, -20447, -21023, -21607, -22199, -22799, -23407, -24023, -24647, -25279, -25919, -26567, -27223, -27887, -28559, -29239, -29927, -30623, -31327, -32039, -32759, -33487, -34223, -34967, -35719, -36479, -37247, -38023, -38807, -39599, -40399, -41207, -42023, -42847, -43679, -44519, -45367, -46223, -47087, -47959, -48839, -49727, -50623, -51527, -52439, -53359, -54287, -55223, -56167, -57119, -58079, -59047, -60023, -61007, -61999, -62999, -64007, -65023, -66047, -67079, -68119, -69167, -70223, -71287, -72359, -73439, -74527, -75623, -76727, -77839, -78959, -80087, -81223, -82367, -83519, -84679, -85847, -87023, -88207, -89399, -90599, -91807, -93023, -94247, -95479, -96719, -97967, -99223, -100487, -101759, -103039, -104327, -105623, -106927, -108239, -109559, -110887, -112223, -113567, -114919, -116279, -117647, -119023, -120407, -121799, -123199, -124607, -126023, -127447, -128879, -130319, -131767, -133223, -134687, -136159, -137639, -139127, -140623, -142127, -143639, -145159, -146687, -148223, -149767, -151319, -152879, -154447, -156023, -157607, -159199]
Predicted:    
[1, -7, -23, -47, -79, -119, -167, -223, -287, -359, -439, -527, -623, -727, -839, -856, -872, -888, -904, -920, -936, -952, -968, -984, -1000, -1015, -1030, -1045, -1060, -1075, -1090, -1105, -1120, -1135, -1150, -1165, -1179, -1193, -1207, -1221, -1235, -1249, -1263, -1277, -1291, -1305, -1319, -1333, -1347, -1360, -1373, -1386, -1399, -1412, -1425, -1438, -1451, -1464, -1477, -1490, -1503, -1516, -1529, -1542, -1554, -1566, -1578, -1590, -1602, -1614, -1626, -1638, -1650, -1662, -1674, -1686, -1698, -1710, -1722, -1734, -1746, -1757, -1768, -1779, -1790, -1801, -1812, -1823, -1834, -1845, -1856, -1867, -1878, -1889, -1900, -1911, -1922, -1933, -1944, -1955, -1965, -1975, -1985, -1995, -2005, -2015, -2025, -2035, -2045, -2055, -2065, -2075, -2085, -2095, -2105, -2115, -2125, -2135, -2145, -2155, -2165, -2174, -2183, -2192, -2201, -2210, -2219, -2228, -2237, -2246, -2255, -2264, -2273, -2282, -2291, -2300, -2309, -2318, -2327, -2336, -2345, -2354, -2363, -2372, -2380, -2388, -2396, -2404, -2412, -2420, -2428, -2436, -2444, -2452, -2460, -2468, -2476, -2484, -2492, -2500, -2508, -2516, -2524, -2532, -2540, -2548, -2556, -2564, -2572, -2579, -2586, -2593, -2600, -2607, -2614, -2621, -2628, -2635, -2642, -2649, -2656, -2663, -2670, -2677, -2684, -2691, -2698, -2705, -2712, -2719, -2726, -2733, -2740, -2747, -2754, -2761, -2767, -2773, -2779, -2785]
len(predicted_full) = 200, len(input_sequence + seq_pred) = 200
is_manual_check: False
