test results being evaluated: data/test_linrec15.tsv
csv file used: ../linear_database_newbl.csv
The sequence ID inspected: A186424
csv results file used: ../linear_database_newbl.csv
Results we are looking at now:
('Could you give me a recursive equation in a form of a Python code for the following number sequence: 1,3,11,17,33,43,67,81,113,131,171,193,241,267,323', 'Certainly, the Python code is the following: lambda a_n: n * 4 + a_n[-2] + n + isqrt( a_n[-2] ) * 4')

Experiment type: Evaluation of the results of llms.
Ground truth: 
[1, 3, 11, 17, 33, 43, 67, 81, 113, 131, 171, 193, 241, 267, 323, 353, 417, 451, 523, 561, 641, 683, 771, 817, 913, 963, 1067, 1121, 1233, 1291, 1411, 1473, 1601, 1667, 1803, 1873, 2017, 2091, 2243, 2321, 2481, 2563, 2731, 2817, 2993, 3083, 3267, 3361, 3553, 3651, 3851, 3953, 4161, 4267, 4483, 4593, 4817, 4931, 5163, 5281, 5521, 5643, 5891, 6017, 6273, 6403, 6667, 6801, 7073, 7211, 7491, 7633, 7921, 8067, 8363, 8513, 8817, 8971, 9283, 9441, 9761, 9923, 10251, 10417, 10753, 10923, 11267, 11441, 11793, 11971, 12331, 12513, 12881, 13067, 13443, 13633, 14017, 14211, 14603, 14801, 15201, 15403, 15811, 16017, 16433, 16643, 17067, 17281, 17713, 17931, 18371, 18593, 19041, 19267, 19723, 19953, 20417, 20651, 21123, 21361, 21841, 22083, 22571, 22817, 23313, 23563, 24067, 24321, 24833, 25091, 25611, 25873, 26401, 26667, 27203, 27473, 28017, 28291, 28843, 29121, 29681, 29963, 30531, 30817, 31393, 31683, 32267, 32561, 33153, 33451, 34051, 34353, 34961, 35267, 35883, 36193, 36817, 37131, 37763, 38081, 38721, 39043, 39691, 40017, 40673, 41003, 41667, 42001, 42673, 43011, 43691, 44033, 44721, 45067, 45763, 46113, 46817, 47171, 47883, 48241, 48961, 49323, 50051, 50417, 51153, 51523, 52267, 52641, 53393, 53771, 54531, 54913, 55681, 56067, 56843, 57233, 58017, 58411, 59203, 59601]
Predicted:    
[1, 3, 11, 17, 33, 43, 67, 81, 113, 131, 171, 193, 241, 267, 323, 406, 471, 571, 645, 758, 845, 971, 1071, 1210, 1319, 1471, 1593, 1758, 1889, 2067, 2211, 2402, 2559, 2763, 2929, 3146, 3325, 3555, 3743, 3986, 4187, 4443, 4653, 4922, 5145, 5427, 5659, 5954, 6199, 6507, 6761, 7082, 7349, 7683, 7959, 8306, 8595, 8955, 9253, 9626, 9937, 10323, 10643, 11042, 11375, 11787, 12129, 12554, 12909, 13347, 13711, 14162, 14539, 15003, 15389, 15866, 16265, 16751, 17163, 17662, 18087, 18595, 19033, 19554, 20001, 20535, 20995, 21542, 22011, 22571, 23053, 23626, 24117, 24703, 25207, 25806, 26319, 26931, 27457, 28082, 28617, 29255, 29803, 30454, 31011, 31675, 32245, 32918, 33501, 34187, 34783, 35478, 36087, 36795, 37413, 38134, 38765, 39499, 40139, 40886, 41539, 42299, 42961, 43734, 44409, 45195, 45879, 46678, 47375, 48187, 48893, 49718, 50437, 51271, 52003, 52850, 53595, 54451, 55209, 56078, 56845, 57727, 58507, 59402, 60191, 61099, 61901, 62822, 63633, 64567, 65391, 66338, 67171, 68131, 68977, 69950, 70805, 71791, 72659, 73654, 74535, 75543, 76437, 77454, 78361, 79391, 80307, 81350, 82279, 83335, 84273, 85342, 86293, 87375, 88335, 89430, 90403, 91511, 92493, 93614, 94609, 95739, 96747, 97890, 98911, 100063, 101097, 102262, 103305, 104483, 105539, 106730, 107795, 108999, 110077, 111294, 112381, 113611, 114711, 115954]
len(predicted_full) = 200, len(input_sequence + seq_pred) = 200
is_manual_check: False
