test results being evaluated: data/test_linrec15.tsv
csv file used: ../linear_database_newbl.csv
The sequence ID inspected: A186731
csv results file used: ../linear_database_newbl.csv
Results we are looking at now:
('Could you give me a recursive equation in a form of a Python code for the following number sequence: 0,0,1,2,1,2,4,2,3,6,3,4,8,4,5', 'Certainly, the Python code is the following: lambda a_n: n // ( 6 ) + a_n[-3]')

Experiment type: Evaluation of the results of llms.
Ground truth: 
[0, 0, 1, 2, 1, 2, 4, 2, 3, 6, 3, 4, 8, 4, 5, 10, 5, 6, 12, 6, 7, 14, 7, 8, 16, 8, 9, 18, 9, 10, 20, 10, 11, 22, 11, 12, 24, 12, 13, 26, 13, 14, 28, 14, 15, 30, 15, 16, 32, 16, 17, 34, 17, 18, 36, 18, 19, 38, 19, 20, 40, 20, 21, 42, 21, 22, 44, 22, 23, 46, 23, 24, 48, 24, 25, 50, 25, 26, 52, 26, 27, 54, 27, 28, 56, 28, 29, 58, 29, 30, 60, 30, 31, 62, 31, 32, 64, 32, 33, 66, 33, 34, 68, 34, 35, 70, 35, 36, 72, 36, 37, 74, 37, 38, 76, 38, 39, 78, 39, 40, 80, 40, 41, 82, 41, 42, 84, 42, 43, 86, 43, 44, 88, 44, 45, 90, 45, 46, 92, 46, 47, 94, 47, 48, 96, 48, 49, 98, 49, 50, 100, 50, 51, 102, 51, 52, 104, 52, 53, 106, 53, 54, 108, 54, 55, 110, 55, 56, 112, 56, 57, 114, 57, 58, 116, 58, 59, 118, 59, 60, 120, 60, 61, 122, 61, 62, 124, 62, 63, 126, 63, 64, 128, 64, 65, 130, 65, 66, 132, 66]
Predicted:    
[0, 0, 1, 2, 1, 2, 4, 2, 3, 6, 3, 4, 8, 4, 5, 10, 6, 7, 13, 9, 10, 16, 12, 13, 20, 16, 17, 24, 20, 21, 29, 25, 26, 34, 30, 31, 40, 36, 37, 46, 42, 43, 53, 49, 50, 60, 56, 57, 68, 64, 65, 76, 72, 73, 85, 81, 82, 94, 90, 91, 104, 100, 101, 114, 110, 111, 125, 121, 122, 136, 132, 133, 148, 144, 145, 160, 156, 157, 173, 169, 170, 186, 182, 183, 200, 196, 197, 214, 210, 211, 229, 225, 226, 244, 240, 241, 260, 256, 257, 276, 272, 273, 293, 289, 290, 310, 306, 307, 328, 324, 325, 346, 342, 343, 365, 361, 362, 384, 380, 381, 404, 400, 401, 424, 420, 421, 445, 441, 442, 466, 462, 463, 488, 484, 485, 510, 506, 507, 533, 529, 530, 556, 552, 553, 580, 576, 577, 604, 600, 601, 629, 625, 626, 654, 650, 651, 680, 676, 677, 706, 702, 703, 733, 729, 730, 760, 756, 757, 788, 784, 785, 816, 812, 813, 845, 841, 842, 874, 870, 871, 904, 900, 901, 934, 930, 931, 965, 961, 962, 996, 992, 993, 1028, 1024, 1025, 1060, 1056, 1057, 1093, 1089]
len(predicted_full) = 200, len(input_sequence + seq_pred) = 200
is_manual_check: False
