test results being evaluated: data/test_linrec15.tsv
csv file used: ../linear_database_newbl.csv
The sequence ID inspected: A188497
csv results file used: ../linear_database_newbl.csv
Results we are looking at now:
('Could you give me a recursive equation in a form of a Python code for the following number sequence: 0,0,2,4,7,20,72,240,722,2140,6508,20077,61776,189056,577856', 'Certainly, the Python code is the following: lambda a_n: 6 * a_n[-1] + sign( -3 )')

Experiment type: Evaluation of the results of llms.
Ground truth: 
[0, 0, 2, 4, 7, 20, 72, 240, 722, 2140, 6508, 20077, 61776, 189056, 577856, 1768380, 5416230, 16587984, 50788707, 155489884, 476058864, 1457605616, 4462928950, 13664497400, 41837412392, 128096408137, 392202398144, 1200835918016, 3676688064688, 11257183451816, 34466940803050, 105529965334188, 323108858515791, 989286129078244, 3028969953132216, 9274019648192960, 28394946935496298, 86938894219913108, 266187196391777652, 815004884412152789, 2495360297665374928, 7640227852238831744, 23392646623873635984, 71622983844983126020, 219293348759653138446, 671426548132002376152, 2055755963849830289163, 6294258984397242920876, 19271594906804752632928, 59005257198855527833632, 180660728597587493645230, 553142218284832370525424, 1693596145794132190094992, 5185407676785798742812497, 15876543437606584047136768, 48610378824146677348618624, 148833966203878775377661472, 455695882891875373900133136, 1395237545441382397823004754, 4271901242239598641369421460, 13079593710098347021675520983, 40046752469295362828070346420, 122614082584141555551942364840, 375416539942351516750746929616, 1149440386389315717252476046914, 3519326032000888718497129475276, 10775378928893922656797788968124, 32991768880031354591313748790525, 101013321296268687399179143757520, 309279903008750451722909489658240, 946944988815405212791332343860640, 2899331004437224781789883415531276, 8877094628069922852396701514814070, 27179652449170396419955621132327200, 83217937648402804889112083447620339, 254794470216444410610087909145885692, 780122938484339936853015671053040720, 2388559683545921701331298552594828944, 7313228570032003029926537161542117478, 22391448907876570718923429310922558440, 68557543278296964598912182615276473656, 209907664291532681912740147849350234393, 642689708840181005558585962571265504960, 1967770272911080035255370781604137912384, 6024866733808918893764691295972758421072, 18446776872209430467477837783584857375544, 56479851257714635958254636311143047205690, 172928507792564633080515410526432391424444, 529467910085518060735230467945857917675935, 1621110778025112821961834185250956706565252, 4963473903838138092128644727956574694295064, 15197032508842258855637897375454116966937376, 46529870318492129633655727436350609107887194, 142463920544750563252784077860073035486136836, 436192246358246952996558515710652868785021252, 1335521829355301563028034770129922602489037797, 4089065249499267947767531096676187590154150224, 12519791325862491016383856774185242466382105472, 38332764404367505386056836266239637773695689840, 117366239471209169119861207634709300733183105748, 359348833345391577883564739116141937324870782558, 1100244709283464512399395911847164826588029590696, 3368700015070689619777056304557568792156555327259, 10314196192706758907807934190348521486339130854220, 31579731832967692048920826487282851082344260917952, 96689983786360041316720221166663260447639128013120, 296042823101072664798842846189456951137431850331230, 906416049291100207038945690044153390161351386611168, 2775240574340777853725885041544406052061386781822496, 8497157846544050016601130550491727020569171441066401, 26016372107212970576230637977027108709718980512940544, 79656236808200171689417082815007336088327797360278272, 243889349225786064769243356951860585877826066380183360, 746733928807117427472210517427303922466032896524420384, 2286330100932335681233940384435403396489379666193726114, 7000224750440508806216630847379352650840212180358666788, 21433102130220407770688760793862498834031795301588841639, 65623302579756591206515606981560892829271549986178570580, 200923684089681652503764818647619242121282071243548547848, 615182796981381867644444506655647120081493524764986861488, 1883550341098246000515361790088571613521812114940085449394, 5767004384484908974917666470244031682656921694842236789052, 17657260782993539630928044858708462859188909043535561311500, 54062531874854600653827897088924945603978480379271425467021, 165527223539378308847083792878140316822263716832525220210256, 506806854626784086331055841562157985493068012599628571726976, 1551727760573413129543723436111788690497657655917299789723904, 4751038824657063958364886168861853858707727671138769465423196, 14546604428252003276063420812975202181311807833257057839060422, 44538406904581466157891063723937364643854155964859058298103408, 136366510781405652892907654502882054548966405013048389672299907, 417523359165824923769377413636075889144133884944843265262439836, 1278361926621097830243821939864592662688949835723636192444448176, 3914054578166385443699128480273782129799731695112349091365425712, 11983948302776687367224687870385507766433426236015813516852791702, 36692134474758263997060390069394267613675633956747937128271119576, 112343002347715611419605733867504454856417600895702590042070713160, 343968819398642657643628688404298935036217564648310503329259703017, 1053154591260590996533768702570334646634271503902875485552355767744, 3224520742991622654029946297761781817344344482759550835063975159744, 9872751928601236030401291740484595247859864215259886884243022163696, 30228129515230926532759787933419700333432168345068424661143965225672, 92551683724826766717561158924371600648121454693254654171918609911946, 283372285935996845030712731782813268485498441613215184080123673721292, 867621735281862980451101223333810524576111809711074901915146813224687, 2656461174553721239933867381260206148546711147366959309514779363796260, 8133482236494235223244110619045946529996248727610886653445298451391352, 24902879787987450193931857220463632684474062023708736492474346749927808, 76246975613025723378054081709491041010340885504469052344833690426772298, 233450963889633387554084580584465146930274891869288653237222744719262836, 714773957954713472204911004430818439664450510632260427007334143909886484, 2188475911420015277095277576117341008657756729647826087976490146548951797, 6700617393183082712908610656792641864705684514117035721152507119657796048, 20515772284966545875261317370510372178976402352224831816419107828967969408, 62814646434939517062951277774915061769512745469324504024103641187563559248, 192324215337375188598855018379584800939485698698419246259420548441429407908, 588853172061521248593846962819977149425184828579118316330396996744350464686, 1802934995152066601403548084731475743691595928338757177552178702596002211960, 5520178460386002893369254868956464272454291636954303950786949257836196251691, 16901535727270867144354002178925686669452534176623934416010487599189426688748, 51748672980445350034162002496806546783778782511559344187849959185954924616480, 158442711860568059612384645997496512389698385654703451039421963892392276450144, 485115685018961971914769131944841368215905808175233054947564753247690833744398, 1485314313848130684953637342709041150948719607084230806061556015551446750739152, 4547695898218401202864962256160657864474446974987547570418925674524650235250352, 13924014459330862848909726655782663887531642254709493684295804119201076126252785, 42632177481262187514627695155733014502383901775509650352782835680931642483267072, 130530068185607247109410533292346917864255574135411760352389969867687878195096704, 399653494312550876458767702347223051703010348590644941818945709570240138736716640, 1223648449253195176923687625692145353729149878807902639060371273887156577782629936, 3746534307013381924287981595232696246626456576648567831149706373185928460415446770, 11471039187925967884908346579564706791067681373961567403958125083428855340371614388, 35121722975981079817589315648433799789515762370983599375548280772693273878599008887, 107534758149892417868805507717191579475832013873662358657791921988481075495752151028, 329247065078897546171197389401878544078091663503296361568627954051850203303357666664, 1008079915072336519845886904337519429399709929199721214129604270248797882621908576912, 3086512297167268489050265205585806816983079046495796634840899460459402093356905955362, 9450201336350574973237052592946906116728509689349617268810821796145109501386220697004, 28934375339934822171973568761339671094629093015737754341270932633787421258636808419932, 88590501568671631040431481823392370929560406977280569766216607432837297200268066594589, 271244043667212959356623588458494073384704876370263691095969360312836587182744695637968, 830487805376177699666516858685801236385972851737540752599443199744185779652368705610624, 2542765494695026053155099176954244082443879725987154011907793739253199763134484663403360, 7785371825035958599151391727620267834480331744249730197518981703856730665779411953696428, 23837044580209473984994851648694536847491503201111308176049023293276661302622464792280854, 72983629695331792165566978956360744427818724984116662233293449447998418904390288945648832, 223459338072795082555891875205210957744410385146149214619441007002061494780993926316681491, 684181863527207239680266405867585404837169001741913976324268695882558618788564181706820412, 2094809849598096348968074876863816532305161815986768700102855220051075262374647174743132432, 6413833134000776316910152001647815929803059899214975370204056698437823144912093247329117904, 19637703860662429656670555225987905295393666404882209474472991698141287501734404958250637254, 60126199865527935555159034314468814735135852416557628819788476196101468450836780159380859336, 184092801068824296071669158649795505595545712965659291829465235920048156345434841337761378904, 563650446580042561528674712095960919506297457919000831012892056601843436307600126236598583225, 1725769959962239428741461016654356448767347799377461046937317477981899566586414225777189111488, 5283916606078890528912440526945358580262256681994270432873614085698165228228534301750538733376, 16178155459727180312970628283495787190394975347905728685446286612649910494985581257315233047184, 49533846499013542840172555379494220647458960012895333407752138326913851908882404113647069968728, 151661414992312877348637515427825752640629518644505848860998179584599418326635674728391574446042, 464352890461042823241530101709632755761898573552224976057263751983278940216871684227892881706716]
Predicted:    
[0, 0, 2, 4, 7, 20, 72, 240, 722, 2140, 6508, 20077, 61776, 189056, 577856, 3467135, 20802809, 124816853, 748901117, 4493406701, 26960440205, 161762641229, 970575847373, 5823455084237, 34940730505421, 209644383032525, 1257866298195149, 7547197789170893, 45283186735025357, 271699120410152141, 1630194722460912845, -8665575738944074547, 3346777787464207565, 1633922651075693773, -8643208167255388979, 3480983217596320973, 2439155231868374221, -3811812682499306291, -4424132021286286131, -8098048054008165171, 6751943897079663821, 3618175235058879693, 3262307336643726541, 1127099946152807629, 6762599676916845773, 3682109914081971405, 3645915410782276813, 3428748390984109261, 2125746272195103949, -5692266440538927923, 2739889504185535693, -2007407048596337459, 6402301782131526861, 1520322545370057933, 9121935272220347597, -608620587806569267, -3651723526839415603, -3463597087326942003, -2334838450252100403, 4437713372196949197, 8179536159472143565, -6263015264295793459, -684603438355657523, -4107620630133945139, -6198979707094119219, -300390095145612083, -1802340570873672499, 7632700648467516621, 8902715743385996493, -1923937760812675891, 6903117508833496269, 4525216905581874381, 8704557359781694669, -3112888062438486835, -230584300921369395, -1383505805528216371, -8301034833169298227, 5534023222112865485, -3689348814741910323, -3689348814741910323, -3689348814741910323, -3689348814741910323, -3689348814741910323, -3689348814741910323, -3689348814741910323, -3689348814741910323, -3689348814741910323, -3689348814741910323, -3689348814741910323, -3689348814741910323, -3689348814741910323, -3689348814741910323, -3689348814741910323, -3689348814741910323, -3689348814741910323, -3689348814741910323, -3689348814741910323, -3689348814741910323, -3689348814741910323, -3689348814741910323, -3689348814741910323, -3689348814741910323, -3689348814741910323, -3689348814741910323, -3689348814741910323, -3689348814741910323, -3689348814741910323, -3689348814741910323, -3689348814741910323, -3689348814741910323, -3689348814741910323, -3689348814741910323, -3689348814741910323, -3689348814741910323, -3689348814741910323, -3689348814741910323, -3689348814741910323, -3689348814741910323, -3689348814741910323, -3689348814741910323, -3689348814741910323, -3689348814741910323, -3689348814741910323, -3689348814741910323, -3689348814741910323, -3689348814741910323, -3689348814741910323, -3689348814741910323, -3689348814741910323, -3689348814741910323, -3689348814741910323, -3689348814741910323, -3689348814741910323, -3689348814741910323, -3689348814741910323, -3689348814741910323, -3689348814741910323, -3689348814741910323, -3689348814741910323, -3689348814741910323, -3689348814741910323, -3689348814741910323, -3689348814741910323, -3689348814741910323, -3689348814741910323, -3689348814741910323, -3689348814741910323, -3689348814741910323, -3689348814741910323, -3689348814741910323, -3689348814741910323, -3689348814741910323, -3689348814741910323, -3689348814741910323, -3689348814741910323, -3689348814741910323, -3689348814741910323, -3689348814741910323, -3689348814741910323, -3689348814741910323, -3689348814741910323, -3689348814741910323, -3689348814741910323, -3689348814741910323, -3689348814741910323, -3689348814741910323, -3689348814741910323, -3689348814741910323, -3689348814741910323, -3689348814741910323, -3689348814741910323, -3689348814741910323, -3689348814741910323, -3689348814741910323, -3689348814741910323, -3689348814741910323, -3689348814741910323, -3689348814741910323, -3689348814741910323, -3689348814741910323, -3689348814741910323, -3689348814741910323, -3689348814741910323, -3689348814741910323, -3689348814741910323, -3689348814741910323, -3689348814741910323, -3689348814741910323, -3689348814741910323, -3689348814741910323, -3689348814741910323, -3689348814741910323, -3689348814741910323, -3689348814741910323, -3689348814741910323, -3689348814741910323, -3689348814741910323, -3689348814741910323, -3689348814741910323, -3689348814741910323]
len(predicted_full) = 200, len(input_sequence + seq_pred) = 200
is_manual_check: False
