test results being evaluated: data/test_linrec15.tsv
csv file used: ../linear_database_newbl.csv
The sequence ID inspected: A190870
csv results file used: ../linear_database_newbl.csv
Results we are looking at now:
('Could you give me a recursive equation in a form of a Python code for the following number sequence: 0,1,11,99,847,7139,59895,501787,4201967,35182323,294562279,2466173963', 'Certainly, the Python code is the following: lambda a_n: n + -9 * a_n[-1] - a_n[-2]')

Experiment type: Evaluation of the results of llms.
Ground truth: 
[0, 1, 11, 99, 847, 7139, 59895, 501787, 4201967, 35182323, 294562279, 2466173963, 20647543455, 172867150819, 1447292702999, 12117142414971, 101448127098703, 849352264956371, 7111016118348615, 59535427472794603, 498447347597071103, 4173141419166300867, 34938713963693745271, 292516742378972578907, 2449032458967435972015, 20503988716304398956211, 171665161782064797133991, 1437229027844015991437259, 12032885747078750368862047, 100742704605297902245862819, 843446264222544416589525975, 7061569405131434733075803707, 59121445643549804898864269327, 494981375166156289759839281043, 4144123322669623479583218166279, 34695766295710419900698935646123, 290482716154082902356857492449215, 2432003019189282688110055832726659, 20361413455692285717359749326110519, 170471481590450923752536014267229211, 1427235201469729875495981671765089903, 11949214621177108307900006075536946291, 100042186400614134125988470052074431335, 837581328740859092612073036911005926283, 7012466515335939067961057064875427699743, 58710342436396429710106020901587574318947, 491539503462970067316022974490203908114071, 4115307004491949286853920259557316354237947, 34454507973226100674440617416345993918107855, 288462833606664223108060545869544973305951571, 2415091994262332239350972421405382840167094471, 20219829597539041724483364626329221829107104619, 169286101699158149703595617618703017636502072447, 1417310867544880728800917772026490313761166495299, 11866125305612208723330991904679927063369785854455, 99346539275746919923020719966896410794321981502427, 831757175309747527239946097732902123343406507728687, 6963705064340790561332951235790202319302387991962163, 58302097850934250575383649443568378798771324741552679, 488121564944779363979895216691867715761832036333911883, 4086691061672019491120407095852040539807183255358871775, 34214927249607068394766783287151356191118711009601528099, 286456996388893323537785660049920026226547789487721630039, 2398298560786471054230773028231790452287414042153704312251, 20079230248095528478707218789451454398177503094960871573903, 168108964391748450072702400062866608429629425117188092443411, 1407455542851131324268167587323600695966018608199929842251655, 11783613754743978665350390659176542270174357337621090231013163, 98655729359458876184954610329822749660665521333433536011608383, 825973520349680107396792119126166316323484873240104911045402627, 6915282677938385905295711883131728987023692136305616229244044471, 57896692009629282595523404093673359898143946288079470478685631387, 484727393191277618634251783601508921165062182170150618222172966895, 4058274100892209587875254729555784215056517185533908449912818745331, 33977012459606197856674262785880430099990321033129679348153200926951, 284465106836039565490161286594457478368650153282680486931603197799179, 2381621901085098867544940371249662799855364623380632410588264755398047, 19939608561543217102210795778668226274298707484967985803975641957796579, 166940012353103213038330065397857907420467760620273930810790236917005335, 1397668747530184567172993212245736003590573802153717551231228483015533947, 11701675951063759552059663895950222076246021090044866585706128100996756047, 97969723016037294594850452186046250759713608343111746315680382484622569683, 820230082253007530398042368335603872679437227793242144586949389108919633479, 6867196998430262353291756103598625082760110122177205171511474865536419435243, 57494105173166720217452385036201590711413592332497929705713336960504381851135, 481356822939368150619557601119047746004827092969578712989594259523746972787139, 4030054738523381812031181141513090210401998991350411389359843441630120299933559, 33740752019091100618712725332024941902315792859523793597187204148408889897952091, 282487067962487706941153993538986376296629743645052679003142689916635142278934703, 2365061203167360562741013971624301417411979737186056009896451097817990987313335731, 19800957739666236637445765830009615313005922748855457170791822897831927730310129575, 165779188666646670631601116754371137260001596019316796660988127724155403312518039243, 1387950005060456170923805436037870972973887255737664705513449301213407026370875581023, 11620307904998791126266635227820415682992724700689342234106203503416058417204234527907, 97288486843656666628609267913191411107494452081354141053872353910881688009087317024471, 814526581370249928136835972033056377156599029479730022442259415944545282921467327655227, 6819445684512302543675791798273409104357711378487239143679661789350600975936219629669135, 57094317739489829561423318396280259850489646514805570086746572532076614511026134717945491, 478009690075117469214789082797067858059516461336142009793259738487129538150690650044679431, 4002031600557515911011366906049580721943908851371839565817432527652739400415022186696672939, 33506134424480090698399676145009895064073635215695111008540043557463283565250049752680454847, 280522783457015647640146365662018069822043992642465750645956963523735852408620059172158198659, 2348615660688610128676817147091981076632863944321830814917645640496902138059319556334770178615, 19663271031520367167361768573447394306876535549405892449883048847943734765662873817894991594267, 164626436811574616010089477071897753689718884268384539020525333236449235384986581757479963607407, 1378298842233872698429025339175032615835623944865300295328351590946179424390269175338589784607603, 11539505654717958130497310235343608193018047939613843390160310169206090489823256130059928431320679, 96611987672752340070031855126928972574814800548715670794539676860451048051469895573210237483160203, 808862739996480661899409581218659318076565751364367824156409621742427537790057216443994186825707295, 6772026411160735799352804580612815102196297652936301308240632948236779858558291678273310830453255779, 56697310242845519231093839599930461126474827652283222259205950752271172612759949699238547024820253079, 474685831625764523956270534825753140142904555810516816069971533413773741852077029769611179003051156731, 3974203322540808340434911411884814396789503905565454087067155951001545362892128434082474934487517156303, 33273148252182072217746073764566389281540642733388625004199341725913976671067718119975778341295563271251, 278572157678105010905638760348764365367577984144834885130715328063019745398118073769919113195525818545095, 2332284472911149531171612741015947454849463685458633986345483090723109712615809012829643121642281612028523, 19526541733104334602963687423502605965257384888858606376924576780567772440015301518187853847763529724321663, 163481700660102390946825081356177821611143032697354722446569716590337083162620518417814243649268631502910787, 1368714789132830939149874771600898706486910892116012606619926193321216921108489069195823895491157292596942071, 11459265265938887729818470697773973695910873093934334778994654361545970302615728355962149490118820325502325467, 95940192564405484366705932700293939112307564406725405223302821723938901064386252393275518690501563143392854575, 803238282357804797977758904352205908925344000407424092318448643009316565050702752494863416812903147416270240051, 6724936869518932121687817428467798337708017587533706100590272995175826392141232724791436173750900232424329839911, 56303063352836547783055295817397251718430625453907437075487132800729125882438099417818802741376033313509682957899, 471385085751785518936476270565078205473160493067240273617372454914152204079711973650595234332616561335271256058847, 3946568549507236657074022468233120722399291663753679394130380082439633475463193522964533917348509441790770791573539, 33041782158040321811211769198132607425982677453811187315851986898724619740341465332296777935516039510322511074014295, 276635095649284333467700966878330025793025035389342113803503494072298880683565861150044811109009226894150664399539387, 2316066844665240588298051713302712920351656485298917130889794723023346053231712235339963807617748626608562064766618767, 19390763187033391134989147575006581556421670559722561936110665083666231210510385643438616039397031901022868095642939923, 162344924474732009542323485632412712872901933480372004417641832013814930144516572900345572665776881125863183627206726279, 1359197379107317499995797095306395047360644515970195685999625520311307144958453817748151746456810990561991921795129310763, 11379582831736388290022651364457265837763247139103968448807760419120450131363627391422066612377829511412921099947874440255, 95273068808739286190341628912289233173461539178799347844893603163476194255913917315183394314106282833178309819933774006019, 797652934597931605713259588017121716477285493906505520420058905577588233925053287855731871982856861913877143820418276380599, 6678174766784983366658339632117975751433986571037975072032988691756994299545479985479015916901087258722725765986058012054171, 55911557873480321707550025016921055503273571415474604343121579686619996148649107507443073902289108883844686261797436052222703, 468107291739013904716566803279536144004461581007385196189611625334166083045139622901335462753356278030391582028078520309257971, 3919125935912585874316134285702634362977058819940795862537053125570186998226255486750942464436558662889724304549320130252938215, 32812024876780138713713007470579182824649492237186280171736128623920403153495738650430986928228307175118352545424793985978645003, 274711503054504636615888127890913055085649120570351572913282246100580320727475504446220121992907088342727943299587690980200454303, 2299961986310387951073083242447301583799851497055769138267909877380134658625324298598939629500955213917403620296119133090674807267, 19255928782215165456254376853320230209914085815065725916854799236968714188874106186771493240666551409551425070666381262433012885271, 161216052905538285095190314052681897465458211030496064043508774304292893587858033485309753798311050798882796130815572958768295978107, 1349746148752187496009497163806455807501930433404010734307790934133910117311208032229434440486757427777579405884310914772924972283215, 11300454472352220184010281892712012138281154124773204668428507240778567631490411617846964261791488587977951949849477457409272183597011, 94610583923326297111904163216090105756050225837617015197942179097618221365547951087269049188997711056650724518889411906497644629336391, 792106424764840424182719593737326896274367093468776664471936810776671947128238406367326327319562072687643026811095026908470102883566059, 6631737826100066129548023940356613532384933059728968974836576978395790548368567546120670518357233156317757355506478234050222949873826047, 55522774742274238093008432281701557138198187600705572104819736925266913195232998067246196500899199120367184320727169982566110185173633219, 464852289990815164173036228410871630807711536293723975706612412653228653083454492725053410106032060885048365706856348659122307139685792375, 3891874145568933567857213002322153681844466772015441146466702326829643093622873462496171188146570289087453967719422095633890954462723785307, 32583865221460335634622546000504514622519480693707925145588252516755043662015609247506708047279567840490929599362803381472109742016874206127, 272801286233547153487989319954462279847136018646447471379203326494053332222468485547658022380850699885476238303163551092247606164005692990643, 2283969113696891304406186507487985756623067629849347831968295036065975693882809937579090669149207206249438170148817387622337253479691390362279, 19122031953527766971732286543369673166216751518120981781308772213856559323816602631321520868262563871263342628967393139816262452668480048190923, 160095030987473827992119048812330718182676778842645147291094003558970687296560810317796734829605644046409129175367342010287467402800069942130015, 1340360637884601234535199232981505090352676033870435021013241050443833255138203655606690624023885679342706883091758113037204367472094208303229859, 11221876335006189364060572488925280193860547238036591990741583476584810685995902384682068698011418303748774872151257719182923759331434752608668119, 93952705651606855844891914252584970144707146873252941435866115132668585932914445808155561949600116395696972165645156424193665268259709696024292411, 786598482797539248284478462022078507326846576368977331998212429974488610170149051426705670089350077670193646634769050844105995245565242098876517903, 6585623786437580902541640968685994237411755108847185940391282196800665821347521757914340008091648293666796725338266117952905311799504049775107263891, 55136695029267526465699524491060209450338681517201544040343430705368574611079460205670215347042429521590503752756008178911626534392109221350896508935, 461619922020316011266778668090570430730666884294578893755169529429439672652228583588256888639450462276826013322874235373063975018724112339807501792683, 3864811851579590541689175810192950130129884733861933862419309348205727757730766294946081037399021635570095063990984409167647941449338832868162796522943, 32357292082928543710711803214129901955354060618000536823998673182815332536689400405465239861321327821180873410797595322636719905530796690074025722313347, 270904352177462988900667967531184018646037202653043360090760599350442647233506545971303855651756130050447516110971891547315664248953309267714701421942071, 2268087448127664916271687972132166362088619895587465150870395782832931803761405196764107135220248218488943462183143709922464468816808874763233149750469147, 18989066181500128323173872407767781572762000393095162737577620425452511602238313153036493663084095542268532729573199195106164543507924818505841215972435055, 158981804137692783396935461098537937334432366621122556794205117457653127941870530354591073319079590158197103857276029527873591664617377758773124081186464371, 1331040389521617794256464879113026116077992024184254544509548642674229152111332944533698945922025389810260422379425942514273888353616809339375858141657536871, 11143844593708554502088533526075452655500400200362103740132522485348151858503510722069684792122528304432528361313612718043793755268202592040125709772130689419, 93299401961318508049331641446343404656788577671929541162247677199996629097089293163025155903063252772932082682102369163167705764170658706975113928376971772447, 781128840512915389496700318336117492803665549983258670501808954522303579180904988907743649507000157804737285554226580997881300789976788751843487597159814329699, 6539830402493062107378407389877737518390972341033395469950449601345413530853990428398626714709610174847604322090240269387004781877990184716825857144464578632855, 54753299936139544612235074285260527860620053651735659418415148615308870097413984956414533572651708451619427260799658181303663983278402679344527701451594449708027, 458410030442687624372260854560555581062219198666357553263656743538798473392766045095790081575557369121166404782810954067826198614746645409019635858789318216865487, 3837937736274493886625697765890379778750770004991748578695090909389988065177318827012571158732793474397203052873328014757407577130088240553636385014747422491943763, 32132294429280305016692936624461954782889647684249368193845551645436302302309654105030900951398466097703572676384767172839306978906544447091568246268856646640340679, 269020608524044489677856952019493147479269184416924581401009068093219587891505180961063344973261670638000832277019222576569410071110047625827250238632979818220984683, 2252316216320322676089181866476261617048388779532684295146497612825816816155744600261016973775112122868530556166746570539798757246266546048085251207047931774343336575, 18857024991994570664068147586810028542988354517687186455789274243033154044100076621727793122114476597517817807739789379253259308144510958760738258027601693516915039299, 157876318152893178430787622392432558397807346544839996520459069191196724529674461633263350920206775869588323649469258619910279730171756533310245311748564129650512027639, 1321784949857944408129164599406937514430137012604121859697685727756434580856217392287885411435756049420079568373886478475441372252710080773676456752626968168783501439451, 11066355449073738563943482900842796373979745514658860533224443483114452449765553159234945805548767474489932131824427573591828940716032244777615627420428239004307251225903, 92650641042936347224536690722318134796314186383956784952119792303617416168584302121250924809449809132147502945843200783050408158316732915532889853066917329334142731817011, 775697231592677571063146974126957962531901648901029702742379958711273623959585153830591365181875016014844025504137801994534253045731352685754244580486669364580810523017255, 6494355444574853642754809519505538622332006037464277461219544115144426707846582045468984671192729375256039215736965404712767804020076755401573113617881181765037775653215563, 54372570795284483506913671283767849669950230136284398613082626174940674059201529115885821349118772775489862812015587807960692277214754550330710869025986273394637700678991583, 455222458967482538435444574692324496678148398674914280597078917391170027078592015274426372074066454274755628185958226983886723360920611434803211059692463008510183643098165027, 3811250491146049285637789553372676770720727322425800317080050315454175468562078527469202023134117995961534928181197565047618726871402125675559682538045395078929990659142000471, 31908861305321926296435904443868305551008735775835689314744817287390189558453839466123842068845835961532260389902092221878298081645169930865485864605265159681005857102402374587, 267149963553328104976763578708352472105240092440824975486431883221300224834626506523039818248353599665701095868936668009613666906926022474658031494820918064754604633625302110095, 2236654650369526776222809468026774471035448829780689565426364735111718302894907103498713475217281205169002325980457319224427778179992508742197657421714265199318522113625470970131, 18725901955891576228962105416710764795074655093889435758988510655360296385482194994978972225926314064213601476668423815257204888027545101721697538752796719767902441310123534249351, 156778519206677749441681351287229374383041331777608622909493593036505457576616188667796998030409268192631565071782600944891842648343160926610324463003050083061919367911598515399979, 1312593868243840566821328544991886292721812237488127265306682288983633512862169785456229589364123040706247983302903286458151761595168777954836223240472023078787259338204865915914047, 10989405128135335747317624266591702983513025313262010214364646132016848574798311489326991526336349547530833384752718930252048839283307017117771317459125152039297626626198357736254979, 92006391308124200750424638942687234378763409221143312521264097094545397039813691102559855823689138127301711599616035930693198477022664073289087580759992164698954187447674884948695735, 770303391570388821813683294504542112529110944540812213017882853135628698792387749362964600481180829354640493131216578772080108783016550429588994404259160466823948276148059864238043547]
Predicted:    
[0, 1, 11, 99, 847, 7139, 59895, 501787, 4201967, 35182323, 294562279, 2466173963, -22490127934, 199944977456, -1777014669156, 15793187044963, -140361668735495, 1247461831574509, -11086794815435068, 98533691507341122, -875716428750635010, 7782914167248373989, -69170511076484730869, 614751685521114203855, -5463594658613543103802, 48557600242000773730388, -431554807519393420469664, 3835435667432540010496615, -34087366199373466673999843, 302950860126928660055502001, -2692470374942984473825518136, 23929282514359931604374161254, -212671072254296399965541933118, 1890110367774307668085503236841, -16798322237714472612803987198417, 149294789771655945847150381548947, -1326854785707189040011549446742070, 11792398281593045414256794639129720, -104804729748630219688299602305425372, 931450169456078931780439626109698667, -8278246795356080166335657032681862591, 73572770988748642565240473668027064693, -653876692103381702920828605979561719604, 5811317457941686683722216980148028411786, -51647980429371798450579124215352693986426, 459020506406404499371489900958026217466093, -4079536577228268695892829984406883263208365, 36256808688648013763663979958703923151409239, -322231741620603855177082989643928425099474738, 2863828865896786682830082926836651902743863452, -25452228051450476290293663351885938699595296280, 226206223597157499929812887240136796393613803119, -2010403784322967023078022321809345228842928931739, 17867427835309545707772388009043970263192746582585, -158796446733462944346873469759586387139891790311472, 1411300592765856953414088839827233513995833366220718, -12542908888159249636379926088685515238822608505674934, 111474879400667389774005245958342403635407643184853745, -990731005717847258329667287536396117479846180158008713, 8805104172059957935193000341869222653683207978237224731, -78255206542821774158407335789286607765669025623977013806, 695491754713336009490473021761710247237338022637555899584, -6181170585877202311255849860066105617370373178114026082388, 54935043518181484791812175718833240309096020580388678841971, -488234221077756160815053731609433057164493812045384083495287, 4339172946181623962543671408766064274171348287828068072615677, -38564322294556859502077988947285145410377640778407228570045740, 342739727704830111556158229116800244419227418717836989057796050, -3046093227048914144503346073103917054362669127682125672950118642, 27072099315735397188973956428818453244844794730421294067493271797, -240602800614569660556262261786262162149240483446109520934489327461, 2138353106215391547817386399647541006098319556284564394342910675423, -19004575155323954269800215335041606892735635523114970028151706751274, 168902823291700196880384551615726921028522400151750165859022450086116, -1501120834469977817653660749206500682363965965842636522703050344023696, 13341184686938100162002562191242779220247171292431978538468430646127223, -118569541347972923640369398971978512299860575666045170323512825471121235, 1053784687444818212601322028556563831478498009701974554373146998593963969, -9365492645655390989771528858037095971006621511651725819034810161874554408, 83235649123453700695342437693777299907581095595163557816940144458277025782, -739755349465427915268310410385958603197223238844820294533426489962618677550, 6574562496065397536719451255779850128867428054008219092983898265205291072249, -58431307115123149915206750891632692556609629247229151542321657896885000972609, 519307201540042951700141306768914382880619235171054144787911022806759717681315, -4615333506745263415386065010028596753368963487292258151548877547363952458159142, 41018694359167327786774443783488456397440052150459269219151986903468812405751048, -364552915725760686665583929041367510823591505866841164820819004583855359193600204, 3239957547172678852203480917588819141014883500651111214168219054351229420336650875, -28795065008828348983165744329258004758310359999993159762693152484577209423836257583, 255915627532282461996288218045733223683778356499287326650070153306843655394189667461, -2274445582781713808983428218082341008395694848493592780087938227277015689123870749476, 20214094617503141818854565744695335851877475279943047694141373892186297546720647077914, -179652405974746562560707663484175681658501582670993836467184426802399662231361952951658, 1596657559155215921227514405612885799074636768759001480510518467329410662535536929487101, -14190265626422196728486921987031796510013229336160019488127481779162296300588470412432157, 126115733078644554635154783477673282791044427256681173912636817545131256042760696782402407, -1120851332081378794987906129312027748609386615973970545725603876127019008084257800629189410, 9961546255653764600256000380330576454693435116509053737617798067598039816715559508880302380, -88533064968802502607316097293663160343631529432607513092834578732255339342355777779293531912, 786836038463568758865588875262637866637990329776958564097893410522700014264486440504761484927, -6992991281203316327182983780070077639398281438560019563788206115972044789038022186763559832331, 62150085492366278185781265145368060887946542617263217509995961633225703087077713240367277006153, -552357778150093187344848402528242470352120602116808938026175448583059282994661396976541933222944, 4909069917858472407917854357608814172281138876434017224725583075614307843864874859548510122000446, -43629271482576158483915840815951085080178129285789346084504072231945711311789212338960049164780966, 387754373425326953947324712985950951549322024695670097535811067011897093962238036191091932361028353, -3446160089345366427042006576057607478863720092975241531737795530875128134348353113380867342084474105, 30627686430682970889430734471532516358224158812081503688104348710864256115172939984236714146399238699, -272203017786801371577834603667735039745153709215758291661201342866903176902208106744749559975508674078, 2419199473650529373311080698538082841348159224129743121262707737091264336004700020718509325633178828112, -21500592245067962988221891683175010532388279307951929799703168290954475847140092079721834370723100778820, 191086130731961137520685944450037011950146354547437625076065806881499018288256128696778000010874728181379, -1698274584342582274697951608367158097018928911618986695884889093642536688747165066191280165727149452853479, 15093385128351279334760878530854385861220213850023442637887936035901331180436229467024743491533470347500045, -134142191570818931738149955169322314653962995738591997045106535229469443935178900137031411258074083674646812, 1192186339009019106308588717993046446024446747797304530768070881029323664236173871766257957831133282724321378, -10595534859510353025039148506768095699566057734437148779867531394034443534190385945759290209222125460844245474, 94167627396584158119043747842919814850070072862137034488039711665280668143477299640067353925167995864873888005, -836913111709747070046354582079510237951064598024796161612489873593491569757105310814846895117289837323020746453, 7438050377991139472298147490872672326709511309361028420024369150676143459670470497693554702130440540042312830191, -66105540290210508180636972835774540702434537186224459618606832482491799567277129168427145424056675023057794725146, 587511812233903434153434608031098193995201323366659108147437123191750052645823692018150754114379634667477839696244, -5221500769814920399200274499444109205254377373113707513708327276243258674245136098994929641605360036984242762540928, 46405995116100380158649035886965884653294195034656708515227508362997578015560401198936216020333860698190707023172231, -412432455275088501028641048483248852674393377938796669123339247990734943465798474691431014541399386246732120446009027, 3665486102359696129099120400462273789416246206414513313594825723553616913176625871023942914852260615522398376990909137, -32576942465962176660863442555677215252071822479791823153230092263991817275123834364524055219128946153454853272472173080, 289526996091299893818671862600632663479230156111711895065476004652372738562937883409692554057308254765571281075258648710, -2573166022355736867707183320850016756060999582525615232436053949607362829791317116322708931296645346736686676404855665182, 22868967205110331915545978025049518141069766086618825196859009541813892729558916163494687827612499865864608806568442338057, -203247538823637250372206618904595646513566895197043811539295031926717671736238928355129481517215853446044792582711125377201, 1806358882207624921434313592116311300481032290686775478656796277798645152896591439032670645827330181148538524437831686056883, -16053982401044987042536615710142206057815723720983935496371871468261088704333084022938906330928755776890801927357774049134614, 142679482727197258461395227799163543219860481198168643988690046936551153186101164767417486332531471810868678821782134756154776, -1268061362143730339110020434482329682920928607062533860401838550960699289970577398883818470661854490520927307468681438756258236, 11269872776566375793528788682541803603068496982364636099627856911709742456549095425186948749624158942877477088396350814050169483, -100160793626953651802649077708393902744695544234219191036248873654426982818971281427798720275955575995376366488098475887695266975, 890177269866016490430312910693003321099191401125608083226612005978133102914192437425001533733976025015509821304489932175207233429, -7911434635167194762070167118528635987148027065896253558003259180148770943408760655397215083329828649144212025252310913689169833748, 70312734446638736368201191156064720563233052191940673938802720615360805387764653461149934216234481817282398405966308291027321270442, -624903175384581432551740553286053849081949442661569811891221226358098477546473120494952192862780507706397373628444463705556721600090, 5553815844014594156597463788418419921174311931762187633082188316607525492530493430993419801548790087540293964250033865058983173130509, -49359439420746765976825433542479725441486857943198118885848473623109630955227967758445826021076330280156248304621860321825291836574349, 438681138942706299634831438093899109052207409557020882339554074291379153104521216395019014388138182433865940777346709031368643356038775, -3898770811063609930736657509302612256028379828069989822170138194999302746985462979796725303472167311624637218691498520960492498367774482, 34650256160629783076995086145629611195203211043072887517191689680702345569764645601775508716861367622187869027446139979613063841953931708, -307953534634604437762219117801363888500800519559585997832555068931321807380896347436182853148280141288066184028323761295557082079217610744, 2736931555550810156782976974066645385312001464993201092975803930701193920858302481323870169617659903970407787227467711680400674871004565135, -24324430465322686973284573648798444579307212665379223838949680307379423480343825984478648673410658994445603901018885643828048991759823475323, 216182942632353372602778185865119355828452912523419813457571318835713617402236131378983967891078271046040027321942503082772040250967406712921, -1921322053225857666451719099137275757876769000045399097279192189214043133139781356426377062346293780419914641996463642101120313266946836940816, 17075715536400365625462693706370362465062468087885172062055158384090674580855796076458409593225565752733191750646230275827310779151554125754574, -151760117774377432962712524258195986427685443790921149461217233267602028094562383331699309276683797994178811113819608840344676699097040294850198, 1348765344432996531038950024617393515384106526030405173088899941024327578270205653908835373896928616194876108273730249287274779512721808527897361, -11987127982122591346387837697298345652029273290482725408338882235951346176337288501847819055795673747759706163349752634745128338915399236456225897, 106535386494670325586451589251067717352879353088314123501961040182537788008765390862721536128264135113642479361874043463418880270725871319578135867, -946831350469910338931676465562311110523884904504344386109310479406888745902551229262646006098581542275022608093516638536024794097617442639746996750, 8414946767734522724798636600809732277362084787450785351481833274479460925114195672501092518758969745361560993479775703360804266607831112438144835040, -74787689559140794184256052941725279385734878182552723777227188990908259580125209823247186662732146165979026333224464691711213605372862569303556518452, 664674259264532624933505839874717782194251818855523728643562867643694875296012692736723587445830345748449676005540406522040118181747932011293863831187, -5907280643821652830217296505930734760362531491517160834014838619802345618083989024807265100349740965570068057716639194006649850030358525532341217962071, 52500851535130342847022162713501895061068531604798923777489984710577415687459888530528662315701838344382162843444212339537808532091478797779777097827613, -466600383172351432792982167915586320789254252951673153163395023775394395569055007749950695740966804133869397533281271861833626938792950654485652662486284, 4146902597016032552289817348526774992042219744960259454693065229267972144434035181219027599352999398860442414956087234416964833917045077092591096864549106, -36855522989971941537815373968825388607590723451690661939074192039636354904337261623221297698436027785610112337071503837890849878314612743178834219118455506, 327552804312731441288048548370901722476274291320255697996974663127459221994601319427772651686571250671630568618687447306600684070914469611516916875201550613, -2911119715824611030054621561369290113678877898430610620033697776107496643047074613226732567480705228259065005231115521921515306759915613760473417657695499845, 25872524638108767829203545503952709300633626794555239882306305321840010565429070199612820455639775803659954478461352249987037076768326054232743842044057948159, -229941602027154299432777287974205093592023763252566548320723050120452598445814557183288651533277277004680525300921054727961818384155018874334221160738826033418, 2043601893606279927065792046263893133027580242478543695004201145762233375446901944449985043343855717238464773229828140301669328380626843814775246604605376352772, -18162475440429365044159351128400833103656198419054326706717087261739647780576302942866576738561424178141502433767532207987062137041486575458642998280709561141360, 161418677070258005470368368109343604799878205529010396665449584209894596649739824541349205603708961886035057130677961731581889904992752335313011737921780673919639, -1434605618191892684189155961855691610095247651342039243282329170627311722067082117929276273694819232796174011742334123376249947007893284442358462643015316504135219, 12750031886656776152232035288591880886057350656549342792875512951435910901953999236822137257649664133279531048550329148654667633166046807645913152049216067863297505, -113315681361719092685899161635471236364420908257602045892597287392295886395518911013469959045152157966719605425210628214515758751486527984370859905799929294265542152, 1007091100368815058020860419430649246393730823661869070240500073579227066657716199884407494148719757567196917778345324781987161130212705051691826000150147580526582038, -8950504221957616429501844613240371981179156504699219586271903374820747713523926887946197488293325660138052654579897294823368691420427817480855574095551398930473696014, 79547446897249732807495741099732698584218677718631107206206630299807502355057625791631369900491211183675276973440730328628331061653637652276008340859812442793736682265, -706976517853289978837959825284353915276788942962980745269587769323446773481994705236736131616127574992939440106386675662831610863462311053003219493642760586213156444193, 6283241213782360076734142686459452538906881808948195600220083293611213458982894721338993814644656963752779683984039350636856166709507161824752967101925032833124671315651, -55842194406187950711769324352850718934885147337570779656711161873177474357364057786814208200185785098782077715749967480068873889522102145369773484423682534911908885396486, 496296508441909196329189776489197017875059444229188821310180373564986055757293625359988879987027408925285919757765667969983008838989412146503208392711217781374055297252904, -4410826381570994816250938664049922441940649850725128612134912200211697027458278570453085711683060895228791200104141044249778205661382607173159102049977277497454588789879468, 39201140925697044149929258199960104959590789212296968687904029428340287191367213508717782525160520648133834881179503730278020842113454052411928710057084279695717243811662491, -348399441949702402533112385135591022194376453059947589579001352654850887694846643008006957014761624937975722730511392528252409373359703864534199288463781239764000605515082767, 3096393836621624578648082208020359094789797288327231337523108144465317702062252573563344830607694103793647669693423029023993663518123880728395864886116946878180288205824082597, -27519145087644918805299627487047640830913799141885134448128971947533008430865426519062096518454485309204853304510295868687690562289755222691028584686588740663858593246901660420, 244575911952182644669048565175408408383434394988638978695637639383331758175726586097995523835482673679050032070899239789165221397089673123490861397293181719096547051016290861370, -2173664062481998883216137459091628034619995755755865673812609782502452815150673848362897618000889577802245435333582862233799302011517302888726723990952046731205064865899716091722, 19318400650385807304276188566649243903196527406814152085617850403138743578180338049168083038172523526541158885931346520315028496706566052875049654521275238861749036742081153964317, -171691941790990266855269559640751567094148750905571503096748043845746239388472368594149849725551822161068184538048535820601457168347577172986720166700525103024536265812830669586941, 1525909075468526594393149848200114859944142230743329375785114544208577410918070979298180564491793875923072501956505475865098086018421628504005431845783450688359077355573394872318343, -13561489737425749082683079074160282172403131325784392878969282854031450458874166445089475230700593061146584333070500746965281316997447079363062166445350531092207159934347723181277954, 120527498561363215149754561819242424691684039701316206534938431142074476718949427026507096511813543674396186495678001246822433766958602085763554066162371329141505362053556113759183436, -1071185997314843187265107977299021540052753225986061465935476597424638840011670676793474393375621300008419094128031510474436622585629971692508924429015991431181341098547657300651372776, 9520146477272225470236217233871951435783094994173236986884350945679675083386086664114762443868778156401375660656605593023107169503711143146816765794981551551490564524875359592103171743, -84610132298135186044860847127548541381995101721573071416023681913692436910463109300239387601443382107603961851781418826733527902947770316628841967725817972532233739625330579028277172715, 751971044205944448933511406914064921002172820499984405757328786277552257110781897038039725969121660812034281005376163847578643957026221706512760943737380201238613092103099851662391382889, -6683129265555364854356741815099035747637560282778286580399935394584277877086573964042118146120651565200704567196604055801474267710288225041986006525910603838615284089302568085933245273088, 59396192345792339240277164928977256807735869724504594817842089764980948636668383779341023589116742425994306823764060338365689765435567803671361297789458054346298943711620012921736816075102]
len(predicted_full) = 200, len(input_sequence + seq_pred) = 200
is_manual_check: False
