test results being evaluated: data/test_linrec15.tsv
csv file used: ../linear_database_newbl.csv
The sequence ID inspected: A190978
csv results file used: ../linear_database_newbl.csv
Results we are looking at now:
('Could you give me a recursive equation in a form of a Python code for the following number sequence: 0,1,8,58,416,2980,21344,152872,1094912,7842064,56167040,402283936,2881269248', 'Certainly, the Python code is the following: lambda a_n: 7 * ( 4 + a_n[-1] )')

Experiment type: Evaluation of the results of llms.
Ground truth: 
[0, 1, 8, 58, 416, 2980, 21344, 152872, 1094912, 7842064, 56167040, 402283936, 2881269248, 20636450368, 147803987456, 1058613197440, 7582081654784, 54304974053632, 388947302500352, 2785748575681024, 19952304790446080, 142903946869482496, 1023517746213183488, 7330718288488572928, 52504639830629482496, 376052808914104422400, 2693394632329058484224, 19290840205147841339392, 138166353847208379809792, 989585789546779990441984, 7087688193290989644677120, 50763990809047237214765056, 363585797312631959850057728, 2604102433646772255511871488, 18651304685298386284994625536, 133585822880506456746885775360, 956778754932261336265118449664, 6852715102175051949639632945152, 49081048287806847579526352863232, 351532095689404468938373025234944, 2517770475788394666029826084700160, 18032971232170730514608370526191616, 129157147002635476120688007701331968, 925059348628059425877853838453506048, 6625531907008662550298702661420056576, 47453899164300943847122498260639416320, 339878001872355575475187770116594991104, 2434300619993038940718767171368923430912, 17435136948710178072899010750251817500672, 124875291869723190938879482973800999419904, 894391513265524459073641799288897090355200, 6405880354905856526955857496468370726322176, 45880693759653705461205009176013583268446208, 328610267947794504527904928429298441789636608, 2353597981024433803456009372378306034706415616, 16857122240508703400480645408450657626913505280, 120735390037923024383109107033335424807069548544, 864740386860331974661988983815979452695075356672, 6193510754655117650997257228327823072718185562112, 44359643716078949360006123923726707865575032356864, 317716085200700888974065448019846724488291145482240, 2275570819309133415632486840616413548712878969716736, 16298270043268861991215502036812228042773284884840448, 116732735430296095435929095250799343049909005260423168, 836072263182755591540139749785521376142632332774342656, 5988181692880268159705543426779374950841604630632202240, 42889019963945611728403508915521871349877043048411561984, 307183069554283284868994810763498721093966716603499282432, 2200130436650592608581537432614858540652471474537524887552, 15757945075879041159438330596337875998655971496679203405824, 112862777987128773624017420175013856745332943126208477921280, 808354553441755942035509377822083597970727716029592602935296, 5789659759611274894539970501526585643293824069479489955954688, 41467150756239663504106707745280183558526226259658364030025728, 296999247492249658665613838953081954608446865660389972504477696, 2127191075400559288300270465152974535516417567725169595855667200, 15235533118250976354408480687505304556480659347839016931818471424, 109121118493604455105466222709124589238746769376361117879413768192, 781555749239329782717278897547964886571090198923854841444399316992, 5597719282953011531105433844128971557136240975132672024278711926784, 40092419768188113552539797367743983137663386607518247145563299512320, 287153042447786839233685775877178035758489647009349945018834124537856, 2056669820973166032554247422810960387241936856429690077277293199228928, 14730440313098607225031864727224614883384556969381420948105340846604288, 105503503578949861604929433280931156743624834616473227121178967577460736, 755645386753007249489244277884101564648691335115497291280799695540060160, 5412142072550358826284377623387225576727781673225138967519323758855716864, 38763264259884827113339555319793195225930105375108127992469791897605373952, 277633261643776463949010176818022208347074152961514190134642392627708690432, 1988486507590902748912044082625418495421012591441464753122320389636037279744, 14242092490864563207602291600095214713285655813762632884170708761322046095360, 102005820881371089167346068305009206733759170961452274554631747752760145084416, 730594012105781334093154796839502365590359432809042399132029729454148884103168, 5232717171558024137741161964885963684320320436703625545728447349116630202318848, 37478173299829505097370366938050695281020406896774749971035400416208148313931776, 268429083369287895952515963715089780142241332553976246493912519234965405297541120, 1922563627155326137035905508092414069451808219051161472125087751382474352496738304, 13769934517026881720572148282448773874761017757085434298037226895650002388188659712, 98624094373283096942361753211035706581377292742376505551547288656905172990528847872, 706373147884103485215461135993593009402452235396499438624154947881341369595098824704, 5059240616833129300069518568682529835731354126717736475683955851109299918817617510400, 36235686047360413489263381733498680629436119601362895173726717121586351132970347134976, 259530044677884532113689942455894266021100832050596742535710001866035009550857072017408, 1858826241138913775973939249246162044392189938796596569243319712198761969609034493329408, 13313429661044003015109374339233930759010914518069192098732297686393885699567133514530816, 95354479841518541465031359218394473805734176511773957374398463217958513778882861156270080, 682955260765884313629594627711752205891807924985776506402793919625304796033660088162975744, 4891515207077963260246568866383650804300058340815568306975960577694687285595983538366185472, 35034390092028400200194983164798693199049619176609887417390921103805669508565907777951629312, 250926029493759422040080452120087640766596603367985689497271605364277232354951360993415921664, 1797201895397904975119473717971908966938475111884226191473827316291383841788215441279617597440, 12872058986220683268715307031054745890908221274865895394806988898145407340176015364276445249536, 92193260517378036299005613940606513325634919527621806009612947287414955670678830266533856411648, 660313730221700190779753069338523631259630028571779075708061644910447201324374549946612179795968, 4729350278669333308443990871064549970123230711408501769606815475559087876570923417973694299897856, 33872919848024465322873408552485257973428065519837339702606153935010019804621140044109881320407040, 242607257112179722732323323193494763966685139890247707003208338626725631177543579845036884763869184, 1737620537809290989921346134233046563892912726002957617810029785403744930592621798495635790188511232, 12445320759801249582976829134703403927343190968682174700460988251469605657675712908894865012924874752, 89136842851554250724286556272228952035388051393439651896827727299334375677849972480185105362267930624, 638422818253626508296431475369611192719045265335424166971855888885857371476745502388111652820594196480, 4572561488919686562025732465323515829540033814322755424393880747290852717746864184223782590391145988096, 32749955001835733446427270870370459480005998922569498393319910645011677513114440459461590806205602725888, 234564271081167748199263772171022580862807788494619454600196000676348303798434338570350030907297945878528, 1680014438638327584915546552145957890022426314421538646441648541540716365308788065806030702421149950672896, 12032729882619614190128789784141527635002563784404592443932012328267641099679698495026145433925411930112000, 86181752429126948011537038960256473739885952388707507672806207376896830605584859565372979256876395736858624, 617257640137297898951523572977202624109072236403232506718857585045568798246600685552826961451458694314196992, 4420970606523621503542966350056082150433262176893615007714023436103169402339296327030377816070411180092424192, 31664219011365184634634589362585441458811663996729525021399041978551942429234766502926060759854537274854211584, 226787928451779748055818916800347038767893738912474510124908195211796523019842354061226219182413831118279147520, 1624318113546046876638743798227263661390279927319418930870871309823060529583330233472253388900183425297107910656, 11633817337657696524775036885016027058514876985080504386217521307313705098547587743410669796106984415667188400128, 83324630019985290938367832290764634499777336316727521504514942599571277610880720546451838035454774773554859737088, 596794136133936148358292437016020913647129428623337145718814412952687990295760237911150685506996291694435747495936, 4274405308951577441236132502383579502178371411086332036723425648024076256700797580010494455843241684914156821544960, 30614477654809002639739305396972510535544194716950633419474518706476482111831819212617051533703955729146640087384064, 219269389384762556470497648161478607271283329269087075135455595763667399354449768220873445534572195723688179769802752, 1570468249149246435925545352909993794957001465850992800566797653870480302164607230491285255074353831414625597634117632, 11248129656885396148581376934311078716028311751193419953721647656381838021190159234605041367387397476974875702454124544, 80562227760187690573097743357028666958484485214441402826372395327831822356533630493892619408653056827311252033828290560, 577009044140189147693293685250362863371706011208370702888649276684363550725128088543510707064900069756640762055901577216, 4132698986560387038107763021860730905222741178380317206150959841507917471661822925384729940067282217089258584244242874368, 29599537627641961418702342063383670061551693359792313431875783071957158468943814871816775278148857318174224101618533531648, 212000107101773369120972158375904975061077099808056604218100505526609762921579581422225822584787165242858241307482811006976, 1518403631048335184455563214626937780119306638305698953153549345781135152558973762146905929009404178033820585850151286865920, 10875228405776041260918672766760072390587990507597251999919791733089422642942312608641892496566510432813415238956313428885504, 77891405459918318980616002846318952443988084230943822280437037790028570228184658296253704398475658394304398396549599709888512, 557879873244690304279415986169991185208376730801967066243977551921692025967823390718178280208406204557554695738658917105795072, 3995690553198012520351631872282015767003085341030073596269198188633364786373479175967904015276395686094611175529973738587029504, 28618245186115958337136559061236179024774422343428786372689720197536766135180893063434162440960728261411561229807836406061465600, 204971818169739591574982681256197337596176866701249849403902572448493940363206269451665875436027451974724822785282848816969547776, 1468065074241220982577042095682161626620768399549426076995082258402730926094564797232722028842455246229329214903415772099387588608, 10514689684911330311166440677920108987389085996187909519537242632530883766577280761151780978123477257986284782515629083893283422208, 75309127033843316593869272849267902139388077572206719694327447509830684576050857305817915651933086586514302970704538038549941846016, 539384878161278550883955538726622563190770104600526300437396124283460174008943173879632639346723829144196715070542529805039834234880, 3863224263087168507508428672717373092689832371370970085333204309208697284615240247202153620862192113634487902740113010209019022802944, 27669484835729676754763696149379249362374038343364602880041257727968817232868262934339433130817193934210722931497648902841913177014272, 198176533107314402993058997158729756342853312518691002528330835968498354155254661991502543321364398791878856035540513161481191279296512, 1419395355844137163415889800373562554568582270089340402946399141380173929844827718325983747786012026729766510695338211874798051172286464, 10166103648109210889368764420036121898491538285602577208401208115230401313827093774658854722359909821086858949349462616029497261702512640, 72812457049808864134454776558047599860520812664284575249531270073562166931547783887314935292163206408316272530623671656987189786586382336, 521503034509815647739425625944164067493217271600661138745842911897114927569419708450566354003146192340009026548892597559720534722475982848, 3735149533779671997108676348205026940782613296819581658469555674735546418966070964280641220272190300270174577207398750535841139060289568768, 26752178063178482090432857029975231121301602744952686435281387926501681786312049463541731638158645248121342458365834418928405904147460653056, 191606527302749824740810798150571687325717142178704001531433769363600175776699969922650005783636020183349692203682282848212200398817947811840, 1372339150042927705383889243024722111877927520959915893639781827349791315495727462599949656440136289978069482879263256272127167765658818576384, 9829074036526922694626249155294346771069117314607103139929652002616729469305619881263697216819274198724457709812012353087744139732362861740032, 70398557391957815324706657784206441497285373391097329757598525056835087861470594274509879795913375849927244781220519287069190111264949982461952, 504214014916500986429895767341885451351868283241136019221210288438980326075931034908496855066391361607071211990892080178027056051725422689255424, 3611320774980260999490926192029844961831234025582504175224091157170832081438624713620915561755650637757006227239813525701801307746213681619271680, 25865282110343082077348034932187446986538662505213217286465467526732774695053411499516343363646856932413622545973155724546248125659356916818640896, 185254332232863090621838722305320506121321895888210713240379193270837205071795543714405253538640951632766943004346364642159177158797573244833497088, 1326842965200846232510621568849439367051343192074406402204240741006300992404043880718143968127246471467653808758931982789995928516424444457756131328, 9503217728209591316353940216963591899682814161265986938191650768425384708801577783458720223786126061944628812045377674467012365178610116193048068096, 68064684034471653135767792322612098995154454137681457092307761701365271715988358983360897981525529666751107643809429498996123350330334262797847756800, 487498165906515677188018697279115240563138748133855735109312189000369865475097405166134862509487480962341088278203169945166912611571013405224493645824, 3491597223045295498689542824297249330534183260244757138320650941794767293504849087428913512186746669698222060362768782567358560790586101665008862625792, 25007788788923269926388230410703303200894633593154922695909334400355919155188208268434498922437048471811729953232931240867867010655262732888723939131392, 179112726973114386418968586339842929623951969183770838737350769552078749480476571622902510306375907756304507263686837231538784720498585253119738337296384, 1282855083051375471793419308254523617786247951911237173723350150014494480912683323372613088916384971219565678390097110407103075700057105627625563063582720, 9188164302572317455833542947997131364546271800187272357362696582803483350418607157243489649492824323218698383538655859867591897277465333502286074484883456, 65808183922270286815907827734449909209652686690030755816561471762340899917872757317712238662444284758432192997968664216498116724019380034252535217497571328, 471336485562728389792261364187616485489943862719122412388315594601906299240470415598236971402597332128145353682517378572779382408490248273006565293071269888, 3375842780968205397442643947094232428661634781612794764207155926241204994416526780879622339246112948474569671472327043283246358923805705978537311039584731136, 24178723334369272840787583391628160516353415076587623639327353842318202159889391753447556885553319595027685249683512074829294576939504158190259096558250229760, 173174729989144950341644803450459889558857511923024220529375895181098387312615973342302721048949879069374063968634134338934878461973199029650848906228493451264, 1240325499906943965688432927253910153372739604924668022399043038394877885541591436217736427078279114984826400250972002262503260234148567288065236670478446231552, 8883555619320682023457594597328521889628771767859198856016088936072432760457035649688075090332533645462366818195971212066416811101349344126616799926456609144832, 63626491955123792393530159215104714196793736513325582713734453258210194770406736580198182160190594473789976144061937682956314927405903349284542979388782195769344, 455710601925066247007495706136866582236577261499449468573779092449246961600511678743457006739529553917545608243319674191252018552639130729516643035551517911285760, 3263925863669787221698784693804304372711855672915642252307826020044714524181653010466466960955092864497625009082185767432278258856677625740425886408079450115670016, 23377143297807900291545303313613235488275381814328441207019933605662234423850154011270993647203565592475726423197568094310713959537586221546307233051326493457645568, 167433591200444479002169718346080057669931920477133676142312512725029588245711314027369147411897967552820061331087430149892042123160624017927902545962135246967144448, 1199205869816708430268085926886961048429803072931098761896380500166263299422589588151327217411962346867706132109514032633272053228059474814145376969389123014991282176, 8589045411331000568131669105019208041418833060585988038317168924979928865906448821046402854824310969624728688889587680166824173085512054405595600479340172638127390720, 61517128071747753963444837278831898040771846047101311735159068398841851130716053039463259534122713675791592718459617245534961065315739586359892542018386643015071432704, 440602752105996028298768683600539936077661770013294565651369533640855235850289731389427659144035843588584369614339411883278743484012844364445566733271052108291807117312, 3155719248417481702609480445131328100376663083823748654800001858733790780018021532878641715947550466653925400603957591593020181480208317397405178614058097008244028342272, 22602137474703877451083231459447385186547334050510221844491797668025194825042433874692567772716188671699896987145624261444488990937589472992568028512838463416201384034304]
Predicted:    
[0, 1, 8, 58, 416, 2980, 21344, 152872, 1094912, 7842064, 56167040, 402283936, 2881269248, 20168884764, 141182193376, 988275353660, 6917927475648, 48425492329564, 338978446306976, 2372849124148860, 16609943869042048, 116269607083294364, 813887249583060576, 5697210747081424060, 39880475229569968448, 279163326606989779164, 1954143286248928454176, 13679003003742499179260, 95753021026197494254848, 670271147183382459783964, 4691898030283677218487776, 32843286211985740529414460, 229903003483900183705901248, 1609321024387301285941308764, 11265247170711109001589161376, 78856730194977763011124129660, 551997111364844341077868907648, 3863979779553910387545082353564, 27047858456877372712815576474976, 189335009198141608989709035324860, 1325345064386991262927963247274048, 9277415450708938840495742730918364, 64941908154962571883470199116428576, 454593357084738003184291393815000060, 3182153499593166022290039756705000448, 22275074497152162156030278296935003164, 155925521480065135092211948078545022176, 1091478650360455945645483636549815155260, 7640350552523191619518385455848706086848, 53482453867662341336628698190940942607964, 374377177073636389356400887336586598255776, 2620640239515454725494806211356106187790460, 18344481676608183078463643479492743314533248, 128411371736257281549245504356449203201732764, 898879602153800970844718530495144422412129376, 6292157215076606795913029713466010956884905660, 44045100505536247571391207994262076698194339648, 308315703538753732999738455959834536887360377564, 2158209924771276130998169191718841758211522642976, 15107469473398932916987184342031892307480658500860, 105752286313792530418910290394223246152364609506048, 740266004196547712932372032759562723066552266542364, 5181862029375833990526604229316939061465865865796576, 36273034205630837933686229605218573430261061060576060, 253911239439415865535803607236530014011827427424032448, 1777378676075911058750625250655710098082791991968227164, 12441650732531377411254376754589970686579543943777590176, 87091555127719641878780637282129794806056807606443131260, 609640885894037493151464460974908563642397653245101918848, 4267486201258262452060251226824359945496783572715713431964, 29872403408807837164421758587770519618477485009009994023776, 209106823861654860150952310114393637329342395063069958166460, 1463747767031584021056666170800755461305396765441489707165248, 10246234369221088147396663195605288229137777358090427950156764, 71723640584547617031776642369237017603964441506632995651097376, 502065484091833319222436496584659123227751090546430969557681660, 3514458388642833234557055476092613862594257633825016786903771648, 24601208720499832641899388332648297038159803436775117508326401564, 172208461043498828493295718328538079267118624057425822558284810976, 1205459227304491799453070028299766554869830368401980757907993676860, 8438214591131442596171490198098365884088812578813865305355955738048, 59067502137920098173200431386688561188621688051697057137491690166364, 413472514965440687212403019706819928320351816361879399962441831164576, 2894307604758084810486821137947739498242462714533155799737092818152060, 20260153233306593673407747965634176487697239001732090598159649727064448, 141821072633146155713854235759439235413880673012124634187117548089451164, 992747508432023089996979650316074647897164711084872439309822836626158176, 6949232559024161629978857552212522535280152977594107075168759856383107260, 48644627913169131409852002865487657746961070843158749526181318994681750848, 340512395392183919868964020058413604228727495902111246683269232962772255964, 2383586767745287439082748140408895229601092471314778726782884630739405791776, 16685107374217012073579236982862266607207647299203451087480192415175840542460, 116795751619519084515054658880035866250453531094424157612361346906230883797248, 817570261336633591605382612160251063753174717660969103286529428343616186580764, 5722991829356435141237678285121757446272223023626783723005705998405313306065376, 40060942805495045988663747995852302123905561165387486061039941988837193142457660, 280426599638465321920646235970966114867338928157712402427279593921860351997203648, 1962986197469257253444523651796762804071372497103986816990957157453022463980425564, 13740903382284800774111665562577339628499607479727907718936700102171157247862978976, 96186323675993605418781658938041377399497252358095354032556900715198100735040852860, 673304265731955237931471612566289641796480766506667478227898305006386705145285970048, 4713129860123686665520301287964027492575365365546672347595288135044706936017001790364, 32991909020865806658642109015748192448027557558826706433167016945312948552119012532576, 230943363146060646610494763110237347136192902911786945032169118617190639864833087728060, 1616603542022424526273463341771661429953350320382508615225183830320334479053831614096448, 11316224794156971683914243392401630009673452242677560306576286812242341353376821298675164, 79213573559098801787399703746811410067714165698742922146034007685696389473637749090726176, 554495014913691612511797926227679870473999159891200455022238053799874726315464243635083260, 3881465104395841287582585483593759093317994119238403185155666376599123084208249705445582848, 27170255730770889013078098385156313653225958834668822296089664636193861589457747938119079964, 190191790115396223091546688696094195572581711842681756072627652453357031126204235566833559776, 1331342530807773561640826820872659369008071982898772292508393567173499217883429648967834918460, 9319397715654414931485787746108615583056503880291406047558754970214494525184007542774844429248, 65235784009580904520400514222760309081395527162039842332911284791501461676288052799423911004764, 456650488067066331642803599559322163569768690134278896330378993540510231734016369595967377033376, 3196553416469464321499625196915255144988380830939952274312652954783571622138114587171771639233660, 22375873915286250250497376378406786014918665816579665920188570683485001354966802110202401474635648, 156631117407003751753481634648847502104430660716057661441319994784395009484767614771416810322449564, 1096417821849026262274371442541932514731014625012403630089239963490765066393373303399917672257146976, 7674924752943183835920600097793527603117102375086825410624679744435355464753613123799423705800028860, 53724473270602286851444200684554693221819716625607777874372758211047488253275291866595965940600202048, 376071312894216007960109404791882852552738016379254445120609307477332417772927043066171761584201414364, 2632499190259512055720765833543179967869166114654781115844265152341326924410489301463202331089409900576, 18427494331816584390045360834802259775084162802583467810909856066389288470873425110242416317625869304060, 128992460322716090730317525843615818425589139618084274676368992464725019296113975771696914223381085128448, 902947222259012635112222680905310728979123977326589922734582947253075135072797830401878399563667595899164, 6320630555813088445785558766337175102853867841286129459142080630771525945509584812813148796945673171294176, 44244413890691619120498911364360225719977074889002906213994564415400681618567093689692041578619712199059260, 309710897234841333843492379550521580039839524223020343497961950907804771329969655827844291050337985393414848, 2167976280643889336904446656853651060278876669561142404485733656354633399309787590794910037352365897753903964, 15175833964507225358331126597975557421952136686927996831400135594482433795168513135564370261466561284277327776, 106230837751550577508317886185828901953664956808495977819800949161377036566179591948950591830265928989941294460, 743615864260854042558225203300802313675654697659471844738606644129639255963257143642654142811861502929589061248, 5205311049825978297907576423105616195729582883616302913170246508907474791742800005498578999683030520507123428764, 36437177348781848085353034961739313370107080185314120392191725562352323542199600038490052997781213643549864001376, 255060241441472936597471244732175193590749561297198842745342078936466264795397200269430370984468495504849048009660, 1785421690090310556182298713125226355135246929080391899217394552555263853567780401886012596891279468533943336067648, 12497951830632173893276090991876584485946728503562743294521761867886846974974462813202088178238956279737603352473564, 87485662814425217252932636943136091401627099524939203061652333075207928824821239692414617247672693958163223467314976, 612399639700976520770528458601952639811389696674574421431566331526455501773748677846902320733708857707142564271204860, 4286797477906835645393699210213668478679727876722020950020964320685188512416240744928316245135962003949997949898434048, 30007582345347849517755894471495679350758095137054146650146750244796319586913685214498213715951734027649985649289038364, 210053076417434946624291261300469755455306665959379026551027251713574237108395796501487496011662138193549899545023268576, 1470371534922044626370038829103288288187146661715653185857190761995019659758770575510412472081634967354849296815162880060, 10292600744454312384590271803723018017310026632009572301000335333965137618311394028572887304571444771483945077706140160448, 72048205211180186692131902626061126121170186424067006107002347337755963328179758200010211132000113400387615543942981123164, 504337436478261306844923318382427882848191304968469042749016431364291743297258307400071477924000793802713308807600867862176, 3530362055347829147914463228676995179937339134779283299243115019550042203080808151800500345468005556618993161653206075035260, 24712534387434804035401242600738966259561373943454983094701805136850295421565657062603502418276038896332952131572442525246848, 172987740712043628247808698205172763816929617604184881662912635957952067950959599438224516927932272274330664921007097676727964, 1210914184984305397734660887436209346718507323229294171640388451705664475656717196067571618495525905920314654447049683737095776, 8476399294890137784142626212053465427029551262605059201482719161939651329597020372473001329468681341442202581129347786159670460, 59334795064230964488998383484374257989206858838235414410379034133577559307179142607311009306280769390095418067905434503117693248, 415343565449616751422988684390619805924448011867647900872653238935042915150253998251177065143965385730667926475338041521823852764, 2907404958147317259960920790734338641471136083073535306108572672545300406051777987758239456007757700114675485327366290652766969376, 20351834707031220819726445535140370490297952581514747142760008707817102842362445914307676192054303900802728397291564034569368785660, 142462842949218545738085118745982593432085668070603229999320060954719719896537121400153733344380127305619098781040948241985581499648, 997239900644529820166595831221878154024599676494222609995240426683038039275759849801076133410660891139333691467286637693899070497564, 6980679304511708741166170818553147078172197735459558269966682986781266274930318948607532933874626237975335840271006463857293493482976, 48864755131581961188163195729872029547205384148216907889766780907468863924512232640252730537122383665827350881897045247001054454380860, 342053285921073728317142370109104206830437689037518355228367466352282047471585628481769113759856685660791456173279316729007381180666048, 2394373001447516098219996590763729447813063823262628486598572264465974332301099399372383796318996799625540193212955217103051668264662364, 16760611010132612687539976135346106134691446762838399406190005851261820326107695795606686574232977597378781352490686519721361677852636576, 117324277070928288812779832947422742942840127339868795843330040958832742282753870569246806019630843181651469467434805638049531744968456060, 821269939496498021689458830631959200599880891379081570903310286711829195979277093984727642137415902271560286272043639466346722214779192448, 5748889576475486151826211814423714404199166239653570996323172006982804371854939657893093494961911315900922003904305476264427055503454347164, 40242227035328403062783482700966000829394163677574996974262204048879630602984577605251654464733379211306454027330138333850989388524180430176, 281695589247298821439484378906762005805759145743024978819835428342157414220892043236761581253133654479145178191310968336956925719669263011260, 1971869124731091750076390652347334040640314020201174851738847998395101899546244302657331068771935581354016247339176778358698480037684841078848, 13803083873117642250534734566431338284482198141408223962171935988765713296823710118601317481403549069478113731374237448510889360263793887551964, 96621587111823495753743141965019367991375386989857567735203551921359993077765970830209222369824843486346796119619662139576225521846557212863776, 676351109782764470276201993755135575939627708929002974146424863449519951544361795811464556588773904404427572837337634977033578652925900490046460, 4734457768479351291933413956285949031577393962503020819024974044146639660810532570680251896121417330830993009861363444839235050570481303430325248, 33141204379355459043533897694001643221041757737521145733174818309026477625673727994761763272849921315816951069029544113874645353993369124012276764, 231988430655488213304737283858011502547292304162648020132223728163185343379716095963332342909949449210718657483206808797122517477953583868085937376, 1623919014588417493133160987006080517831046129138536140925566097142297403658012671743326400369646144475030602382447661579857622345675087076601561660, 11367433102118922451932126909042563624817322903969752986478962679996081825606088702203284802587523011325214216677133631059003356419725609536210931648, 79572031714832457163524888363297945373721260327788270905352738759972572779242620915422993618112661079276499516739935417413023494938079266753476521564, 557004222003827200144674218543085617616048822294517896337469171319808009454698346407960955326788627554935496617179547921891164464566554867274335650976, 3899029554026790401012719529801599323312341756061625274362284199238656066182888424855726687287520392884548476320256835453238151251965884070920349556860, 27293206878187532807089036708611195263186392292431376920535989394670592463280218973990086811012642750191839334241797848172667058763761188496442446898048, 191052448147312729649623256960278366842304746047019638443751925762694147242961532817930607677088499251342875339692584937208669411346328319475097128286364, 1337367137031189107547362798721948567896133222329137469106263480338859030700730729725514253739619494759400127377848094560460685879424298236325679898004576, 9361569959218323752831539591053639975272932556303962283743844362372013214905115108078599776177336463315800891644936661923224801155970087654279759286032060, 65530989714528266269820777137375479826910527894127735986206910536604092504335805756550198433241355243210606241514556633462573608091790613579958315002224448, 458716928001697863888745439961628358788373695258894151903448373756228647530350640295851389032689486702474243690601896434238015256642534295059708205015571164, 3211018496011885047221218079731398511518615866812259063324138616293600532712454482070959723228826406917319705834213275039666106796497740065417957435108998176, 22477129472083195330548526558119789580630311067685813443268970314055203728987181374496718062601784848421237940839492925277662747575484180457925702045762987260, 157339906304582367313839685906838527064412177473800694102882792198386426102910269621477026438212493938948665585876450476943639233028389263205479914320340910848, 1101379344132076571196877801347869689450885242316604858720179545388704982720371887350339185067487457572640659101135153338605474631198724842438359400242386375964, 7709655408924535998378144609435087826156196696216234011041256817720934879042603211452374295472412203008484613707946073370238322418391073897068515801696704631776, 53967587862471751988647012266045614783093376873513638077288797724046544153298222480166620068306885421059392295955622513591668256928737517279479610611876932422460, 377773115037302263920529085862319303481653638114595466541021584068325809073087557361166340478148197947415746071689357595141677798501162620956357274283138526957248, 2644411805261115847443703601036235124371575466802168265787151088478280663511612901528164383347037385631910222501825503165991744589508138346694500919981969688700764, 18510882636827810932105925207253645870601028267615177860510057619347964644581290310697150683429261699423371557512778522161942212126556968426861506439873787820905376, 129576178457794676524741476450775521094207197873306245023570403335435752512069032174880054784004831895963600902589449655133595484885898778988030545079116514746337660, 907033249204562735673190335155428647659450385113143715164992823348050267584483225224160383488033823271745206318126147585935168394201291452916213815553815603224363648, 6349232744431939149712332346088000533616152695792006006154949763436351873091382576569122684416236762902216444226883033101546178759409040170413496708876709222570545564, 44444629211023574047986326422616003735313068870544042043084648344054463111639678035983858790913657340315515109588181231710823251315863281192894476962136964557993818976, 311112404477165018335904284958312026147191482093808294301592538408381241781477746251887011536395601382208605767117268621975762759211042968350261338734958751905956732860]
len(predicted_full) = 200, len(input_sequence + seq_pred) = 200
is_manual_check: False
