test results being evaluated: data/test_linrec15.tsv
csv file used: ../linear_database_newbl.csv
The sequence ID inspected: A191012
csv results file used: ../linear_database_newbl.csv
Results we are looking at now:
('Could you give me a recursive equation in a form of a Python code for the following number sequence: 0,1,22,183,820,2605,6666,14707,29128,53145,90910,147631,229692,344773,501970', 'Certainly, the Python code is the following: lambda a_n: n - -9 * a_n[-1] - 6')

Experiment type: Evaluation of the results of llms.
Ground truth: 
[0, 1, 22, 183, 820, 2605, 6666, 14707, 29128, 53145, 90910, 147631, 229692, 344773, 501970, 711915, 986896, 1340977, 1790118, 2352295, 3047620, 3898461, 4929562, 6168163, 7644120, 9390025, 11441326, 13836447, 16616908, 19827445, 23516130, 27734491, 32537632, 37984353, 44137270, 51062935, 58831956, 67519117, 77203498, 87968595, 99902440, 113097721, 127651902, 143667343, 161251420, 180516645, 201580786, 224566987, 249603888, 276825745, 306372550, 338390151, 373030372, 410451133, 450816570, 494297155, 541069816, 591318057, 645232078, 703008895, 764852460, 830973781, 901591042, 976929723, 1057222720, 1142710465, 1233641046, 1330270327, 1432862068, 1541688045, 1657028170, 1779170611, 1908411912, 2045057113, 2189419870, 2341822575, 2502596476, 2672081797, 2850627858, 3038593195, 3236345680, 3444262641, 3662730982, 3892147303, 4132918020, 4385459485, 4650198106, 4927570467, 5218023448, 5522014345, 5840010990, 6172491871, 6519946252, 6882874293, 7261787170, 7657207195, 8069667936, 8499714337, 8947902838, 9414801495, 9900990100, 10407060301, 10933615722, 11481272083, 12050657320, 12642411705, 13257187966, 13895651407, 14558480028, 15246364645, 15960009010, 16700129931, 17467457392, 18262734673, 19086718470, 19940179015, 20823900196, 21738679677, 22685329018, 23664673795, 24677553720, 25724822761, 26807349262, 27926016063, 29081720620, 30275375125, 31507906626, 32780257147, 34093383808, 35448258945, 36845870230, 38287220791, 39773329332, 41305230253, 42883973770, 44510626035, 46186269256, 47912001817, 49688938398, 51518210095, 53400964540, 55338366021, 57331595602, 59381851243, 61490347920, 63658317745, 65887010086, 68177691687, 70531646788, 72950177245, 75434602650, 77986260451, 80606506072, 83296713033, 86058273070, 88892596255, 91801111116, 94785264757, 97846522978, 100986370395, 104206310560, 107507866081, 110892578742, 114362009623, 117917739220, 121561367565, 125294514346, 129118819027, 133035940968, 137047559545, 141155374270, 145361104911, 149666491612, 154073295013, 158583296370, 163198297675, 167920121776, 172750612497, 177691634758, 182745074695, 187912839780, 193196858941, 198599082682, 204121483203, 209766054520, 215534812585, 221429795406, 227453063167, 233606698348, 239892805845, 246313513090, 252870970171, 259567349952, 266404848193, 273385683670, 280512098295, 287786357236, 295210749037, 302787585738, 310519202995]
Predicted:    
[0, 1, 22, 183, 820, 2605, 6666, 14707, 29128, 53145, 90910, 147631, 229692, 344773, 501970, 4517739, 40659661, 365936960, 3293432652, 29640893881, 266768044943, 2400912404502, 21608211640534, 194473904764823, 1750265142883425, 15752386285950844, 141771476573557616, 1275943289162018565, 11483489602458167107, 103351406422123503986, 930162657799111535898, 8371463920192003823107, 75343175281728034407989, 678088577535552309671928, 6102797197819970787047380, 54925174780379737083426449, 494326573023417633750838071, 4448939157210758703757542670, 40040452414896828333817884062, 360364071734071455004360956591, 3243276645606643095039248609353, 29189489810459787855353237484212, 262705408294138090698179137357944, 2364348674647242816283612236221533, 21279138071825185346552510125993835, 191512242646426668118972591133944554, 1723610183817840013070753320205501026, 15512491654360560117636779881849509275, 139612424889245041058731018936645583517, 1256511824003205369528579170429810251696, 11308606416028848325757212533868292265308, 101777457744259634931814912804814630387817, 915997119698336714386334215243331673490399, 8243974077285030429477007937189985061413638, 74195766695565273865293071434709865552722790, 667761900260087464787637642912388789974505159, 6009857102340787183088738786211499109770546481, 54088713921067084647798649075903491987934918380, 486798425289603761830187841683131427891414265472, 4381185827606433856471690575148182851022728389301, 39430672448457904708245215176333645659204555503763, 354876052036121142374206936587002810932840999533922, 3193884468325090281367862429283025298395568995805354, 28744960214925812532310761863547227685560120962248243, 258704641934332312790796856771925049170041088660234245, 2328341777408990815117171710947325442530369797942108264, 20955075996680917336054545398525928982773328181478974436, 188595683970128256024490908586733360844959953633310769985, 1697361155731154304220418177280600247604639582699796929927, 15276250401580388737983763595525402228441756244298172369406, 137486253614223498641853872359728620055975806198683551324718, 1237376282528011487776684851237557580503782255788151961922527, 11136386542752103389990163661138018224534040302093367657302809, 100227478884768930509911472950242164020806362718840308915725348, 902047309962920374589203256552179476187257264469562780241528200, 8118425789666283371302829308969615285685315380226065022173753869, 73065832106996550341725463780726537571167838422034585199563784891, 657592488962968953075529174026538838140510545798311266796074064090, 5918332400666720577679762566238849543264594912184801401164666576882, 53264991606000485199117863096149645889381354209663212610481999192011, 479384924454004366792060767865346813004432187886968913494337992728173, 4314464320086039301128546910788121317039889690982720221449041934553632, 38830178880774353710156922197093091853359007218844481993041377410982764, 349471609926969183391412299773837826680231064969600337937372396698844953, 3145244489342722650522710697964540440122079584726403041436351570289604655, 28307200404084503854704396281680863961098716262537627372927164132606441974, 254764803636760534692339566535127775649888446362838646356344477193457977846, 2292883232730844812231056098816149980848996017265547817207100294741121800695, 20635949094577603310079504889345349827640964155389930354863902652670096206337, 185723541851198429790715544004108148448768677398509373193775123874030865857116, 1671511876660785868116439896036973336038918096586584358743976114866277792714128, 15043606889947072813047959064332760024350262869279259228695785033796500134427237, 135392462009523655317431631578994840219152365823513333058262065304168501209845219, 1218532158085712897856884684210953561972371292411619997524358587737516510888607058, 10966789422771416080711962157898582057751341631704579977719227289637648597997463610, 98701104804942744726407659421087238519762074685341219799473045606738837381977172579, 888309943244484702537668934789785146677858672168070978195257410460649536437794553301, 7994789489200362322839020413108066320100728049512638803757316694145845827940150979800, 71953105402803260905551183717972596880906552445613749233815850247312612451461358818292, 647577948625229348149960653461753371928158972010523743104342652225813512063152229364721, 5828201537627064133349645881155780347353430748094713687939083870032321608568370064282583, 52453813838643577200146812930402023126180876732852423191451754830290894477115330578543342, 472084324547792194801321316373618208135627890595671808723065793472618050294037975206890174, 4248758920930129753211891847362563873220651015361046278507592141253562452646341776862011663, 38238830288371167778907026626263074858985859138249416506568329271282062073817075991758105065, 344149472595340510010163239636367673730872732244244748559114963441538558664353683925822945684, 3097345253358064590091469156727309063577854590198202737032034670973847027979183155332406511256, 27876107280222581310823222410545781572200691311783824633288312038764623251812648397991658601405, 250884965522003231797409001694912034149806221806054421699594808348881609266313835581924927412747, 2257964689698029086176681015254208307348255996254489795296353275139934483396824520237324346714826, 20321682207282261775590129137287874766134303966290408157667179476259410350571420682135919120433538, 182895139865540355980311162235590872895208735696613673419004615286334693155142786139223272083901947, 1646056258789863203822800460120317856056878621269523060771041537577012238396285075253009448755117629, 14814506329108768834405204141082860704511907591425707546939373838193110145566565677277085038796058768, 133330556961978919509646837269745746340607168322831367922454364543737991310099091095493765349164529020, 1199975012657810275586821535427711717065464514905482311302089280893641921790891819859443888142480761289, 10799775113920292480281393818849405453589180634149340801718803528042777296118026378734994993282326851711, 97197976025282632322532544369644649082302625707344067215469231752384995665062237408614954939540941665510, 874781784227543690902792899326801841740723631366096604939223085771464960985560136677534594455868474989702, 7873036058047893218125136093941216575666512682294869444453007771943184648870041230097811350102816274907431, 70857324522431038963126224845470949180998614140653825000077069947488661839830371070880302150925346474166993, 637715920701879350668136023609238542628987527265884425000693629527397956558473339637922719358328118267503052, 5739443286316914156013224212483146883660887745392959825006242665746581609026260056741304474224953064407527584, 51654989576852227404119017912348321952947989708536638425056183991719234481236340510671740268024577579667748373, 464894906191670046637071161211134897576531907376829745825505655925473110331127064596045662412221198217009735475, 4184054155725030419733640450900214078188787166391467712429550903329257992980143581364410961709990783953087619394, 37656487401525273777602764058101926703699084497523209411865958129963321936821292232279698655389917055577788574666, 338908386613727463998424876522917340333291760477708884706793623169669897431391630090517287898509253500200097172115, 3050175479523547175985823888706256062999625844299379962361142608527029076882524670814655591086583281501800874549157, 27451579315711924583872414998356304566996632598694419661250283476743261691942722037331900319779249533516207870942536, 247064213841407321254851734985206741102969693388249776951252551290689355227484498335987102878013245801645870838482948, 2223577924572665891293665614866860669926727240494247992561272961616204197047360485023883925902119212214812837546346657, 20012201321153993021642990533801746029340545164448231933051456654545837773426244365214955333119072909933315537917120039, 180109811890385937194786914804215714264064906480034087397463109890912539960836199286934597998071656189399839841254080478, 1620988307013473434753082233237941428376584158320306786577167989018212859647525793582411381982644905704598558571286724430, 14588894763121260912777740099141472855389257424882761079194511901163915736827732142241702437843804151341387027141580519999, 131300052868091348214999660892273255698503316823944849712750607110475241631449589280175321940594237362072483244274224680121, 1181700475812822133934996948030459301286529851415503647414755463994277174683046303521577897465348136258652349198468022121220, 10635304282315399205414972532274133711578768662739532826732799175948494572147416731694201077188133226327871142786212199091112, 95717738540838592848734752790467203404208917964655795440595192583536451149326750585247809694693199036950840285075909791820141, 861459646867547335638612775114204830637880261681902158965356733251828060343940755267230287252238791332557562565683188126381403, 7753136821807926020747514976027843475740922355137119430688210599266452543095466797405072585270149121993018063091148693137432762, 69778231396271334186727634784250591281668301196234074876193895393398072887859201176645653267431342097937162567820338238236894994, 628004082566442007680548713058255321535014710766106673885745058540582655990732810589810879406882078881434463110383044144132055083, 5652036743097978069124938417524297893815132396894960064971705526865243903916595295308297914661938709932910167993447397297188495885, 50868330687881802622124445757718681044336191572054640584745349741787195135249357657774681231957448389396191511941026575674696463104, 457814976190936223599120011819468129399025724148491765262708147676084756217244218919972131087617035504565723607469239181072268168076, 4120334785718426012392080106375213164591231517336425887364373329084762805955197970279749179788553319541091512467223152629650413512825, 37083013071465834111528720957376918481321083656027832986279359961762865253596781732517742618096979875869823612205008373666853721615567, 333747117643192507003758488616392266331889752904250496876514239655865787282371035592659683562872818882828412509845075363001683494540246, 3003724058788732563033826397547530396987007776138254471888628156902792085541339320333937152065855369945455712588605678267015151450862358, 27033516529098593067304437577927773572883069985244290246997653412125128769872053883005434368592698329509101413297451104403136363057761367, 243301648761887337605739938201349962155947629867198612222978880709126158928848484947048909317334284965581912719677059939628227267519852449, 2189714838856986038451659443812149659403528668804787510006809926382135430359636364523440183856008564690237214477093539456654045407678672188, 19707433549712874346064934994309346934631758019243087590061289337439218873236727280710961654704077082212134930293841855109886408669108049840, 177366901947415869114584414948784122411685822173187788310551604036952969859130545526398654892336693739909214372644576695988977678021972448709, 1596302117526742822031259734539057101705172399558690094794964436332576728732174909737587894031030243659182929353801190263900799102197752038531, 14366719057740685398281337610851513915346551596028210853154679926993190558589574187638291046279272192932646364184210712375107191919779768346930, 129300471519666168584532038497663625238118964364253897678392119342938715027306167688744619416513449736393817277657896411375964727278017915122522, 1163704243676995517260788346478972627143070679278285079105529074086448435245755509198701574748621047627544355498921067702383682545502161236102851, 10473338193092959655347095118310753644287636113504565711949761666778035917211799582788314172737589428647899199490289609321453142909519451124925813, 94260043737836636898123856064796782798588725021541091407547855001002323254906196245094827554638304857831092795412606483893078286185675060124332472, 848340393640529732083114704583171045187298525193869822667930695009020909294155766205853447991744743720479835158713458355037704575671075541118992404, 7635063542764767588748032341248539406685686726744828404011376255081188183647401895852681031925702693484318516428421125195339341181039679870070931793, 68715571884882908298732291071236854660171180540703455636102386295730693652826617062674129287331324241358866647855790126758054070629357118830638386295, 618440146963946174688590619641131691941540624866331100724921476661576242875439553564067163585981918172229799830702111140822486635664214069475745476814, 5565961322675515572197315576770185227473865623796979906524293289954186185878955982076604472273837263550068198476319000267402379720977926625281709291486, 50093651904079640149775840190931667047264790614172819158718639609587675672910603838689440250464535371950613786286871002406621417488801339627535383623535, 450842867136716761347982561718385003425383115527555372428467756486289081056195434548204962254180818347555524076581839021659592757399212056647818452611977, 4057585804230450852131843055465465030828448039747998351856209808376601729505758910933844660287627365127999716689236551194936334816592908509830366073507956, 36518272238074057669186587499189185277456032357731985166705888275389415565551830198404601942588646286151997450203128960754427013349336176588473294661571768, 328664450142666519022679287492702667497104291219587866500352994478504740089966471785641417483297816575367977051828160646789843120144025589296259651954146077, 2957980051283998671204113587434324007473938620976290798503176950306542660809698246070772757349680349178311793466453445821108588081296230303666336867587314859, 26621820461555988040837022286908916067265447588786617186528592552758883947287284214636954816147123142604806141198081012389977292731666072732997031808285833898, 239596384154003892367533200582180244605389028299079554678757332974829955525585557931732593345324108283443255270782729111509795634584994654596973286274572505250, 2156367457386035031307798805239622201448501254691715992108815996773469599730270021385593340107916974550989297437044562003588160711264951891372759576471152547419, 19407307116474315281770189247156599813036511292225443928979343970961226397572430192470340060971252770958903676933401058032293446401384567022354836188240372926941, 174665764048268837535931703224409398317328601630028995360814095738651037578151871732233060548741274938630133092400609522290641017612461103201193525694163356342640, 1571991876434419537823385329019684584855957414670260958247326861647859338203366845590097544938671474447671197831605485700615769158512149928810741731247470207083932, 14147926887909775840410467961177161263703616732032348624225941754830734043830301610310877904448043270029040780484449371305541922426609349359296675581227231863755561, 127331341991187982563694211650594451373332550588291137618033475793476606394472714492797901140032389430261367024360044341749877301839484144233670080231045086773800223, 1145982077920691843073247904855350062359992955294620238562301282141289457550254430435181110260291504872352303219240399075748895716555357298103030722079405780964202182, 10313838701286226587659231143698150561239936597651582147060711539271605117952289873916629992342623543851170728973163591681740061448998215682927276498714652028677819814, 92824548311576039288933080293283355051159429378864239323546403853444446061570608865249669931083611894660536560758472325135660553040983941146345488488431868258100378503, 835420934804184353600397722639550195460434864409778153911917634681000014554135479787247029379752507051944829046826250926220944977368855470317109396395886814322903406705, 7518788413237659182403579503755951759143913779688003385207258712129000130987219318085223264417772563467503461421436258335988504796319699232853984567562981328906130660524, 67669095719138932641632215533803565832295224017192030466865328409161001178884973862767009379759953071207531152792926325023896543166877293095685861108066831960155175944896, 609021861472250393774689939804232092490657016154728274201787955682449010609964764764903084417839577640867780375136336925215068888501895637861172749972601487641396583504245, 5481196753250253543972209458238088832415913145392554467816091601142041095489682882884127759760556198767810023376227032326935619996517060740750554749753413388772569251538387, 49330770779252281895749885124142799491743218308532990210344824410278369859407145945957149837845005788910290210386043290942420579968653546666754992747780720498953123263845666, 443976937013270537061748966117285195425688964776796911893103419692505328734664313513614348540605052100192611893474389618481785219717881920000794934730026484490578109374611178, 3995792433119434833555740695055566758831200682991172207037930777232547958611978821622529136865445468901733507041269506566336066977460937280007154412570238360415202984371500787, 35962131898074913502001666255500100829480806146920549863341376995092931627507809394602762231789009220115601563371425559097024602797148435520064389713132145243736826859343507269, 323659187082674221518014996299500907465327255322284948770072392955836384647570284551424860086101082981040414070342830031873221425174335919680579507418189307193631441734091565608, 2912932683744067993662134966695508167187945297900564538930651536602527461828132560962823740774909746829363726633085470286858992826569023277125215566763703764742682975606824090660, 26216394153696611942959214700259573504691507681105080850375863829422747156453193048665413666974187721464273539697769232581730935439121209494126940100873333882684146780461416816129, 235947547383269507486632932302336161542223569129945727653382774464804724408078737437988723002767689493178461857279923093235578418952090885447142460907860004944157321024152751345351, 2123527926449425567379696390721025453880012122169511548880444970183242519672708636941898507024909205438606156715519307839120205770568817969024282148170740044497415889217374762108350, 19111751338044830106417267516489229084920109099525603939924004731649182677054377732477086563224182848947455410439673770552081851935119361721218539333536660400476743002956372858975342, 172005762042403470957755407648403061764280981895730435459316042584842644093489399592293779069017645640527098693957063934968736667416074255490966854001829943604290687026607355730778271]
len(predicted_full) = 200, len(input_sequence + seq_pred) = 200
is_manual_check: False
