test results being evaluated: data/test_linrec15.tsv
csv file used: ../linear_database_newbl.csv
The sequence ID inspected: A192979
csv results file used: ../linear_database_newbl.csv
Results we are looking at now:
('Could you give me a recursive equation in a form of a Python code for the following number sequence: 1,1,4,9,19,36,65,113,192,321,531,872,1425,2321,3772', 'Certainly, the Python code is the following: lambda a_n: a_n[-2] + ( n * n + 6 ) + a_n[-2]')

Experiment type: Evaluation of the results of llms.
Ground truth: 
[1, 1, 4, 9, 19, 36, 65, 113, 192, 321, 531, 872, 1425, 2321, 3772, 6121, 9923, 16076, 26033, 42145, 68216, 110401, 178659, 289104, 467809, 756961, 1224820, 1981833, 3206707, 5188596, 8395361, 13584017, 21979440, 35563521, 57543027, 93106616, 150649713, 243756401, 394406188, 638162665, 1032568931, 1670731676, 2703300689, 4374032449, 7077333224, 11451365761, 18528699075, 29980064928, 48508764097, 78488829121, 126997593316, 205486422537, 332484015955, 537970438596, 870454454657, 1408424893361, 2278879348128, 3687304241601, 5966183589843, 9653487831560, 15619671421521, 25273159253201, 40892830674844, 66165989928169, 107058820603139, 173224810531436, 280283631134705, 453508441666273, 733792072801112, 1187300514467521, 1921092587268771, 3108393101736432, 5029485689005345, 8137878790741921, 13167364479747412, 21305243270489481, 34472607750237043, 55777851020726676, 90250458770963873, 146028309791690705, 236278768562654736, 382307078354345601, 618585846917000499, 1000892925271346264, 1619478772188346929, 2620371697459693361, 4239850469648040460, 6860222167107733993, 11100072636755774627, 17960294803863508796, 29060367440619283601, 47020662244482792577, 76081029685102076360, 123101691929584869121, 199182721614686945667, 322284413544271814976, 521467135158958760833, 843751548703230576001, 1365218683862189337028, 2208970232565419913225, 3574188916427609250451, 5783159148993029163876, 9357348065420638414529, 15140507214413667578609, 24497855279834305993344, 39638362494247973572161, 64136217774082279565715, 103774580268330253138088, 167910798042412532704017, 271685378310742785842321, 439596176353155318546556, 711281554663898104389097, 1150877731017053422935875, 1862159285680951527325196, 3013037016698004950261297, 4875196302378956477586721, 7888233319076961427848248, 12763429621455917905435201, 20651662940532879333283683, 33415092561988797238719120, 54066755502521676572003041, 87481848064510473810722401, 141548603567032150382725684, 229030451631542624193448329, 370579055198574774576174259, 599609506830117398769622836, 970188562028692173345797345, 1569798068858809572115420433, 2539986630887501745461218032, 4109784699746311317576638721, 6649771330633813063037857011, 10759556030380124380614495992, 17409327361013937443652353265, 28168883391394061824266849521, 45578210752407999267919203052, 73747094143802061092186052841, 119325304896210060360105256163, 193072399040012121452291309276, 312397703936222181812396565713, 505470102976234303264687875265, 817867806912456485077084441256, 1323337909888690788341772316801, 2141205716801147273418856758339, 3464543626689838061760629075424, 5605749343490985335179485834049, 9070292970180823396940114909761, 14676042313671808732119600744100, 23746335283852632129059715654153, 38422377597524440861179316398547, 62168712881377072990239032052996, 100591090478901513851418348451841, 162759803360278586841657380505137, 263350893839180100693075728957280, 426110697199458687534733109462721, 689461591038638788227808838420307, 1115572288238097475762541947883336, 1805033879276736263990350786303953, 2920606167514833739752892734187601, 4725640046791570003743243520491868, 7646246214306403743496136254679785, 12371886261097973747239379775171971, 20018132475404377490735516029852076, 32390018736502351237974895805024369, 52408151211906728728710411834876769, 84798169948409079966685307639901464, 137206321160315808695395719474778561, 222004491108724888662081027114680355, 359210812269040697357476746589459248, 581215303377765586019557773704139937, 940426115646806283377034520293599521, 1521641419024571869396592293997739796, 2462067534671378152773626814291339657, 3983708953695950022170219108289079795, 6445776488367328174943845922580419796, 10429485442063278197114065030869499937, 16875261930430606372057910953449920081, 27304747372493884569171975984319420368, 44180009302924490941229886937769340801, 71484756675418375510401862922088761523, 115664765978342866451631749859858102680, 187149522653761241962033612781946864561, 302814288632104108413665362641804967601, 489963811285865350375698975423751832524, 792778099917969458789364338065556800489, 1282741911203834809165063313489308633379, 2075520011121804267954427651554865434236, 3358261922325639077119490965044174067985, 5433781933447443345073918616599039502593, 8792043855773082422193409581643213570952, 14225825789220525767267328198242253073921, 23017869644993608189460737779885466645251, 37243695434214133956728065978127719719552, 60261565079207742146188803758013186365185, 97505260513421876102916869736140906085121, 157766825592629618249105673494154092450692, 255272086106051494352022543230294998536201, 413038911698681112601128216724449090987283, 668310997804732606953150759954744089523876, 1081349909503413719554278976679193180511553, 1749660907308146326507429736633937270035825]
Predicted:    
[1, 1, 4, 9, 19, 36, 65, 113, 192, 321, 531, 872, 1425, 2321, 3772, 4873, 7806, 10041, 15942, 20449, 32290, 41345, 65070, 83225, 130722, 167081, 262126, 334897, 525042, 670641, 1050990, 1342249, 2103010, 2685593, 4207182, 5372417, 8415666, 10746209, 16832782, 21493945, 33667170, 42989577, 67336110, 85981009, 134674162, 171964049, 269350446, 343930313, 538703202, 687863033, 1077408910, 1375728673, 2154820530, 2751460161, 4309643982, 5502923353, 8619291106, 11005849961, 17238585582, 22011703409, 34477174770, 44023410545, 68954353390, 88046825065, 137908710882, 176093654361, 275817426126, 352187313217, 551634856882, 704374631201, 1103269718670, 1408749267449, 2206539442530, 2817498540233, 4413078890542, 5634997086097, 8826157786866, 11269994178129, 17652315579822, 22539988362505, 35304631166050, 45079976731577, 70609262338830, 90159953470049, 141218524684722, 180319906947329, 282437049376846, 360639813902233, 564874098761442, 721279627812393, 1129748197530990, 1442559255633073, 2259496395070450, 2885118511274801, 4518992790149742, 5770237022558633, 9037985580308706, 11540474045126681, 18075971160627022, 23080948090263169, 36151942321264050, 46161896180536545, 72303884642538510, 92323792361083705, 144607769285087842, 184647584722178441, 289215538570186926, 369295169444368337, 578431077140385522, 738590338888748561, 1156862154280783150, 1477180677777509449, 2313724308561578850, 2954361355555031673, 4627448617123170702, 5908722711110076577, 9254897234246354866, 11817445422220166849, 18509794468492723662, 23634890844440347865, 37019588936985461730, 47269781688880710377, 74039177873970938350, 94539563377761435889, 148078355747941892082, 189079126755522887409, 296156711495883800046, 378158253511045790953, 592313422991767616482, 756316507022091598553, 1184626845983535249870, 1512633014044183214273, 2369253691967070517170, 3025266028088366446241, 4738507383934141052302, 6050532056176732910713, 9477014767868282123106, 12101064112353465840201, 18954029535736564265262, 24202128224706931699729, 37908059071473128550130, 48404256449413863419345, 75816118142946257120430, 96808512898827726859145, 151632236285892514261602, 193617025797655453739321, 303264472571785028544526, 387234051595310907500257, 606528945143570057110962, 774468103190621815022721, 1213057890287140114244430, 1548936206381243630068249, 2426115780574280228511970, 3097872412762487260159913, 4852231561148560457047662, 6195744825524974520343857, 9704463122297120914119666, 12391489651049949040712369, 19408926244594241828264302, 24782979302099898081450025, 38817852489188483656554210, 49565958604199796162925977, 77635704978376967313134670, 99131917208399592325878529, 155271409956753934626296242, 198263834416799184651784289, 310542819913507869252620046, 396527668833598369303596473, 621085639827015738505268322, 793055337667196738607221513, 1242171279654031477010565550, 1586110675334393477214472273, 2484342559308062954021160690, 3172221350668786954428974481, 4968685118616125908042351662, 6344442701337573908857979593, 9937370237232251816084734306, 12688885402675147817715990521, 19874740474464503632169500302, 25377770805350295635432013089, 39749480948929007264339033010, 50755541610700591270864058945, 79498961897858014528678099150, 101511083221401182541728151385, 158997923795716029057356232162, 203022166442802365083456337001, 317995847591432058114712498926, 406044332885604730166912708977, 635991695182864116229425033202, 812088665771209460333825453681, 1271983390365728232458850102510, 1624177331542418920667650943849, 2543966780731456464917700241890, 3248354663084837841335301924953, 5087933561462912929835400521422, 6496709326169675682670603887937, 10175867122925825859670801081266, 12993418652339351365341207814689, 20351734245851651719341602201742, 25986837304678702730682415668985]
len(predicted_full) = 200, len(input_sequence + seq_pred) = 200
is_manual_check: False
