test results being evaluated: data/test_linrec15.tsv
csv file used: ../linear_database_newbl.csv
The sequence ID inspected: A195021
csv results file used: ../linear_database_newbl.csv
Results we are looking at now:
('Could you give me a recursive equation in a form of a Python code for the following number sequence: 0,3,34,93,180,295,438,609,808,1035,1290,1573,1884,2223,2590', 'Certainly, the Python code is the following: lambda a_n: 8 * 7 + a_n[-1] + 6 * n')

Experiment type: Evaluation of the results of llms.
Ground truth: 
[0, 3, 34, 93, 180, 295, 438, 609, 808, 1035, 1290, 1573, 1884, 2223, 2590, 2985, 3408, 3859, 4338, 4845, 5380, 5943, 6534, 7153, 7800, 8475, 9178, 9909, 10668, 11455, 12270, 13113, 13984, 14883, 15810, 16765, 17748, 18759, 19798, 20865, 21960, 23083, 24234, 25413, 26620, 27855, 29118, 30409, 31728, 33075, 34450, 35853, 37284, 38743, 40230, 41745, 43288, 44859, 46458, 48085, 49740, 51423, 53134, 54873, 56640, 58435, 60258, 62109, 63988, 65895, 67830, 69793, 71784, 73803, 75850, 77925, 80028, 82159, 84318, 86505, 88720, 90963, 93234, 95533, 97860, 100215, 102598, 105009, 107448, 109915, 112410, 114933, 117484, 120063, 122670, 125305, 127968, 130659, 133378, 136125, 138900, 141703, 144534, 147393, 150280, 153195, 156138, 159109, 162108, 165135, 168190, 171273, 174384, 177523, 180690, 183885, 187108, 190359, 193638, 196945, 200280, 203643, 207034, 210453, 213900, 217375, 220878, 224409, 227968, 231555, 235170, 238813, 242484, 246183, 249910, 253665, 257448, 261259, 265098, 268965, 272860, 276783, 280734, 284713, 288720, 292755, 296818, 300909, 305028, 309175, 313350, 317553, 321784, 326043, 330330, 334645, 338988, 343359, 347758, 352185, 356640, 361123, 365634, 370173, 374740, 379335, 383958, 388609, 393288, 397995, 402730, 407493, 412284, 417103, 421950, 426825, 431728, 436659, 441618, 446605, 451620, 456663, 461734, 466833, 471960, 477115, 482298, 487509, 492748, 498015, 503310, 508633, 513984, 519363, 524770, 530205, 535668, 541159, 546678, 552225]
Predicted:    
[0, 3, 34, 93, 180, 295, 438, 609, 808, 1035, 1290, 1573, 1884, 2223, 2590, 2736, 2888, 3046, 3210, 3380, 3556, 3738, 3926, 4120, 4320, 4526, 4738, 4956, 5180, 5410, 5646, 5888, 6136, 6390, 6650, 6916, 7188, 7466, 7750, 8040, 8336, 8638, 8946, 9260, 9580, 9906, 10238, 10576, 10920, 11270, 11626, 11988, 12356, 12730, 13110, 13496, 13888, 14286, 14690, 15100, 15516, 15938, 16366, 16800, 17240, 17686, 18138, 18596, 19060, 19530, 20006, 20488, 20976, 21470, 21970, 22476, 22988, 23506, 24030, 24560, 25096, 25638, 26186, 26740, 27300, 27866, 28438, 29016, 29600, 30190, 30786, 31388, 31996, 32610, 33230, 33856, 34488, 35126, 35770, 36420, 37076, 37738, 38406, 39080, 39760, 40446, 41138, 41836, 42540, 43250, 43966, 44688, 45416, 46150, 46890, 47636, 48388, 49146, 49910, 50680, 51456, 52238, 53026, 53820, 54620, 55426, 56238, 57056, 57880, 58710, 59546, 60388, 61236, 62090, 62950, 63816, 64688, 65566, 66450, 67340, 68236, 69138, 70046, 70960, 71880, 72806, 73738, 74676, 75620, 76570, 77526, 78488, 79456, 80430, 81410, 82396, 83388, 84386, 85390, 86400, 87416, 88438, 89466, 90500, 91540, 92586, 93638, 94696, 95760, 96830, 97906, 98988, 100076, 101170, 102270, 103376, 104488, 105606, 106730, 107860, 108996, 110138, 111286, 112440, 113600, 114766, 115938, 117116, 118300, 119490, 120686, 121888, 123096, 124310, 125530, 126756, 127988, 129226, 130470, 131720]
len(predicted_full) = 200, len(input_sequence + seq_pred) = 200
is_manual_check: False
