test results being evaluated: data/test_linrec15.tsv
csv file used: ../linear_database_newbl.csv
The sequence ID inspected: A195857
csv results file used: ../linear_database_newbl.csv
Results we are looking at now:
('Could you give me a recursive equation in a form of a Python code for the following number sequence: 1,11,32,76,168,360,760,1592,3320,6904,14328,29688,61432,126968,262136', 'Certainly, the Python code is the following: lambda a_n: 9 - a_n[-1] * -2 - 7 * -5 // 3')

Experiment type: Evaluation of the results of llms.
Ground truth: 
[1, 11, 32, 76, 168, 360, 760, 1592, 3320, 6904, 14328, 29688, 61432, 126968, 262136, 540664, 1114104, 2293752, 4718584, 9699320, 19922936, 40894456, 83886072, 171966456, 352321528, 721420280, 1476395000, 3019898872, 6174015480, 12616466424, 25769803768, 52613349368, 107374182392, 219043332088, 446676598776, 910533066744, 1855425871864, 3779571220472, 7696581394424, 15668040695800, 31885837205496, 64871186038776, 131941395333112, 268280837177336, 545357767376888, 1108307720798200, 2251799813685240, 4573968371548152, 9288674231451640, 18858823439613944, 38280596832649208, 77687093572141048, 157625986957967352, 319755573543305208, 648518346341351416, 1315051091192184824, 2666130979403333624, 5404319552844595192, 10952754293765046264, 22193738963681804280, 44963938679667032056, 91080798863940911096, 184467440737095516152, 373546567492618420216, 756316507022091616248, 1531079758117892784120, 3099053004383204671480, 6271892985061247549432, 12691359922712171511800, 25677867750603695849464, 51946031311566097350648, 105072654243849606004728, 212506491729134034616312, 429735349941137714446328, 868915432848014719320056, 1756720331627508019494904, 3551219595117973200699384, 7177997053961860724817912, 14507109835375550096474104, 29316451125654757486624760, 59237365161116829560602616, 119683656141848288295911416, 241785163922925834941235192, 488406031124310186581295096, 986483468805537406560239608, 1992309750724908879915778040, 4023305127677485893422153720, 8123981507810308054025502712, 16402705520531288642413395960, 33114896050883922353551572984, 66848762121410534844552708088, 134935464282106449964004540408, 272346808642783660477807329272, 549645377442708842055211155448, 1109194275199700726309615304696, 2238195591027967537017616596984, 4516005263313067242832005169144, 9111238689140398823257554288632, 18380933703309326321702196477944, 37078780056675709993778568757240, 74791385413465534688305489117176, 150850421427159298778107681439736, 304236144054775056359208769290232, 613542890510463030324404351401976, 1237226985822751895860782328446968, 2494736381249155462145511908179960, 5030037581705614265138918318931960, 10141204801825835211973625643007992, 20444668880480883787338829296304120, 41213856314620194301460814613184504, 83076749736557242056487941267521528, 167451573687748191020108506617348088, 337499295804763795854482261399306232, 680190888468062419337495019127832568, 1370766370653194493932051030914105336, 2762301928740528298378224047145091064, 5566142232349335217784692064923942904, 11215361214435227677625872071115407352, 22596875928343569839364720024765857784, 45526058855633368646955391814601801720, 91716731709159195230362687159343775736, 184762691414103306333629181378967896056, 372183838819776444413065976878496481272, 749684589622692552317747181998114340856, 1510003003211664431618724820478471438328, 3041273654355887517203910553921428389880, 6125082604576892342340742933771827806200, 12335235800884019300547329519401597665272, 24840612785228507832826346342519079436280, 50021507937377954129116067292469927084024, 100723580608597785185158883799803390590968, 202808290684879324224171266029333854027768, 408338840305126156156049528918121853747192, 822122198480987327727513051555151998877688, 1655133432703444686285854090548120580521976, 3332044936889829434233364155971874326577144, 6707646016745538991790040261695014984220664, 13502404319422838230226704422892562630574072, 27179033210709196953746656644790190585413624, 54706515565145434894079808887590511819358200, 110109929417744951761332608971201284935778296, 221613655410398067469011200334443092465680376, 446014903970612462830714365452967230119608312, 897604994240857581446812660474096550615711736, 1806360361080980474464393180084517281984413688, 3635021467360491572070322078441682925474807800, 7314644425118044390423715593428662573961576440, 14718491831030211273413574059947918593947074552, 29615389623648667531959433866077024079941992440, 59587591170473825034183439224516421943979671544, 119888806187300630008896021433757591456150716408, 241204860067307219898850328836964678048684179448, 485264215520026359559817229612828346370133852152, 976237421810876558643867603103454673285798690808, 1963892825163400796336201493962505307662659354616, 3950621613410096950769335563436202537507442655224, 7946915152986784617732536277894788919379133202424, 15985174158306750667852802857834345527486762188792, 32153036021279864200481066319758226432430515945464, 64671447451892454130513053847695523619775015026680, 130073645722450359720127950111749188749377996324856, 261608793082231622358459585056214660518411925192696, 526140589439125050553326539777861887076135715471352, 1058127185427573712779467818886588906230895161114616, 2127946383953794648904565116434908076619037782573048, 4279276794104883744500389190193276681552570485833720, 8605321640604356382383296295033474419734130813042680, 17304179385997890551531628419360790952726241308835832, 34795430981574136676593328497309266131968441983172600, 69965006382304984500246800311793900716968802697347064, 140678301602923391294613887257938538340001442856697848, 282853180882473627177468347784578550492130560637403128, 568699517118200943531417842106560048608516471122821112, 1143385344942909265415797977287925992465543641941671928, 2298743311298833287537520540725463775428108683275403256, 4621431865423696088486890253750151131850260165334925304, 9290754216499451203797478852098749425688605928238088184, 18677289404303020461242354393394393175353383051612651512, 37546140751214277029779502165182574998659108493498253304, 75475405387645026274148591087152727293222901767542407160, 151717058545722996977476355687880609178255173096176615416, 304966612632311882813311058402911527540129085314536833016, 612998216346355543343338810860123673447495648873440870392, 1232126414856174642120111009828848583629466254235616149496, 2476512794039276395107088795874899640727882421448701116408, 4977545516732407011947911144184204228393664668852339867640, 10004130890772522467363289393237218350663128989614555004920, 20106341496160461821661512996212056489077857283048860549112, 40408842421551757417192894411899352553658913173737222176760, 81210003701565182382125525662749184258324223562753446510584, 163204645120053699859730525003399326818661241556064897335288, 327978565673954069910419997362600570241348071973245803298808, 659095682215601480202757889436804973690747321668723623854072, 1324468466166589641169351568296817613797596998781911282221048, 2661491135803952643866374715440050560427398708452750633467896, 5348090678549452010788092588572931786519206838683357404987384, 10746398170981997467686871492531524904367232520922427086077944, 21593229969730181827595115615834372471392102728956278724362232, 43387327194992737439632976493211390268099480832135406553137144, 87176388901050222448151443509508071186829512412716511315099640]
Predicted:    
[1, 11, 32, 76, 168, 360, 760, 1592, 3320, 6904, 14328, 29688, 61432, 126968, 262136, 524293, 1048607, 2097235, 4194491, 8389003, 16778027, 33556075, 67112171, 134224363, 268448747, 536897515, 1073795051, 2147590123, 4295180267, 8590360555, 17180721131, 34361442283, 68722884587, 137445769195, 274891538411, 549783076843, 1099566153707, 2199132307435, 4398264614891, 8796529229803, 17593058459627, 35186116919275, 70372233838571, 140744467677163, 281488935354347, 562977870708715, 1125955741417451, 2251911482834923, 4503822965669867, 9007645931339755, 18015291862679531, 36030583725359083, 72061167450718187, 144122334901436395, 288244669802872811, 576489339605745643, 1152978679211491307, 2305957358422982635, 4611914716845965291, 9223829433691930603, 18447658867383861227, 36895317734767722475, 73790635469535444971, 147581270939070889963, 295162541878141779947, 590325083756283559915, 1180650167512567119851, 2361300335025134239723, 4722600670050268479467, 9445201340100536958955, 18890402680201073917931, 37780805360402147835883, 75561610720804295671787, 151123221441608591343595, 302246442883217182687211, 604492885766434365374443, 1208985771532868730748907, 2417971543065737461497835, 4835943086131474922995691, 9671886172262949845991403, 19343772344525899691982827, 38687544689051799383965675, 77375089378103598767931371, 154750178756207197535862763, 309500357512414395071725547, 619000715024828790143451115, 1238001430049657580286902251, 2476002860099315160573804523, 4952005720198630321147609067, 9904011440397260642295218155, 19808022880794521284590436331, 39616045761589042569180872683, 79232091523178085138361745387, 158464183046356170276723490795, 316928366092712340553446981611, 633856732185424681106893963243, 1267713464370849362213787926507, 2535426928741698724427575853035, 5070853857483397448855151706091, 10141707714966794897710303412203, 20283415429933589795420606824427, 40566830859867179590841213648875, 81133661719734359181682427297771, 162267323439468718363364854595563, 324534646878937436726729709191147, 649069293757874873453459418382315, 1298138587515749746906918836764651, 2596277175031499493813837673529323, 5192554350062998987627675347058667, 10385108700125997975255350694117355, 20770217400251995950510701388234731, 41540434800503991901021402776469483, 83080869601007983802042805552938987, 166161739202015967604085611105877995, 332323478404031935208171222211756011, 664646956808063870416342444423512043, 1329293913616127740832684888847024107, 2658587827232255481665369777694048235, 5317175654464510963330739555388096491, 10634351308929021926661479110776193003, 21268702617858043853322958221552386027, 42537405235716087706645916443104772075, 85074810471432175413291832886209544171, 170149620942864350826583665772419088363, 340299241885728701653167331544838176747, 680598483771457403306334663089676353515, 1361196967542914806612669326179352707051, 2722393935085829613225338652358705414123, 5444787870171659226450677304717410828267, 10889575740343318452901354609434821656555, 21779151480686636905802709218869643313131, 43558302961373273811605418437739286626283, 87116605922746547623210836875478573252587, 174233211845493095246421673750957146505195, 348466423690986190492843347501914293010411, 696932847381972380985686695003828586020843, 1393865694763944761971373390007657172041707, 2787731389527889523942746780015314344083435, 5575462779055779047885493560030628688166891, 11150925558111558095770987120061257376333803, 22301851116223116191541974240122514752667627, 44603702232446232383083948480245029505335275, 89207404464892464766167896960490059010670571, 178414808929784929532335793920980118021341163, 356829617859569859064671587841960236042682347, 713659235719139718129343175683920472085364715, 1427318471438279436258686351367840944170729451, 2854636942876558872517372702735681888341458923, 5709273885753117745034745405471363776682917867, 11418547771506235490069490810942727553365835755, 22837095543012470980138981621885455106731671531, 45674191086024941960277963243770910213463343083, 91348382172049883920555926487541820426926686187, 182696764344099767841111852975083640853853372395, 365393528688199535682223705950167281707706744811, 730787057376399071364447411900334563415413489643, 1461574114752798142728894823800669126830826979307, 2923148229505596285457789647601338253661653958635, 5846296459011192570915579295202676507323307917291, 11692592918022385141831158590405353014646615834603, 23385185836044770283662317180810706029293231669227, 46770371672089540567324634361621412058586463338475, 93540743344179081134649268723242824117172926676971, 187081486688358162269298537446485648234345853353963, 374162973376716324538597074892971296468691706707947, 748325946753432649077194149785942592937383413415915, 1496651893506865298154388299571885185874766826831851, 2993303787013730596308776599143770371749533653663723, 5986607574027461192617553198287540743499067307327467, 11973215148054922385235106396575081486998134614654955, 23946430296109844770470212793150162973996269229309931, 47892860592219689540940425586300325947992538458619883, 95785721184439379081880851172600651895985076917239787, 191571442368878758163761702345201303791970153834479595, 383142884737757516327523404690402607583940307668959211, 766285769475515032655046809380805215167880615337918443, 1532571538951030065310093618761610430335761230675836907, 3065143077902060130620187237523220860671522461351673835, 6130286155804120261240374475046441721343044922703347691, 12260572311608240522480748950092883442686089845406695403, 24521144623216481044961497900185766885372179690813390827, 49042289246432962089922995800371533770744359381626781675, 98084578492865924179845991600743067541488718763253563371, 196169156985731848359691983201486135082977437526507126763, 392338313971463696719383966402972270165954875053014253547, 784676627942927393438767932805944540331909750106028507115, 1569353255885854786877535865611889080663819500212057014251, 3138706511771709573755071731223778161327639000424114028523, 6277413023543419147510143462447556322655278000848228057067, 12554826047086838295020286924895112645310556001696456114155, 25109652094173676590040573849790225290621112003392912228331, 50219304188347353180081147699580450581242224006785824456683, 100438608376694706360162295399160901162484448013571648913387, 200877216753389412720324590798321802324968896027143297826795, 401754433506778825440649181596643604649937792054286595653611, 803508867013557650881298363193287209299875584108573191307243, 1607017734027115301762596726386574418599751168217146382614507, 3214035468054230603525193452773148837199502336434292765229035, 6428070936108461207050386905546297674399004672868585530458091, 12856141872216922414100773811092595348798009345737171060916203]
len(predicted_full) = 200, len(input_sequence + seq_pred) = 200
is_manual_check: False
