test results being evaluated: data/test_linrec15.tsv
csv file used: ../linear_database_newbl.csv
The sequence ID inspected: A196468
csv results file used: ../linear_database_newbl.csv
Results we are looking at now:
('Could you give me a recursive equation in a form of a Python code for the following number sequence: 11,53,255,1231,5943,28695,138551,668983,3230135,15596471,75306423,363611575,1755671991,8477134263', 'Certainly, the Python code is the following: lambda a_n: -9 - a_n[-1] * -5 - 8')

Experiment type: Evaluation of the results of llms.
Ground truth: 
[11, 53, 255, 1231, 5943, 28695, 138551, 668983, 3230135, 15596471, 75306423, 363611575, 1755671991, 8477134263, 40931225015, 197633437111, 954258648503, 4607568342455, 22247307963831, 107419505225143, 518667252755895, 2504347031924151, 12092057138720183, 58385616682577335, 281910695285190071, 1361185247871069623, 6572383772625038775, 31734276081984433591, 153226639418437889463, 739843662001689292215, 3572281205680508726711, 17248499470728792075703, 83283122705637203209655, 402126488705463981141431, 1941638445644404737404343, 9375059737399474874183095, 45266792732175518446349751, 218567409878299973282131383, 1055336810441901966913924535, 5095616881280807760784223671, 24603814766890838910792592823, 118797726592686586686307265975, 573606165438309702388399435191, 2769615568123985156298826804663, 13372886934249179434748904959415, 64570010009492658364190927056311, 311771587774967351195759328062903, 1505366391137840038239801020476855, 7268551915651229557742241394159031, 35095673227156278383928169658543543, 169456900571230031766681644210810295, 818210295193545240602439255477415351, 3950668783059101089476483598752902583, 19075516313010585320315691416921271735, 92104740384278745639168700062696697271, 444721026789157323837937565918471876023, 2147303068693744277908425063924674293175, 10368096381931606406985450519372584676791, 50061597802501402739575502333189035879863, 241718776737732036586243811410246482226615, 1167121498160933757303277254973742072425911, 5635361099594663175558084265535954218610103, 27209930391022387731445446082038785164144055, 131381165962468203628014121390298957531016631, 634364385413962365437838269889350970780642743, 3062982205505722276263409565118599713246637495, 14789386363678738566804991340031802736109120951, 71409474276737843372273603620601609797423033783, 344795442561666327756314379842533650134128618935, 1664819667353616684514351933852541039726206610871, 8038460439661132049082665254780298759441340919223, 38813120428058994934388068754531359196670190120375, 187406323470880507933882936037246631824446124158391, 904877775595758011473084019167111964084465257115063, 4369136396266554077627867820817434383635645525093815, 21096056687449248356403807359938185390880443128835511, 101860772334863209736126700723022479098064354615717303, 491827316089249832370122032331842657955779190978211255, 2374752353696452168424994932219460548215374182375714231, 11466318679142808003180467858205212824684613493415701943, 55364284131357040686421851161698693491599950703165664695, 267322411241999394758409276079615625265138256786325466551, 1290746781493425741779324508965257275026952829957964524983, 6232276770941700546150935140179491601168364346977159966135, 30092094209740505151721038596578995504781268707740497964471, 145297483922728822791487894947033948423798532218870631722423, 701558312529877311772835734174451775714319203706444518747575, 3387423185810424538257294516485942896552470943701260601879991, 16355925993361207400120521002641578689067160589630820482510263, 78973396716686527753511262076510086342478526133328324337561015, 381317290840190940614527132316606660126182746891836579280285111, 1841162750227509873472153577572466985874645092100659614471384503, 8889920164270803256346722839556294584003311355969984775006678455, 42924331657993252519275505668515046279511825792282577557912251831, 207257007289056223102488914032285363454060548593010249331675721143, 1000725355788197902487057678803201638934289497541171307558351891895, 4831929452309016502358186371341948009553400184536726227560110452151, 23330619232388857619380976200580598593950758728311590140473849376183, 112650194738791496486956650287690186414016635651393265472135839313335, 543923255884721416425350505953083140031869577518819422450438754758071, 2626293802494051651649228624963093305783544852680850751690298376285623, 12680868233515092272298316523664705783261657720798680696562948524174775, 61228648144036575695790180594511196356180810293918125793012987601841591, 295638065510206671872353988472703608557769872058867225958303744504065463, 1427466854616972990272576676268859219655802729411141407005266928423628215, 6892419680508718648579722658966251312854290405880034531854282691710774711, 33279546140502766555409197340940442130040372541164703755438198480537611703, 160687863284045940815955679999626773771578651788178953149169924688993545655, 775869637698194829485459509362268863606476097317374627618432492678124629431, 3746230003928963081205660757447582549512218996422214323070409669468472700343, 18088398566508631642764481067239405652474780374958355802755368648586389319095, 87338514281750378895880567298747952807947997485522280503303113272219448077751, 421707651393036042154580193463949433841691111441922545224233927683223349587383, 2036184662699145684201843043050789546598556435709779302910148163821771190660535, 9831569256368726905425692946058955921760990188606807392537528366019978160991671, 47471015676271490358510143956438981873438186497266346781790706119366997406608823, 229210339730560869055743347609991751180796706743492616697312937941547902270401975, 1106725421627329437657013966265722932216939572963035853916414576243659598708043191, 5343743045431561226851029255502858733590945118826113882454910056740830003913780663, 25801873868235562658032172887074326663231538767156598945485298531937958410487295415, 124582467654668495539532808570308741587289935543930851311760834354715153657604304311, 601537366091616232790259925829532273002085897244349801028984531546612448272366398903, 2904479334985138913319170937599364058357503331153122609362981463605310407719882812855, 14024066804307020584437723453715585325438356913589889641567863980607691423968996847031, 67714184557168637991027577565259797535183440978972049003723381776852007326755518639543, 326953005445902634301861204075901531442487191570247754581164983029838795002898061946295, 1578668760012285089171555126564645315910682530196879214339553459226763209318614322343351, 7622487061832750893893665322562187389412678887068507875682873769026408017286049537158583, 36804623287380143932260881796507330821293445669061548360089708913012684906418655438007735, 177708441396851579304618188476278072842824498224520224943090330728156371694818819900665271, 858052258736926892947516281091141614656471775574327093212720158564676226404949901354692023, 4143042800535113889008537878269678749997185095195389272623241957171330392399074885021429175, 20004380237088163127824216637443281458614627483078865463343848462944026475216099145504484791, 96589692150493108067331018062851840834447250313097018943868361680461427470460696122103655863, 466376289550325084780620938801180489172247511184703537628848840573621815782707181070432562615, 2251863926803272771391807827456129320026779045991202226290868809016332973012671508770144873911, 10872960865414391424689715065029239236796106228703623055678870598359819155181514759362309746103, 52499299168870656784326091569941474227291541098779301127878957629504608512776745072529818480055, 253489040137140192836063226539882853856350589309931696734231312911457710671833039327568512904631, 1223953357224043398481557272439297312334568521634843991448441082163849276738439137600393325538743, 5909769589444734365270481995916720664763676443779102752730689580301227949641088707711847353773495, 28534891786675111055008157073424071908392979861655786976716522649860308905518111381248962717248951, 137778645504479381681114556277363170292626625221739558917788848920646147420636800355843240284089783, 665254149164617970944490853403148968804078420333581383578021486282025825304619646948368812005354935, 3212131178676389410502421638722048556386820182221283769983241340810687890901025789216848209157778871, 15509541311364029525787649968500790100763594410219460614245051308370854864822581744660868084652535223, 74886689960161675745160286428891354628601658369762977536913170596726171022894430135510865175241256375, 361584925086102821083791745589568578917461011119929752604632887620388103550868047520686933039575166391, 1745886460185057987315808128073839734184250677958770920566184232868457098295049910624791192859265691063]
Predicted:    
[11, 53, 255, 1231, 5943, 28695, 138551, 668983, 3230135, 15596471, 75306423, 363611575, 1755671991, 8477134263, 42385671298, 211928356473, 1059641782348, 5298208911723, 26491044558598, 132455222792973, 662276113964848, 3311380569824223, 16556902849121098, 82784514245605473, 413922571228027348, 2069612856140136723, 10348064280700683598, 51740321403503417973, 258701607017517089848, 1293508035087585449223, 6467540175437927246098, 32337700877189636230473, 161688504385948181152348, 808442521929740905761723, 4042212609648704528808598, 20211063048243522644042973, 101055315241217613220214848, 505276576206088066101074223, 2526382881030440330505371098, 12631914405152201652526855473, 63159572025761008262634277348, 315797860128805041313171386723, 1578989300644025206565856933598, 7894946503220126032829284667973, 39474732516100630164146423339848, 197373662580503150820732116699223, 986868312902515754103660583496098, 4934341564512578770518302917480473, 24671707822562893852591514587402348, 123358539112814469262957572937011723, 616792695564072346314787864685058598, 3083963477820361731573939323425292973, 15419817389101808657869696617126464848, 77099086945509043289348483085632324223, 385495434727545216446742415428161621098, 1927477173637726082233712077140808105473, 9637385868188630411168560385704040527348, 48186929340943152055842801928520202636723, 240934646704715760279214009642601013183598, 1204673233523578801396070048213005065917973, 6023366167617894006980350241065025329589848, 30116830838089470034901751205325126647949223, 150584154190447350174508756026625633239746098, 752920770952236750872543780133128166198730473, 3764603854761183754362718900665640830993652348, 18823019273805918771813594503328204154968261723, 94115096369029593859067972516641020774841308598, 470575481845147969295339862583205103874206542973, 2352877409225739846476699312916025519371032714848, 11764387046128699232383496564580127596855163574223, 58821935230643496161917482822900637984275817871098, 294109676153217480809587414114503189921379089355473, 1470548380766087404047937070572515949606895446777348, 7352741903830437020239685352862579748034477233886723, 36763709519152185101198426764312898740172386169433598, 183818547595760925505992133821564493700861930847167973, 919092737978804627529960669107822468504309654235839848, 4595463689894023137649803345539112342521548271179199223, 22977318449470115688249016727695561712607741355895996098, 114886592247350578441245083638477808563038706779479980473, 574432961236752892206225418192389042815193533897399902348, 2872164806183764461031127090961945214075967669486999511723, 14360824030918822305155635454809726070379838347434997558598, 71804120154594111525778177274048630351899191737174987792973, 359020600772970557628890886370243151759495958685874938964848, 1795103003864852788144454431851215758797479793429374694824223, 8975515019324263940722272159256078793987398967146873474121098, 44877575096621319703611360796280393969936994835734367370605473, 224387875483106598518056803981401969849684974178671836853027348, 1121939377415532992590284019907009849248424870893359184265136723, 5609696887077664962951420099535049246242124354466795921325683598, 28048484435388324814757100497675246231210621772333979606628417973, 140242422176941624073785502488376231156053108861669898033142089848, 701212110884708120368927512441881155780265544308349490165710449223, 3506060554423540601844637562209405778901327721541747450828552246098, 17530302772117703009223187811047028894506638607708737254142761230473, 87651513860588515046115939055235144472533193038543686270713806152348, 438257569302942575230579695276175722362665965192718431353569030761723, 2191287846514712876152898476380878611813329825963592156767845153808598, 10956439232573564380764492381904393059066649129817960783839225769042973, 54782196162867821903822461909521965295333245649089803919196128845214848, 273910980814339109519112309547609826476666228245449019595980644226074223, 1369554904071695547595561547738049132383331141227245097979903221130371098, 6847774520358477737977807738690245661916655706136225489899516105651855473, 34238872601792388689889038693451228309583278530681127449497580528259277348, 171194363008961943449445193467256141547916392653405637247487902641296386723, 855971815044809717247225967336280707739581963267028186237439513206481933598, 4279859075224048586236129836681403538697909816335140931187197566032409667973, 21399295376120242931180649183407017693489549081675704655935987830162048339848, 106996476880601214655903245917035088467447745408378523279679939150810241699223, 534982384403006073279516229585175442337238727041892616398399695754051208496098, 2674911922015030366397581147925877211686193635209463081991998478770256042480473, 13374559610075151831987905739629386058430968176047315409959992393851280212402348, 66872798050375759159939528698146930292154840880236577049799961969256401062011723, 334363990251878795799697643490734651460774204401182885248999809846282005310058598, 1671819951259393978998488217453673257303871022005914426244999049231410026550292973, 8359099756296969894992441087268366286519355110029572131224995246157050132751464848, 41795498781484849474962205436341831432596775550147860656124976230785250663757324223, 208977493907424247374811027181709157162983877750739303280624881153926253318786621098, 1044887469537121236874055135908545785814919388753696516403124405769631266593933105473, 5224437347685606184370275679542728929074596943768482582015622028848156332969665527348, 26122186738428030921851378397713644645372984718842412910078110144240781664848327636723, 130610933692140154609256891988568223226864923594212064550390550721203908324241638183598, 653054668460700773046284459942841116134324617971060322751952753606019541621208190917973, 3265273342303503865231422299714205580671623089855301613759763768030097708106040954589848, 16326366711517519326157111498571027903358115449276508068798818840150488540530204772949223, 81631833557587596630785557492855139516790577246382540343994094200752442702651023864746098, 408159167787937983153927787464275697583952886231912701719970471003762213513255119323730473, 2040795838939689915769638937321378487919764431159563508599852355018811067566275596618652348, 10203979194698449578848194686606892439598822155797817542999261775094055337831377983093261723, 51019895973492247894240973433034462197994110778989087714996308875470276689156889915466308598, 255099479867461239471204867165172310989970553894945438574981544377351383445784449577331542973, 1275497399337306197356024335825861554949852769474727192874907721886756917228922247886657714848, 6377486996686530986780121679129307774749263847373635964374538609433784586144611239433288574223, 31887434983432654933900608395646538873746319236868179821872693047168922930723056197166442871098, 159437174917163274669503041978232694368731596184340899109363465235844614653615280985832214355473, 797185874585816373347515209891163471843657980921704495546817326179223073268076404929161071777348, 3985929372929081866737576049455817359218289904608522477734086630896115366340382024645805358886723, 19929646864645409333687880247279086796091449523042612388670433154480576831701910123229026794433598, 99648234323227046668439401236395433980457247615213061943352165772402884158509550616145133972167973, 498241171616135233342197006181977169902286238076065309716760828862014420792547753080725669860839848, 2491205858080676166710985030909885849511431190380326548583804144310072103962738765403628349304199223, 12456029290403380833554925154549429247557155951901632742919020721550360519813693827018141746520996098, 62280146452016904167774625772747146237785779759508163714595103607751802599068469135090708732604980473, 311400732260084520838873128863735731188928898797540818572975518038759012995342345675453543663024902348, 1557003661300422604194365644318678655944644493987704092864877590193795064976711728377267718315124511723, 7785018306502113020971828221593393279723222469938520464324387950968975324883558641886338591575622558598, 38925091532510565104859141107966966398616112349692602321621939754844876624417793209431692957878112792973, 194625457662552825524295705539834831993080561748463011608109698774224383122088966047158464789390563964848]
len(predicted_full) = 149, len(input_sequence + seq_pred) = 149
is_manual_check: False
