test results being evaluated: data/test_linrec15.tsv
csv file used: ../linear_database_newbl.csv
The sequence ID inspected: A200724
csv results file used: ../linear_database_newbl.csv
Results we are looking at now:
('Could you give me a recursive equation in a form of a Python code for the following number sequence: 1,35,1224,42805,1496951,52350480,1830769849', 'Certainly, the Python code is the following: lambda a_n: 5 * a_n[-1] * -5 + -8 + 5 + 2')

Experiment type: Evaluation of the results of llms.
Ground truth: 
[1, 35, 1224, 42805, 1496951, 52350480, 1830769849, 64024594235, 2239030028376, 78302026398925, 2738331893933999, 95763314261291040, 3348977667251252401, 117118455039532542995, 4095796948716387752424, 143235774750034038791845, 5009156319302474969962151, 175177235400836589909883440, 6126194082709978171875958249, 214241615659448399425748655275, 7492330353997984001729326976376, 262017320774269991661100695517885, 9163113896745451724136795016149599, 320446969065316540353126724869718080, 11206480803389333460635298575423983201, 391906381149561354581882323414969693955, 13705516859431258076905246020948515305224, 479301183698944471337101728409783065988885, 16761835912603625238721655248321458794305751, 586184955757427938883920831962841274734712400, 20499711615597374235698507463451123156920628249, 716903721590150670310563840388826469217487276315, 25071130544039676086634035906145475299455134042776, 876772665319798512361880692874702809011712204220845, 30661972155648908256579190214708452840110472013686799, 1072292252782391990467909776821921146594854808274817120, 37499566875228070758120262998552531677979807817604912401, 1311412548380200084543741295172516687582698418807897116915, 45861939626431774888272825068039531533716464850458794179624, 1603856474376731921005005136086211086992493571347249899169925, 56089114663559185460286906937949348513203558532303287676767751, 1961515156750194759189036737692140986875132055059267818787701360, 68596941371593257386155998912286985192116418368542070369892779849, 2398931432849013813756270925192352340737199510843913195127459593355, 83894003208343890224083326382820044940609866461168419759091192987576, 2933891180859187144029160152473509220580608126630050778373064294971805, 102602297326863206150796522010190002675380674565590608823298159131025599, 3588146515259353028133849110204176584417743001669041258037062505290924160, 125482525736750492778533922335135990451945624383850853422473889526051320001, 4388300254271007894220553432619555489233679110433110828528549070906505275875, 153465026373748525804940836219349306132726823240775028145076743592201633335624, 5366887622826927395278708714244606159156205134316692874249157476656150661470965, 187687601772568710308949864162341866264334452877843475570575434939373071518148151, 6563699174417077933417966536967720713092549645590204952095891065401401352473714320, 229541783502825158959319878929707883091974903142779329847785611854109674265061853049, 8027398723424463485642777796002808187506029060351686339720400523828437197924691142395, 280729413536353396838537902981168578679619042209166242560366232722141192253099128130776, 9817502075048944425863183826544897445599160448260466803273097744751113291660544793434765, 343331843213176701508372896026090242017290996646907171871998054833566824015865968642085999, 12006797010386135608367188177086613573159585722193490548716658821430087727263648357679575200, 419894563520301569591343213302005384818568209280125262033211060695219503630211826550143046001, 14684302926200168800088645277393101855076727739082190680613670465511252539330150280897327034835, 513530707853485606433511241495456559542866902658596548559445255232198619372925048004856303173224, 17958890471945796056372804807063586482145264865311797008899970262661440425513046529889073284028005, 628047635810249376366614657005730070315541403383254298762939513937918216273583703498112708637806951, 21963708362886782376775140190393488874561803853548588659693983017564476129149916575904055729039215280, 768101745065227133810763292006766380539347593470817348790526466100818746303973496453143837807734727849, 26861597368920062900999940080046429830002603967625058619008732330511091644509922459284130267541676259435, 939387806167136974401187139509618277669551791273406234316515105101787388811543312578491415526150934352376, 32851711618480874041140549942756593288604310090601593142459019946232047516759506017787915413147741026073725, 1148870518840663454465518060856971146823481301379782353751749183013019875697771167309998548044644784978227999, 40177616447804740032251991580051233545533241238201780788168762385509463601905231349832161266149419733211906240, 1405067705154325237674354187240936202946839962035682545232154934309818206190985326076815645767185045877438490401, 49137192063953578578570144561852715869593865430010687302337253938458127753082581181338715440585327185977135257795, 1718396654533220925012280705477604119232838450088338373036571732911724653151699356020778224774719266463322295532424, 60094745716598778796851254547154291457279751887661832368977673397971904732556394879545899151674588999030303208377045, 2101597703426424036964781628444922596885558477618075794541181997196104940986322121428085692083835895699597289997664151, 73495824874208242514970505741025136599537266964744990976572392228465701029788717855103453323782581760486874846709868240, 2570252272893862063987002919307434858386918785288456608385492545999103431101618802807192780640306525721341022344847724249, 89885333726410963997030131670019194906942620218131236302515666717740154387526869380396643869086945818486448907222960480475, 3143416428151489877832067605531364386884604788849304813979662842574906300132338809511075342637402797121304370730458769092376, 109929689651575734760125336061927734346054224989507537252985683823403980350244331463507240348440010953427166526658833957752685, 3844395721376999226726554694561939337725013269843914499040519270976564405958419262413242336852762980572829524062328729752251599, 134443920558543397200669288973605949086029410219547499929165188800356350228194429852999974549498264309095606175654846707371053280, 4701692823827641902796698559381646278673304344414318583021741088741495693580846625592585866895586487837773386623857306028234613201, 164424804913408923200683780289384013804479622644281602905831772917151992925101437465887505366796028810012972925659350864280840408755, 5750166479145484670121135611569058836878113488205441783121090311011578256684969464680470101970965421862616279011453422943801179693224, 201091401965178554531039062624627675276929492464546180806332329112488086991048829826350566063616993736381556792475210452168760448854085, 7032448902302103923916246056250399575855654122770910886438510428626071466430024074457589342124623815351491871457620912402962814530199751, 245934620178608458782537572906139357479670964804517334844541532672800013238059793776189276408298216543565833944224256723651529748108137200, 8600679257348993953464898805658627112212628114035335808672515133119374391865662758092167084948312955209452696176391364415400578369254602249, 300777839387036179912488920625145809569962313026432235968693488126505303702060136739449658696782655215787278532229473497815368713175802941515, 10518623699288917302983647323074444707836468327811092923095599569294566255180239123122645887302444619597345295931855181059122504382783848350776, 367851051635725069424515167386980418964706429160361820072377291437183313627606309172553156396888779030691298079082701863571472284684258889335645, 12864268183551088512555047211221240219056888552284852609610109600732121410711040581916237828003804821454598087471962710043942407459566277278396799, 449881535372652372870002137225356427248026392900809479516281458734187066061258814057895770823736279971880241763439612149674412788800135445854552320, 15732989469859281961937519755676253713461866862976046930460240946095815190733347451444435741002765994194353863632914462528560505200545174327630934401, 550204749909702216294943189311443523543917313811260833086592151654619344609605901986497355164273073516830504985388566576349943269230280966021228151715, 19241433257369718288361074106144847070323644116531153111100265066965581246145473222075962995008554807094873320624966915709719453917859288636415354375624, 672899959258030437876342650525758203937783626764779098055422685192140724270481956870672207470135145174803735716888453483263830943855844821308516174995125, 23532257140773695607383631694295392290752103292650737278828693716657959768220723017251451298459721526311035876770470904998524363581036709457161650770453751, 822956099967821315820550766649812971972385831616011025660948857397836451163454823646930123238620118275711451951249593221465088894392428986179349260790886160, 28779931241732972358111893201049158626742752003267735160854381315207617830952698104625302862053244418123589782416965291846279586940153977806820062476910561849, 1006474637360686211218095711270070738964023934282754719604242397174868787632180978838238670048624934516049930932642535621398320454010996794252522837431078778555, 35197832376382284420275238001251426705114094947893147450987629519805199949295381561233728148839819463643623992860071781457094936303444733821031479247610846687576, 1230917658536019268498415234332529863940029299241977406064962790796007129437706173664342246539345056293010789819169869815376924450166554686941849250828948555286605, 43046920216384292113024257963637293811195911378521316064822710048340444330370420696690744900728237150791734019678085371756735260819525969309143692299765588588343599, 1505411289914914204687350613492972753527916868949004084862729888901119544433527018210511729278948955221417679898913818141670357204233242371133087381240966652036739360, 52646348226805612871944247214290409079665894501836621654130723401490843610843075216671219779862485195598827062442305549586705766887343957020348914651134067232697534001, 1841116776648281536313361301886671345034778390695332753809712589163278406835074105565282180565908032890737529505581780417393031483852805253341078925408451386492376950675, 64386440834463048158095701318819206667137577779834809761685809897313253395616750619568205100026918665980214705632920009059169396167960839909917413474644664460000495739624, 2251684312429558403997036184856785562004780443903523008905193633816800590439751197579321896320376245276416777167646618536653535834394776591593768392687154804713524973936165, 78744564494200081091738170768668675463500177958843470501920091373690707411995675164656698166113141666008606986161998728773814584807649219865871976330575773500513373592026151, 2753808072984573279806838940718546855660501448115617944558298004445357958829408879565405113917639582065024827738502308888546856932433327918713925403177464917713254550746979120, 96304537989965864712147624754380471272654050506087784589038510064213837851617315109624522288951272230609860363861418812370366178050358827935121517134880696346463395902552243049, 3367905021575820691645360027462597947687231266264956842671789554243038966847776619957292874999376888489280087907411156124074269374830125649810539174317646907208505602038581527595, 117780371217163758342875453336436547697780440268767401708923595888442150001820564383395626102689239824894193216395529045530229061941004038915433749583982761055951232675447801222776, 4118945087579155721308995506747816571474628178140594102969654066541232211096871976798889620719124016982807482485936105437433942898560311236390370696265078990051084638038634461269565, 144045297694053286487471967282837143453914205794652026202228968733054685238388698623577741099066651354573367693791368161264657772387669889234747540619693781890732011098676758343211999, 5037466474204285871340209859392552204315522574634680322975044251590372751132507579848422048846613673393085061800211949538825588090669885811979773550993017287185569303815647907551150400, 176167281299455952210419873111456490007589375906419159277924319836929991604399376596071193968532411917403403795313626865697630925401058333530057326744135911269604193622449000005947052001, 6160817379006754041493355349041584598061312634150035894404376150040959333402845673282643366849787803435726047774176728349878256800946371787740026662493763877148961207481899352300595669635, 215452440983936935500057017343344004442138352819344837144875240931596646677495199188296446645774040708333008268300871865380041357107721954237370875860537599788944038068244028330514901385224, 7534674617058785988460502251667998570876781036042919264176229056455841674378929125917092989235241636988219563342756338559951569241969322026520240628456322228735892371181059092215720952813205, 263498159156073572660617521791036605976245197908682829409023141735022861956585024207909958176587683253879351708728170977732924882111818548973971051120110740405967288953268824199219718447076951, 9214900895845516257133152760434613210597705145767856110051633731669344326806096918150931443191333672248789090242143227882092419304671679892062466548575419591980119220993227787880474424694880080, 322258033195436995426999729093420425764943434903966281022398157466692028576256807111074690553520090845453738806766284804895501750781396977673212358149019574978898205445809703751617385145873725849, 11269816260944449323687857365509280288562422516493051979673883877602551655842182151969463237930011845918632069146577824943460468858044222538670370068667109704669457071382346403518728005680885524635, 394121311099860289333648008063731389673919844642352853007563537558622615925900118511820138636996894516306668681323457588216220908280766391875789740045199820088452099292936314419403862813685119636376, 13782976072234165677353992424865089358298632139965856803285049930674189005750661965761735389056961296224814771777174437762624271320968779493113970531513326593391154018181388658275616470473298301748525, 482010041217095938418056086862214396150778205054162635261969184036037992585347268683148918478356648473352210343519781864103633275325626515867113178862921230948601938537055666725227172603751755441561999, 16856568466526123678954609047752638775918938544755726377365636391330655551481403741944450411353425735271102547251415190805864540365075959275855847289670729756607676694778766946724675424660838142152921440, 589497886287197232824993260584480142761012070861396260572535304512536906309263783699372615478891544086015236943456011896341155279502332948139087541959612620250320082378719787468638412690525583219910688401, 20615569451585377025195809511409052357859503541604113393661370021547461065272751025736097091349850617275262190473709001181134570242216577225592208121296770979004595206560413794455619768743734574554721172595, 720955432919200998649028339638732352382321611885282572517575415449648600378237022117064025581765880060548161429636359029443368803198077869947588196703427371644910512147235763018478053493340184526195330352424, 25212824582720449575690796077844223281023396912443285924721478170716153552173023023071504798270455951501910387846798857029336773541690508870939994676498661236592863329946691291852276252498162723842281841162245, 881727904962296534150528834384909082483436570323629724792734160559615725725677568785385603913884192422506315413208323636997343705155969732612952225480749715909105306035986959451811190783942355149953669110326151, 30835263849097658245692818407393973663639256564414597081820974141415834246846541884465424632187676278836219129074444528437877692906917250132582387897149741395582092847929596889521539401185484267524536137020253040, 1078352506813455742065098115424404169144890543184187268138941360788994582913903288387504476522654785566845163202192350171688721908036947784907770624174760199129464144371499904173802067850708007008208811126598530249, 37711502474621853314032741221446751946407529754882139787781126653473394567739768551678191253660729818560744492947657811480667389088386255221639389458219457228135662960154567049193550835373594761019783853293928305675, 1318824234104951410249080844635211913955118650877690705304200491510779815287977996020349189401602888864059212089965831051651669896185481984972470860413506242785618739461038346817600477170225108628684226054160892168376, 46121136691198677505403796821010970236482745250964292545859236076223820140511490092160543437802440380423511678655856428996327778977403483218814840725014499040268520218176187571566823150122505207242928128042337297587485, 1612920959957848761278883807890748746362940965132872548399769062176322925102614175229598671133683810425958849540865009183819820594312936430673546954515093960166612588896705526658021209777117457144873800255427644523393599, 56406112461833507967255529479355195152466451034399574901446057940095078558450984642943792946241130924528136222251619465004697393021975371590355328567303274106791172091166517245459175519048988494863340080811925221021188480, 1972601015204214930092664647969541081589962845238852249002212258841151426620681848327803154447305898548058808929265816265980588935174825069231762952901099499777524410601931398064413121956937479863072029028161955091218203201, 68984629419685689045276007149454582660496233132325429140175983001500204853165413706830166612709465318257530176302051949844315915338096902051521348022971179218106563198976432415009000092973762806712657675904856502971615923555, 2412489428673794901654567585582940852035778196786151167657157192793666018434168797890728028290383980240465497361642552428285076447898216746734015417851090173133952187553573203127250590132124760755079946627641815648915339121224, 84368145374163135868864589488253475238591740654382965438860325764776810440342742512468650823550729843098034877481187283040133359761099489233639018276765184880470220001176085677038761654531392863621085474291558691209065253319285, 2950472598667035960508606064503288692498675144706617639192454244574394699393561819138512050795985160528190755214479912353976382515190583906430631624268930380643323747853609425493229407318466625465982911653576912376668368527053751, 103182172807972095481932347668126850762215038324077234406297038234339037668334320927335453127035929888643578397629315745106133254671909337235838467831135798137635860954875153806585990494491800498445780822400900374492183833193562000, 3608425575680356305907123562319936487985027666197996586581203883957291923692307670637602347395461560941997053161811571166360687531001636219347915742465484004436611809672776773805016437899894550820136345872377936194849765793247616249, 126191712976004498611267392333529650228713753278605803295935838900270878291562434151388746705714118703081253282265775675077517930330385358339941212518460804357143777477592311929368989336001817478206326324710826866445249618930473006715, 4413101528584477095088451608111217821516996337085005118771173157625523448280992887627968532352598693046901867826140337056546766874032485905678594522403662668495595599906058140754109610322163717186401285019006562389388886896773307618776, 154332361787480693829484538891559094102866158044696573353695124677993049811543188632827509885635240137938484120632646021304059322660806621340410867071609732592988702219234442614464467371939728284045838649340518856762165791768135293650445, 5397219561033239806936870409596457075778798535227295062260558190572131219955730609261334877464880806134800042354316470408585529526254199261008701752983936978086108982073299433365502248407568326224417951441899153424286413824987961970146799, 188748352274375912548960979796984438558155082574910630605765841545346599648639028135513893201385192974580062998280443818279189474096236167513964150487366184500420825670346245725178114226892951689570582461817129850993262318082810533661487520, 6600795110042123699406697422484858892459649091586644776139543895896558856482410254133724927171016873304167404897461217169363046063842011663727736565304832520536642789480045300947868495692845740808745968212157645631339894719073380716181916401, 230839080499199953566685448807173076797529563122957656534278270514834213377235719866544858557784205372671279108412862157109427422760374172062956815635181772034282076806131239287450219235022707976616538304963700467245903052849485514532705586515, 8072767022361956251134584010828572829021075060211931333923599924123300909346767785074936324595276171170190601389552714281660596750549254010539760810666057188679336045425113329759809804730101933440770094705517358707975266955012919627928513611624, 282316006702169268836143754930192875938940097544294639030791719073800697613759636757756226502276881785583999769525932137701011458846463516196828671557676819831742479513072835302305892946318544962450336776388143854311888440372602701462965270820325, 9872987467553562453013896838545922085033882338990100434743786567658901115572240518736392991255095586324269801332018072105253740462875673812878463743708022636922307446912124122250946443316418971752321017078879517542208120146086081631575855965099751, 345272245357672516586650245594177080100246941767109220577001738148987738347414658519015998467426068639563859046851106591546179904741802119934549402358223115472449018162411271443480819623128345466368785260984394970122972316672640254403691993507670960, 12074655600050984518079744698957651881423609079509832619760317048646911941043940807646823553368657306798410796838456712632011042925500198523896350618794101018898793328237482376399577740366175672351155163117374944436761822963396322822497643916803383849, 422267673756426785616204414217923638769726070841077032471034094964492930198190513609119808369435579669304814030299133835528840322487765146216437722255435312545985317470149471902541740093193020186824061923847138660316540831402198658533013845094610763755, 14767293925874886512049074752928369705058988870358186303866433006708605644995624035511546469376876631118870080263631227530877400244146279919051423928321441838090587318126994034212561325521389530866491012171532478166642167276113556725832986934394573347576, 516433019731864601136101411938275016038294884391695443602854121139836704644648650729295006619821246509491147995196793829745180168222632032020583399768995029020624570816974641725537104653155440560140361364079789597172159313832572286745621528858715456401405, 18060388396689386153251500343086697191635261964838982339796027806887576056917707151489813685224366751201071309751624152813550428487547974840801367567986504573883769391275985466359586101534919030074046156730621103422858933816863916479370920523120646400701599, 631597160864396650762666410596096126691195873884972686449258119119925325287475101651414183976233015045528004693311648554644519816895956487396027281479758665056911304123842516680859976449069010612031475124207658830202890524276404504491236596780363908568154560, 22087840241857193390540072870520277737000220324009205043384238141390498809004710850648006625482931159842279092956156075259744643162870929084020153484223566772418011874943212098363739589615880452391027583190537437953678309415857293740713909966789616153484708001, 772442811304137372018139884057613624668316515466437203831999076829547532989877404671028817707926357579434240248772150985536417990883586561453309344666345078369573504318888580926050025660106746823073933936544602669548537939030728876420495612240856201463396625475, 27013410555402950827244355869145956585654077821001292929076583450892773155836704452635360613151939584120356129614069128418514885037762658721781806909837854176162654639286157120313387158514120258355196660195870555996245149556659653380976632518463177435065397183624, 944696926627799141581534315536050866873224407219578815313848421704417512921294778437566592642609959086633030296243647343662484558330809468700909932499658551087323338870696610630042500522334102295608809172918924857199031696544057139457761642533970354025825504801365, 33037379021417567004526456687892634383977200174864257243055618176203720179089480540862195381878196628448035704238913587899768444656540568745810065830578211433880154205835095214931174131123179460087953124391966499445969864229485340227640680856170499213468827270864151, 1155363568822987046016844449760706152572328781713029424691632787745425788755210524151739271773094272036594616618065731929148233078420589096634651394137737741634718073865357635911961052088788947000782750544545908555751746216335442850827966068323433502117383128975443920, 40404687529783129043585029284936822705647530159781165606964091952913698886253278864770012316676421324652363545928061703932288389300064077813466988728990242745781252431081682161703705648976489965567308315934714832951865147707511014438751171710464002074894940686869673049, 1413008699973586529479459180523028088545091226810627766819051585564234035230109549742798691811901652090796129490864093905700945392423822134374709954120520758360709117013993518023717736662088359847855008307170473244759528423546550062505463043797916639119205540911463112795, 49414899811545745402737486289021046276372545408212190673059841402795277534167580962133184201099881401853212168634315224995600800345533710625301381405489236299879037843058691448668417077524116104709357982435031848733631629676421741173252455361216618367097298991214339274776, 1728108484704127502566332560935213591584493998060616045790275397512270479660635224124918648346683947412771629772710168780940327066701256049751173639238002749737405615390040207185370879976681975304979674376918944232432347510251214391001330474598783726209286259151590411504365, 60434382064832916844418902146443454659180917386713349411986579071526671510588065263410019507932838278045153829876221592107915846534198428030665775991924607004509317500808348560039312382106345019569579245209728016286398531229116081943873314155596213798957921771314450063377999, 2113475263784447962052095242564585699479747614536906613373739992105921232390921648995225764129302655784167612415895045554996114301630243725023550986078123242408088706912902159394190562493745393709630293907963561625791516245508811653644564664971268699237317975736854161806725600, 73911199850390845754978914587614056027131985591405018118668913144635716462171669649569491725017660114167821280726450372832756084710524331947793618736742388877278595424450767230236630374898982434817490707533514928886416670061579291795615889959838808259507171229018581213172018001, 2584778519499895153462209915323927375250139748084638727540038220070144154943617516085936984611488801340089577213009868003591466850566721374447753104799905487462342751148863950898887872558970639824902544469765058949398791935909766401192911583929387020383513675039913488299213904435, 90393336982645939525422368121749844077727759197370950445782668789310409706564441393358224969677090386788967381174618929752868583685124723773723565049259949672304717694785787514230838909189073411436771565734243548300071301086780244749956289547568706905163471455167953509259314637224, 3161182015873107988236320674345920615345221432159898626874853369405794195574811831251451936954086674736273768763898652673346808962128798610705877023619298333043202776566353699047180473949058598760462102256228759131553096746101398799847277222580975354660337987255838459335776798398405, 110550977218576133648745801233985471693005022366399080990174085260413486435411849652407459568423356525382792939355278224637385445090822826650931972261626181706839792462127593679137085749307861883204736807402272326056058314812462177749904746500786568706206666082499178123242928629306951, 3866123020634291569717866722515145588639830561391807936029218130745066231043839926003009632957863391713661479108670839209635143769216670134171913152133297061406349533397899425070750820751826107313405326156823302652830487921690074822446818850304948929362572974900215395854166725227344880, 135203754744981628806476589486796110130701064626346878680032460490816904600098985560452929693956795353452768975864124094112592646477492631869366028352403770967515393876464352283797141640564605894085981678681413320523011018944340156607888755014172425958983847455425039676772592454327763849, 4728265293053722716656962765315348708985897431360748945865106899047846594772420654689849529655529973979133252676135672454731107482943025445293639079181998686801632436142854430507829206599009380185695953427692642915652555175130215406453659606645729959635072087964976173291186569176244389835, 165354081502135313454187220196550408704375709032999866226598709006183813912434623928584280608249592293916211074688884411821476169256528397953408001743017550267089619871123440715490225089324763700605272388290561088727316420110613199069270197477586376161268539231318741025514757328714225880376, 5782664587281682248179895744113948955944163918723634568985089708317385640340439416845759971759080200313088254361434818741296934816495550902923986421926432260661335063053177570611650048919767720140998837636741945462540422148696331752018003252108877435684763801008190959719725319935821661423325, 202227906473356743372842163823791663049341361446294210048251541082102313598002944965673014730959557418664172691575529771533571242408087753204386116765682111572879637586990091530692261487102545441234354044897677530100187458784260998121560843626333123872805464496055364849164871440425043923935999, 7072194061980204335801295838088594257771003486701573717119818848165263590289762634381709755611825429452932955950782107184933696549466575811250590100376947472790125980481600026003617501999669322723061392733781971608044020635300438602502611523669550458112506493560929578761050775094940715676336640, 247324564262833795009672512169277007358935780673108785889145408144702123346543689258394168431682930473433989285585798221701145807988922065640566267396427479436081529679269010818595920308501323749865914391637471328751440534776731090089469842484807932910064921810136479891787612256882500004747846401, 8649287555137202621002736630086606663304981320072105932402969466216409053538739361409414185353290741140736692039552155652355169583062805721608568768774584832790063412793933778624853593295546661922583942314577714534692374696550287714528941875444608101394159756861215866633805378215792559450498287395, 302477739865539257940086109540861956208315410421850598848214785909429614750509333960071102318933493009452350232098739649610729789599209278190659340639714041668216137918108413241051279845035631843540572066618582537385481673844483338918423495798076475615885526568332418852291400625295857080762692212424, 10578071607738736825282011097300081860627734383444698853755114537363820107214287949241079166977318964589691521431416335580723187466389261930951468353621216873554774763721000529658169940982951567861997438389335811093957166209860366574430293411057232038454599270134773443963565216507139205267243729147445, 369930028530990249626930302295962003165762388010142609282580794021824274137749568889477699741887230267629750899867473005675700831534024958305110733036102876532748900592316910124794896654558269243326369771560134805751115335671268346766141845891205044870295088928148738119872491177124576327272767827948151, 12936972926976920000117278569261370028941055845971546626036572676226485774714020623182478411799075740402451589973930138863068805916224484278747924187909979461772656745967370853838163212968556471948560944566215382390195079582284531770240534312781119338421873513215071060751573625982853032249279630249037840, 452424122415661209754477819621851989009771192220993989301997462873905177840852972242497266713225763683818175898187687387201732506236322924797872235843813178285510237208265662974210917557244918248956306690045978248851076670044287343611652559101447971799895277873599338388185204418222731552397514290888376249, 15821907311621165421406606408195558245313050671888818078943874627910454738655140007864221856551102653193233704846595128413197568912355077883646780330345551260531085645543330833243543951290603582241522173207043023327397488371967772494637599034237897893657912852062761772525730581011812751301663720550844130875]
Predicted:    
[1, 35, 1224, 42805, 1496951, 52350480, 1830769849, -45769246226, 1144231155649, -28605778891226, 715144472280649, -17878611807016226, 446965295175405649, -11174132379385141226, 279353309484628530649, -6983832737115713266226, 174595818427892831655649, -4364895460697320791391226, 109122386517433019784780649, -2728059662935825494619516226, 68201491573395637365487905649, -1705037289334890934137197641226, 42625932233372273353429941030649, -1065648305834306833835748525766226, 26641207645857670845893713144155649, -666030191146441771147342828603891226, 16650754778661044278683570715097280649, -416268869466526106967089267877432016226, 10406721736663152674177231696935800405649, -260168043416578816854430792423395010141226, 6504201085414470421360769810584875253530649, -162605027135361760534019245264621881338266226, 4065125678384044013350481131615547033456655649, -101628141959601100333762028290388675836416391226, 2540703548990027508344050707259716895910409780649, -63517588724750687708601267681492922397760244516226, 1587939718118767192715031692037323059944006112905649, -39698492952969179817875792300933076498600152822641226, 992462323824229495446894807523326912465003820566030649, -24811558095605737386172370188083172811625095514150766226, 620288952390143434654309254702079320290627387853769155649, -15507223809753585866357731367551983007265684696344228891226, 387680595243839646658943284188799575181642117408605722280649, -9692014881095991166473582104719989379541052935215143057016226, 242300372027399779161839552617999734488526323380378576425405649, -6057509300684994479045988815449993362213158084509464410635141226, 151437732517124861976149720386249834055328952112736610265878530649, -3785943312928121549403743009656245851383223802818415256646963266226, 94648582823203038735093575241406146284580595070460381416174081655649, -2366214570580075968377339381035153657114514876761509535404352041391226, 59155364264501899209433484525878841427862871919037738385108801034780649, -1478884106612547480235837113146971035696571797975943459627720025869516226, 36972102665313687005895927828674275892414294949398586490693000646737905649, -924302566632842175147398195716856897310357373734964662267325016168447641226, 23107564165821054378684954892921422432758934343374116556683125404211191030649, -577689104145526359467123872323035560818973358584352913917078135105279775766226, 14442227603638158986678096808075889020474333964608822847926953377631994394155649, -361055690090953974666952420201897225511858349115220571198173834440799859853891226, 9026392252273849366673810505047430637796458727880514279954345861019996496347280649, -225659806306846234166845262626185765944911468197012856998858646525499912408682016226, 5641495157671155854171131565654644148622786704925321424971466163137497810217050405649, -141037378941778896354278289141366103715569667623133035624286654078437445255426260141226, 3525934473544472408856957228534152592889241690578325890607166351960936131385656503530649, -88148361838611810221423930713353814822231042264458147265179158799023403284641412588266226, 2203709045965295255535598267833845370555776056611453681629478969975585082116035314706655649, -55092726149132381388389956695846134263894401415286342040736974249389627052900882867666391226, 1377318153728309534709748917396153356597360035382158551018424356234740676322522071691659780649, -34432953843207738367743722934903833914934000884553963775460608905868516908063051792291494516226, 860823846080193459193593073372595847873350022113849094386515222646712922701576294807287362905649, -21520596152004836479839826834314896196833750552846227359662880566167823067539407370182184072641226, 538014903800120911995995670857872404920843763821155683991572014154195576688485184254554601816030649, -13450372595003022799899891771446810123021094095528892099789300353854889417212129606363865045400766226, 336259314875075569997497294286170253075527352388222302494732508846372235430303240159096626135019155649, -8406482871876889249937432357154256326888183809705557562368312721159305885757581003977415653375478891226, 210162071796922231248435808928856408172204595242638939059207818028982647143939525099435391334386972280649, -5254051794923055781210895223221410204305114881065973476480195450724566178598488127485884783359674307016226, 131351294873076394530272380580535255107627872026649336912004886268114154464962203187147119583991857675405649, -3283782371826909863256809514513381377690696800666233422800122156702853861624055079678677989599796441885141226, 82094559295672746581420237862834534442267420016655835570003053917571346540601376991966949739994911047128530649, -2052363982391818664535505946570863361056685500416395889250076347939283663515034424799173743499872776178213266226, 51309099559795466613387648664271584026417137510409897231251908698482091587875860619979343587496819404455331655649, -1282727488994886665334691216606789600660428437760247430781297717462052289696896515499483589687420485111383291391226, 32068187224872166633367280415169740016510710944006185769532442936551307242422412887487089742185512127784582284780649, -801704680621804165834182010379243500412767773600154644238311073413782681060560322187177243554637803194614557119516226, 20042617015545104145854550259481087510319194340003866105957776835344567026514008054679431088865945079865363927987905649, -501065425388627603646363756487027187757979858500096652648944420883614175662850201366985777221648626996634098199697641226, 12526635634715690091159093912175679693949496462502416316223610522090354391571255034174644430541215674915852454992441030649, -313165890867892252278977347804391992348737411562560407905590263052258859789281375854366110763530391872896311374811025766226, 7829147271697306306974433695109799808718435289064010197639756576306471494732034396359152769088259796822407784370275644155649, -195728681792432657674360842377744995217960882226600254940993914407661787368300859908978819227206494920560194609256891103891226, 4893217044810816441859021059443624880449022055665006373524847860191544684207521497724470480680162373014004865231422277597280649, -122330426120270411046475526486090622011225551391625159338121196504788617105188037443111762017004059325350121630785556939932016226, 3058260653006760276161888162152265550280638784790628983453029912619715427629700936077794050425101483133753040769638923498300405649, -76456516325169006904047204053806638757015969619765724586325747815492885690742523401944851260627537078343826019240973087457510141226, 1911412908129225172601180101345165968925399240494143114658143695387322142268563085048621281515688426958595650481024327186437753530649, -47785322703230629315029502533629149223134981012353577866453592384683053556714077126215532037892210673964891262025608179660943838266226, 1194633067580765732875737563340728730578374525308839446661339809617076338917851928155388300947305266849122281550640204491523595956655649, -29865826689519143321893439083518218264459363132720986166533495240426908472946298203884707523682631671228057038766005112288089898916391226, 746645667237978583047335977087955456611484078318024654163337381010672711823657455097117688092065791780701425969150127807202247472909780649, -18666141680949464576183399427198886415287101957950616354083434525266817795591436377427942202301644794517535649228753195180056186822744516226, 466653542023736614404584985679972160382177548948765408852085863131670444889785909435698555057541119862938391230718829879501404670568612905649, -11666338550593415360114624641999304009554438723719135221302146578291761122244647735892463876438527996573459780767970746987535116764215322641226, 291658463764835384002865616049982600238860968092978380532553664457294028056116193397311596910963199914336494519199268674688377919105383066030649, -7291461594120884600071640401249565005971524202324459513313841611432350701402904834932789922774079997858412362979981716867209447977634576650766226, 182286539853022115001791010031239125149288105058111487832846040285808767535072620873319748069351999946460309074499542921680236199440864416269155649, -4557163496325552875044775250780978128732202626452787195821151007145219188376815521832993701733799998661507726862488573042005904986021610406728891226, 113929087408138821876119381269524453218305065661319679895528775178630479709420388045824842543344999966537693171562214326050147624650540260168222280649, -2848227185203470546902984531738111330457626641532991997388219379465761992735509701145621063583624999163442329289055358151253690616263506504205557016226, 71205679630086763672574613293452783261440666038324799934705484486644049818387742528640526589590624979086058232226383953781342265406587662605138925405649, -1780141990752169091814365332336319581536016650958119998367637112166101245459693563216013164739765624477151455805659598844533556635164691565128473135141226, 44503549768804227295359133308407989538400416273952999959190927804152531136492339080400329118494140611928786395141489971113338915879117289128211828378530649, -1112588744220105682383978332710199738460010406848824998979773195103813278412308477010008227962353515298219659878537249277833472896977932228205295709463266226, 27814718605502642059599458317754993461500260171220624974494329877595331960307711925250205699058837882455491496963431231945836822424448305705132392736581655649, -695367965137566051489986457943874836537506504280515624362358246939883299007692798131255142476470947061387287424085780798645920560611207642628309818414541391226, 17384199128439151287249661448596870913437662607012890609058956173497082475192319953281378561911773676534682185602144519966148014015280191065707745460363534780649, -434604978210978782181241536214921772835941565175322265226473904337427061879807998832034464047794341913367054640053612999153700350382004776642693636509088369516226, 10865124455274469554531038405373044320898539129383056630661847608435676546995199970800861601194858547834176366001340324978842508759550119416067340912727209237905649, -271628111381861738863275960134326108022463478234576415766546190210891913674879999270021540029871463695854409150033508124471062718988752985401683522818180230947641226, 6790702784546543471581899003358152700561586955864410394163654755272297841871999981750538500746786592396360228750837703111776567974718824635042088070454505773691030649, -169767569613663586789547475083953817514039673896610259854091368881807446046799999543763462518669664809909005718770942577794414199367970615876052201761362644342275766226, 4244189240341589669738686877098845437850991847415256496352284222045186151169999988594086562966741620247725142969273564444860354984199265396901305044034066108556894155649, -106104731008539741743467171927471135946274796185381412408807105551129653779249999714852164074168540506193128574231839111121508874604981634922532626100851652713922353891226, 2652618275213493543586679298186778398656869904634535310220177638778241344481249992871304101854213512654828214355795977778037721865124540873063315652521291317848058847280649, -66315456880337338589666982454669459966421747615863382755504440969456033612031249821782602546355337816370705358894899444450943046628113521826582891313032282946201471182016226, 1657886422008433464741674561366736499160543690396584568887611024236400840300781245544565063658883445409267633972372486111273576165702838045664572282825807073655036779550405649, -41447160550210836618541864034168412479013592259914614222190275605910021007519531138614126591472086135231690849309312152781839404142570951141614307070645176841375919488760141226, 1036179013755270915463546600854210311975339806497865355554756890147750525187988278465353164786802153380792271232732803819545985103564273778540357676766129421034397987219003530649, -25904475343881772886588665021355257799383495162446633888868922253693763129699706961633829119670053834519806780818320095488649627589106844463508941919153235525859949680475088266226, 647611883597044322164716625533881444984587379061165847221723056342344078242492674040845727991751345862995169520458002387216240689727671111587723547978830888146498742011877206655649, -16190297089926108054117915638347036124614684476529146180543076408558601956062316851021143199793783646574879238011450059680406017243191777789693088699470772203662468550296930166391226, 404757427248152701352947890958675903115367111913228654513576910213965048901557921275528579994844591164371980950286251492010150431079794444742327217486769305091561713757423254159780649, -10118935681203817533823697273966897577884177797830716362839422755349126222538948031888214499871114779109299523757156287300253760776994861118558180437169232627289042843935581353994516226, 252973392030095438345592431849172439447104444945767909070985568883728155563473700797205362496777869477732488093928907182506344019424871527963954510929230815682226071098389533849862905649, -6324334800752385958639810796229310986177611123644197726774639222093203889086842519930134062419446736943312202348222679562658600485621788199098862773230770392055651777459738346246572641226, 158108370018809648965995269905732774654440278091104943169365980552330097227171062998253351560486168423582805058705566989066465012140544704977471569330769259801391294436493458656164316030649, -3952709250470241224149881747643319366361006952277623579234149513808252430679276574956333789012154210589570126467639174726661625303513617624436789233269231495034782360912336466404107900766226, 98817731261756030603747043691082984159025173806940589480853737845206310766981914373908344725303855264739253161690979368166540632587840440610919730831730787375869559022808411660102697519155649, -2470443281543900765093676092277074603975629345173514737021343446130157769174547859347708618132596381618481329042274484204163515814696011015272993270793269684396738975570210291502567437978891226, 61761082038597519127341902306926865099390733629337868425533586153253944229363696483692715453314909540462033226056862105104087895367400275381824831769831742109918474389255257287564185949472280649, -1544027050964937978183547557673171627484768340733446710638339653831348605734092412092317886332872738511550830651421552627602197384185006884545620794245793552747961859731381432189104648736807016226, 38600676274123449454588688941829290687119208518336167765958491345783715143352310302307947158321818462788770766285538815690054934604625172113640519856144838818699046493284535804727616218420175405649, -965016906853086236364717223545732267177980212958404194148962283644592878583807757557698678958045461569719269157138470392251373365115629302841012996403620970467476162332113395118190405460504385141226, 24125422671327155909117930588643306679449505323960104853724057091114821964595193938942466973951136539242981728928461759806284334127890732571025324910090524261686904058302834877954760136512609628530649, -603135566783178897727948264716082666986237633099002621343101427277870549114879848473561674348778413481074543223211543995157108353197268314275633122752263106542172601457570871948869003412815240713266226, 15078389169579472443198706617902066674655940827475065533577535681946763727871996211839041858719460337026863580580288599878927708829931707856890828068806577663554315036439271798721725085320381017831655649, -376959729239486811079967665447551666866398520686876638339438392048669093196799905295976046467986508425671589514507214996973192720748292696422270701720164441588857875910981794968043127133009525445791391226, 9423993230987170276999191636188791671659963017171915958485959801216727329919997632399401161699662710641789737862680374924329818018707317410556767543004111039721446897774544874201078178325238136144784780649, -235599830774679256924979790904719791791499075429297898962148995030418183247999940809985029042491567766044743446567009373108245450467682935263919188575102775993036172444363621855026954458130953403619619516226, 5889995769366981423124494772617994794787476885732447474053724875760454581199998520249625726062289194151118586164175234327706136261692073381597979714377569399825904311109090546375673861453273835090490487905649, -147249894234174535578112369315449869869686922143311186851343121894011364529999963006240643151557229853777964654104380858192653406542301834539949492859439234995647607777727263659391846536331845877262262197641226, 3681247355854363389452809232886246746742173053582779671283578047350284113249999075156016078788930746344449116352609521454816335163557545863498737321485980874891190194443181591484796163408296146931556554941030649, -92031183896359084736320230822156168668554326339569491782089451183757102831249976878900401969723268658611227908815238036370408379088938646587468433037149521872279754861079539787119904085207403673288913873525766226, 2300779597408977118408005770553904216713858158489237294552236279593927570781249421972510049243081716465280697720380950909260209477223466164686710825928738046806993871526988494677997602130185091832222846838144155649, -57519489935224427960200144263847605417846453962230932363805906989848189269531235549312751231077042911632017443009523772731505236930586654117167770648218451170174846788174712366949940053254627295805571170953603891226, 1437987248380610699005003606596190135446161349055773309095147674746204731738280888732818780776926072790800436075238094318287630923264666352929194266205461279254371169704367809173748501331365682395139279273840097280649, -35949681209515267475125090164904753386154033726394332727378691868655118293457022218320469519423151819770010901880952357957190773081616658823229856655136531981359279242609195229343712533284142059878481981846002432016226, 898742030237881686878127254122618834653850843159858318184467296716377957336425555458011737985578795494250272547023808948929769327040416470580746416378413299533981981065229880733592813332103551496962049546150060800405649, -22468550755947042171953181353065470866346271078996457954611682417909448933410638886450293449639469887356256813675595223723244233176010411764518660409460332488349549526630747018339820333302588787424051238653751520010141226, 561713768898676054298829533826636771658656776974911448865292060447736223335265972161257336240986747183906420341889880593081105829400260294112966510236508312208738738165768675458495508332564719685601280966343788000253530649, -14042844222466901357470738345665919291466419424372786221632301511193405583381649304031433406024668679597660508547247014827027645735006507352824162755912707805218468454144216886462387708314117992140032024158594700006338266226, 351071105561672533936768458641647982286660485609319655540807537779835139584541232600785835150616716989941512713681175370675691143375162683820604068897817695130461711353605422161559692707852949803500800603964867500158456655649, -8776777639041813348419211466041199557166512140232991388520188444495878489613530815019645878765417924748537817842029384266892278584379067095515101722445442378261542783840135554038992317696323745087520015099121687503961416391226, 219419440976045333710480286651029988929162803505824784713004711112396962240338270375491146969135448118713445446050734606672306964609476677387877543061136059456538569596003388850974807942408093627188000377478042187599035409780649, -5485486024401133342762007166275749723229070087645619617825117777809924056008456759387278674228386202967836136151268365166807674115236916934696938576528401486413464239900084721274370198560202340679700009436951054689975885244516226, 137137150610028333569050179156893743080726752191140490445627944445248101400211418984681966855709655074195903403781709129170191852880922923367423464413210037160336605997502118031859254964005058516992500235923776367249397131112905649, -3428428765250708339226254478922343577018168804778512261140698611131202535005285474617049171392741376854897585094542728229254796322023073084185586610330250929008415149937552950796481374100126462924812505898094409181234928277822641226, 85710719131267708480656361973058589425454220119462806528517465278280063375132136865426229284818534421372439627363568205731369908050576827104639665258256273225210378748438823769912034352503161573120312647452360229530873206945566030649, -2142767978281692712016409049326464735636355502986570163212936631957001584378303421635655732120463360534310990684089205143284247701264420677615991631456406830630259468710970594247800858812579039328007816186309005738271830173639150766226, 53569199457042317800410226233161618390908887574664254080323415798925039609457585540891393303011584013357774767102230128582106192531610516940399790786410170765756486717774264856195021470314475983200195404657725143456795754340978769155649, -1339229986426057945010255655829040459772722189366606352008085394973125990236439638522284832575289600333944369177555753214552654813290262923509994769660254269143912167944356621404875536757861899580004885116443128586419893858524469228891226, 33480749660651448625256391395726011494318054734165158800202134874328149755910990963057120814382240008348609229438893830363816370332256573087749869241506356728597804198608915535121888418946547489500122127911078214660497346463111730722280649, -837018741516286215631409784893150287357951368354128970005053371858203743897774774076428020359556000208715230735972345759095409258306414327193746731037658918214945104965222888378047210473663687237503053197776955366512433661577793268057016226, 20925468537907155390785244622328757183948784208853224250126334296455093597444369351910700508988900005217880768399308643977385231457660358179843668275941472955373627624130572209451180261841592180937576329944423884162810841539444831701425405649, -523136713447678884769631115558218929598719605221330606253158357411377339936109233797767512724722500130447019209982716099434630786441508954496091706898536823884340690603264305236279506546039804523439408248610597104070271038486120792535635141226, 13078417836191972119240777888955473239967990130533265156328958935284433498402730844944187818118062503261175480249567902485865769661037723862402292672463420597108517265081607630906987663650995113085985206215264927601756775962153019813390878530649, -326960445904799302981019447223886830999199753263331628908223973382110837460068271123604695452951562581529387006239197562146644241525943096560057316811585514927712931627040190772674691591274877827149630155381623190043919399053825495334771963266226, 8174011147619982574525486180597170774979993831583290722705599334552770936501706778090117386323789064538234675155979939053666106038148577414001432920289637873192823290676004769316867289781871945678740753884540579751097984976345637383369299081655649, -204350278690499564363137154514929269374499845789582268067639983363819273412542669452252934658094726613455866878899498476341652650953714435350035823007240946829820582266900119232921682244546798641968518847113514493777449624408640934584232477041391226, 5108756967262489109078428862873231734362496144739556701690999584095481835313566736306323366452368165336396671972487461908541316273842860883750895575181023670745514556672502980823042056113669966049212971177837862344436240610216023364605811926034780649, -127718924181562227726960721571830793359062403618488917542274989602387045882839168407658084161309204133409916799312186547713532906846071522093772389379525591768637863916812574520576051402841749151230324279445946558610906015255400584115145298150869516226, 3192973104539055693174018039295769833976560090462222938556874740059676147070979210191452104032730103335247919982804663692838322671151788052344309734488139794215946597920314363014401285071043728780758106986148663965272650381385014602878632453771737905649, -79824327613476392329350450982394245849414002261555573463921868501491903676774480254786302600818252583381197999570116592320958066778794701308607743362203494855398664948007859075360032126776093219518952674653716599131816259534625365071965811344293447641226, 1995608190336909808233761274559856146235350056538889336598046712537297591919362006369657565020456314584529949989252914808023951669469867532715193584055087371384966623700196476884000803169402330487973816866342914978295406488365634126799145283607336191030649, -49890204758422745205844031863996403655883751413472233414951167813432439797984050159241439125511407864613248749731322870200598791736746688317879839601377184284624165592504911922100020079235058262199345421658572874457385162209140853169978632090183404775766226, 1247255118960568630146100796599910091397093785336805835373779195335810994949601253981035978137785196615331218743283071755014969793418667207946995990034429607115604139812622798052500501980876456554983635541464321861434629055228521329249465802254585119394155649, -31181377974014215753652519914997752284927344633420145884344479883395274873740031349525899453444629915383280468582076793875374244835466680198674899750860740177890103495315569951312512549521911413874590888536608046535865726380713033231236645056364627984853891226, 779534449350355393841312997874943807123183615835503647108611997084881871843500783738147486336115747884582011714551919846884356120886667004966872493771518504447252587382889248782812813738047785346864772213415201163396643159517825830780916126409115699621347280649, -19488361233758884846032824946873595178079590395887591177715299927122046796087519593453687158402893697114550292863797996172108903022166675124171812344287962611181314684572231219570320343451194633671619305335380029084916078987945645769522903160227892490533682016226, 487209030843972121150820623671839879451989759897189779442882498178051169902187989836342178960072342427863757321594949904302722575554166878104295308607199065279532867114305780489258008586279865841790482633384500727122901974698641144238072579005697312263342050405649, -12180225771099303028770515591795996986299743997429744486072062454451279247554699745908554474001808560696593933039873747607568064388854171952607382715179976631988321677857644512231450214656996646044762065834612518178072549367466028605951814475142432806583551260141226, 304505644277482575719262889794899924657493599935743612151801561361281981188867493647713861850045214017414848325996843690189201609721354298815184567879499415799708041946441112805786255366424916151119051645865312954451813734186650715148795361878560820164588781503530649, -7612641106937064392981572244872498116437339998393590303795039034032049529721687341192846546251130350435371208149921092254730040243033857470379614196987485394992701048661027820144656384160622903777976291146632823861295343354666267878719884046964020504114719537588266226, 190316027673426609824539306121812452910933499959839757594875975850801238243042183529821163656278258760884280203748027306368251006075846436759490354924687134874817526216525695503616409604015572594449407278665820596532383583866656696967997101174100512602867988439706655649, -4757900691835665245613482653045311322773337498995993939871899396270030956076054588245529091406956469022107005093700682659206275151896160918987258873117178371870438155413142387590410240100389314861235181966645514913309589596666417424199927529352512815071699710992666391226, 118947517295891631140337066326132783069333437474899848496797484906750773901901364706138227285173911725552675127342517066480156878797404022974681471827929459296760953885328559689760256002509732871530879549166137872832739739916660435604998188233812820376792492774816659780649, -2973687932397290778508426658153319576733335936872496212419937122668769347547534117653455682129347793138816878183562926662003921969935100574367036795698236482419023847133213992244006400062743321788271988729153446820818493497916510890124954705845320509419812319370416494516226, 74342198309932269462710666453832989418333398421812405310498428066719233688688352941336392053233694828470421954589073166550098049248377514359175919892455912060475596178330349806100160001568583044706799718228836170520462337447912772253123867646133012735495307984260412362905649, -1858554957748306736567766661345824735458334960545310132762460701667980842217208823533409801330842370711760548864726829163752451231209437858979397997311397801511889904458258745152504000039214576117669992955720904263011558436197819306328096691153325318387382699606510309072641226, 46463873943707668414194166533645618386458374013632753319061517541699521055430220588335245033271059267794013721618170729093811280780235946474484949932784945037797247611456468628812600000980364402941749823893022606575288960904945482658202417278833132959684567490162757726816030649, -1161596848592691710354854163341140459661459350340818832976537938542488026385755514708381125831776481694850343040454268227345282019505898661862123748319623625944931190286411715720315000024509110073543745597325565164382224022623637066455060431970828323992114187254068943170400766226]
len(predicted_full) = 200, len(input_sequence + seq_pred) = 200
is_manual_check: False
