test results being evaluated: data/test_linrec15.tsv
csv file used: ../linear_database_newbl.csv
The sequence ID inspected: A206605
csv results file used: ../linear_database_newbl.csv
Results we are looking at now:
('Could you give me a recursive equation in a form of a Python code for the following number sequence: 14,11,25,36,61,97,158,255,413,668,1081,1749,2830,4579,7409', 'Certainly, the Python code is the following: lambda a_n: ( ( a_n[-2] ) + a_n[-1] ) - -4 - 0')

Experiment type: Evaluation of the results of llms.
Ground truth: 
[14, 11, 25, 36, 61, 97, 158, 255, 413, 668, 1081, 1749, 2830, 4579, 7409, 11988, 19397, 31385, 50782, 82167, 132949, 215116, 348065, 563181, 911246, 1474427, 2385673, 3860100, 6245773, 10105873, 16351646, 26457519, 42809165, 69266684, 112075849, 181342533, 293418382, 474760915, 768179297, 1242940212, 2011119509, 3254059721, 5265179230, 8519238951, 13784418181, 22303657132, 36088075313, 58391732445, 94479807758, 152871540203, 247351347961, 400222888164, 647574236125, 1047797124289, 1695371360414, 2743168484703, 4438539845117, 7181708329820, 11620248174937, 18801956504757, 30422204679694, 49224161184451, 79646365864145, 128870527048596, 208516892912741, 337387419961337, 545904312874078, 883291732835415, 1429196045709493, 2312487778544908, 3741683824254401, 6054171602799309, 9795855427053710, 15850027029853019, 25645882456906729, 41495909486759748, 67141791943666477, 108637701430426225, 175779493374092702, 284417194804518927, 460196688178611629, 744613882983130556, 1204810571161742185, 1949424454144872741, 3154235025306614926, 5103659479451487667, 8257894504758102593, 13361553984209590260, 21619448488967692853, 34981002473177283113, 56600450962144975966, 91581453435322259079, 148181904397467235045, 239763357832789494124, 387945262230256729169, 627708620063046223293, 1015653882293302952462, 1643362502356349175755, 2659016384649652128217, 4302378887006001303972, 6961395271655653432189, 11263774158661654736161, 18225169430317308168350, 29488943588978962904511, 47714113019296271072861, 77203056608275233977372, 124917169627571505050233, 202120226235846739027605, 327037395863418244077838, 529157622099264983105443, 856195017962683227183281, 1385352640061948210288724, 2241547658024631437472005, 3626900298086579647760729, 5868447956111211085232734, 9495348254197790732993463, 15363796210309001818226197, 24859144464506792551219660, 40222940674815794369445857, 65082085139322586920665517, 105305025814138381290111374, 170387110953460968210776891, 275692136767599349500888265, 446079247721060317711665156, 721771384488659667212553421, 1167850632209719984924218577, 1889622016698379652136771998, 3057472648908099637060990575, 4947094665606479289197762573, 8004567314514578926258753148, 12951661980121058215456515721, 20956229294635637141715268869, 33907891274756695357171784590, 54864120569392332498887053459, 88772011844149027856058838049, 143636132413541360354945891508, 232408144257690388211004729557, 376044276671231748565950621065, 608452420928922136776955350622, 984496697600153885342905971687, 1592949118529076022119861322309, 2577445816129229907462767293996, 4170394934658305929582628616305, 6747840750787535837045395910301, 10918235685445841766628024526606, 17666076436233377603673420436907, 28584312121679219370301444963513, 46250388557912596973974865400420, 74834700679591816344276310363933, 121085089237504413318251175764353, 195919789917096229662527486128286, 317004879154600642980778661892639, 512924669071696872643306148020925, 829929548226297515624084809913564, 1342854217297994388267390957934489, 2172783765524291903891475767848053, 3515637982822286292158866725782542, 5688421748346578196050342493630595, 9204059731168864488209209219413137, 14892481479515442684259551713043732, 24096541210684307172468760932456869, 38989022690199749856728312645500601, 63085563900884057029197073577957470, 102074586591083806885925386223458071, 165160150491967863915122459801415541, 267234737083051670801047846024873612, 432394887575019534716170305826289153, 699629624658071205517218151851162765, 1132024512233090740233388457677451918, 1831654136891161945750606609528614683, 2963678649124252685983995067206066601, 4795332786015414631734601676734681284, 7759011435139667317718596743940747885, 12554344221155081949453198420675429169, 20313355656294749267171795164616177054, 32867699877449831216624993585291606223, 53181055533744580483796788749907783277, 86048755411194411700421782335199389500, 139229810944938992184218571085107172777, 225278566356133403884640353420306562277, 364508377301072396068858924505413735054, 589786943657205799953499277925720297331, 954295320958278196022358202431134032385, 1544082264615483995975857480356854329716, 2498377585573762191998215682787988362101, 4042459850189246187974073163144842691817, 6540837435763008379972288845932831053918, 10583297285952254567946362009077673745735, 17124134721715262947918650855010504799653, 27707432007667517515865012864088178545388, 44831566729382780463783663719098683345041, 72538998737050297979648676583186861890429, 117370565466433078443432340302285545235470, 189909564203483376423081016885472407125899, 307280129669916454866513357187757952361369, 497189693873399831289594374073230359487268, 804469823543316286156107731260988311848637, 1301659517416716117445702105334218671335905, 2106129340960032403601809836595206983184542, 3407788858376748521047511941929425654520447]
Predicted:    
[14, 11, 25, 36, 61, 97, 158, 255, 413, 668, 1081, 1749, 2830, 4579, 7409, 11992, 19405, 31401, 50810, 82215, 133029, 215248, 348281, 563533, 911818, 1475355, 2387177, 3862536, 6249717, 10112257, 16361978, 26474239, 42836221, 69310464, 112146689, 181457157, 293603850, 475061011, 768664865, 1243725880, 2012390749, 3256116633, 5268507386, 8524624023, 13793131413, 22317755440, 36110886857, 58428642301, 94539529162, 152968171467, 247507700633, 400475872104, 647983572741, 1048459444849, 1696443017594, 2744902462447, 4441345480045, 7186247942496, 11627593422545, 18813841365045, 30441434787594, 49255276152643, 79696710940241, 128951987092888, 208648698033133, 337600685126025, 546249383159162, 883850068285191, 1430099451444357, 2313949519729552, 3744048971173913, 6057998490903469, 9802047462077386, 15860045952980859, 25662093415058249, 41522139368039112, 67184232783097365, 108706372151136481, 175890604934233850, 284596977085370335, 460487582019604189, 745084559104974528, 1205572141124578721, 1950656700229553253, 3156228841354131978, 5106885541583685235, 8263114382937817217, 13369999924521502456, 21633114307459319677, 35003114231980822137, 56636228539440141818, 91639342771420963959, 148275571310861105781, 239914914082282069744, 388190485393143175529, 628105399475425245277, 1016295884868568420810, 1644401284343993666091, 2660697169212562086905, 4305098453556555753000, 6965795622769117839909, 11270894076325673592913, 18236689699094791432826, 29507583775420465025743, 47744273474515256458573, 77251857249935721484320, 124996130724450977942897, 202247987974386699427221, 327244118698837677370122, 529492106673224376797347, 856736225372062054167473, 1386228332045286430964824, 2242964557417348485132301, 3629192889462634916097129, 5872157446879983401229434, 9501350336342618317326567, 15373507783222601718556005, 24874858119565220035882576, 40248365902787821754438585, 65123224022353041790321165, 105371589925140863544759754, 170494813947493905335080923, 275866403872634768879840681, 446361217820128674214921608, 722227621692763443094762293, 1168588839512892117309683905, 1890816461205655560404446202, 3059405300718547677714130111, 4950221761924203238118576317, 8009627062642750915832706432, 12959848824566954153951282753, 20969475887209705069783989189, 33929324711776659223735271946, 54898800598986364293519261139, 88828125310763023517254533089, 143726925909749387810773794232, 232555051220512411328028327325, 376281977130261799138802121561, 608837028350774210466830448890, 985119005481036009605632570455, 1593956033831810220072463019349, 2579075039312846229678095589808, 4173031073144656449750558609161, 6752106112457502679428654198973, 10925137185602159129179212808138, 17677243298059661808607867007115, 28602380483661820937787079815257, 46279623781721482746394946822376, 74882004265383303684182026637637, 121161628047104786430576973460017, 196043632312488090114759000097658, 317205260359592876545335973557679, 513248892672080966660094973655341, 830454153031673843205430947213024, 1343703045703754809865525920868369, 2174157198735428653070956868081397, 3517860244439183462936482788949770, 5692017443174612116007439657031171, 9209877687613795578943922445980945, 14901895130788407694951362103012120, 24111772818402203273895284548993069, 39013667949190610968846646652005193, 63125440767592814242741931200998266, 102139108716783425211588577853003463, 165264549484376239454330509054001733, 267403658201159664665919086907005200, 432668207685535904120249595961006937, 700071865886695568786168682868012141, 1132740073572231472906418278829019082, 1832811939458927041692586961697031227, 2965552013031158514599005240526050313, 4798363952490085556291592202223081544, 7763915965521244070890597442749131861, 12562279918011329627182189644972213409, 20326195883532573698072787087721345274, 32888475801543903325254976732693558687, 53214671685076477023327763820414903965, 86103147486620380348582740553108462656, 139317819171696857371910504373523366625, 225420966658317237720493244926631829285, 364738785830014095092403749300155195914, 590159752488331332812896994226787025203, 954898538318345427905300743526942221121, 1545058290806676760718197737753729246328, 2499956829125022188623498481280671467453, 4045015119931698949341696219034400713785, 6544971949056721137965194700315072181242, 10589987068988420087306890919349472895031, 17134959018045141225272085619664545076277, 27724946087033561312578976539014017971312, 44859905105078702537851062158678563047593, 72584851192112263850430038697692581018909, 117444756297190966388281100856371144066506, 190029607489303230238711139554063725085419, 307474363786494196626992240410434869151929, 497503971275797426865703379964498594237352, 804978335062291623492695620374933463389285, 1302482306338089050358399000339432057626641, 2107460641400380673851094620714365521015930, 3409942947738469724209493621053797578642575]
len(predicted_full) = 200, len(input_sequence + seq_pred) = 200
is_manual_check: False
