test results being evaluated: data/test_linrec15.tsv
csv file used: ../linear_database_newbl.csv
The sequence ID inspected: A208901
csv results file used: ../linear_database_newbl.csv
Results we are looking at now:
('Could you give me a recursive equation in a form of a Python code for the following number sequence: 0,0,4,8,24,48,112,224,480,960,1984,3968,8064,16128,32512', 'Certainly, the Python code is the following: lambda a_n: a_n[-2] * 4 - -8')

Experiment type: Evaluation of the results of llms.
Ground truth: 
[0, 0, 4, 8, 24, 48, 112, 224, 480, 960, 1984, 3968, 8064, 16128, 32512, 65024, 130560, 261120, 523264, 1046528, 2095104, 4190208, 8384512, 16769024, 33546240, 67092480, 134201344, 268402688, 536838144, 1073676288, 2147418112, 4294836224, 8589803520, 17179607040, 34359476224, 68718952448, 137438429184, 274876858368, 549754765312, 1099509530624, 2199021158400, 4398042316800, 8796088827904, 17592177655808, 35184363700224, 70368727400448, 140737471578112, 281474943156224, 562949919866880, 1125899839733760, 2251799746576384, 4503599493152768, 9007199120523264, 18014398241046528, 36028796750528512, 72057593501057024, 144115187538984960, 288230375077969920, 576460751229681664, 1152921502459363328, 2305843007066210304, 4611686014132420608, 9223372032559808512, 18446744065119617024, 36893488138829168640, 73786976277658337280, 147573952572496543744, 295147905144993087488, 590295810324345913344, 1180591620648691826688, 2361183241366103130112, 4722366482732206260224, 9444732965601851473920, 18889465931203702947840, 37778931862682283802624, 75557863725364567605248, 151115727451278891024384, 302231454902557782048768, 604462909806215075725312, 1208925819612430151450624, 2417851639227059326156800, 4835703278454118652313600, 9671406556912635351138304, 19342813113825270702276608, 38685626227659337497575424, 77371252455318674995150848, 154742504910654942176346112, 309485009821309884352692224, 618970019642654953077473280, 1237940039285309906154946560, 2475880078570690181054070784, 4951760157141380362108141568, 9903520314282901461704638464, 19807040628565802923409276928, 39614081257131887321795264512, 79228162514263774643590529024, 158456325028528112237134479360, 316912650057056224474268958720, 633825300114113574848444760064, 1267650600228227149696889520128, 2535301200456456551193592725504, 5070602400912913102387185451008, 10141204801825830708373998272512, 20282409603651661416747996545024, 40564819207303331840695247831040, 81129638414606663681390495662080, 162259276829213345377179500806144, 324518553658426690754359001612288, 649037107316853417537515022188544, 1298074214633706835075030044377088, 2596148429267413742207654126682112, 5192296858534827484415308253364224, 10384593717069655112945804582584320, 20769187434139310225891609165168640, 41538374868278620740013594482049024, 83076749736557241480027188964098048, 166153499473114483536515130231619584, 332306998946228967073030260463239168, 664613997892457935298982025533325312, 1329227995784915870597964051066650624, 2658455991569831743501771111346995200, 5316911983139663487003542222693990400, 10633823966279326978618770463815368704, 21267647932558653957237540927630737408, 42535295865117307923698453892116250624, 85070591730234615847396907784232501248, 170141183460469231713240559642174554112, 340282366920938463426481119284349108224, 680564733841876926889855726716117319680, 1361129467683753853779711453432234639360, 2722258935367507707633209883159307485184, 5444517870735015415266419766318614970368, 10889035741470030830680413485226906353664, 21778071482940061661360826970453812707328, 43556142965880123323016801846086978240512, 87112285931760246646033603692173956481024, 174224571863520493292657503194706618613760, 348449143727040986585315006389413237227520, 696898287454081973171810604399543885758464, 1393796574908163946343621208799087771516928, 2787593149816327892689603600839610365640704, 5575186299632655785379207201679220731281408, 11150372599265311570763136769841311107776512, 22300745198530623141526273539682622215553024, 44601490397061246283061991812330983721533440, 89202980794122492566123983624661967443066880, 178405961588244985132266856715255413466988544, 356811923176489970264533713430510826933977088, 713623846352979940529105205792884611029663744, 1427247692705959881058210411585769222059327488, 2854495385411919762116496381035264358442074112, 5708990770823839524232992762070528716884148224, 11417981541647679048466136639868509262415134720, 22835963083295358096932273279737018524830269440, 45671926166590716193864848790928940706954215424, 91343852333181432387729697581857881413908430848, 182687704666362864775459999626625570142404214784, 365375409332725729550919999253251140284808429568, 730750818665451459101841207432321895198791565312, 1461501637330902918203682414864643790397583130624, 2923003274661805836407367247580926810053515673600, 5846006549323611672814734495161853620107031347200, 11692013098647223345629473826026985698730761519104, 23384026197294446691258947652053971397461523038208, 46768052394588893382517904975514499711956443725824, 93536104789177786765035809951028999423912887451648, 187072209578355573530071639244871112681892570202112, 374144419156711147060143278489742225363785140404224, 748288838313422294120286595665110678395703871406080, 1496577676626844588240573191330221356791407742812160, 2993155353253689176481146460031695168919082666819584, 5986310706507378352962292920063390337838165333639168, 11972621413014756705924585994869285586348865029668864, 23945242826029513411849171989738571172697730059337728, 47890485652059026823698344288962152166740528843456512, 95780971304118053647396688577924304333481057686913024, 191561942608236107294793377774818628309652252823388160, 383123885216472214589586755549637256619304505646776320, 766247770432944429179173512337214552523989286192676864, 1532495540865888858358347024674429105047978572385353728, 3064991081731777716716694051824738288666717694568955904, 6129982163463555433433388103649476577333435389137911808, 12259964326927110866866776212250713311808391877872320512, 24519928653854221733733552424501426623616783755744641024, 49039857307708443467467104858906373561516609710682275840, 98079714615416886934934209717812747123033219421364551680, 196159429230833773869868419455432534874632523241115090944, 392318858461667547739736838910865069749265046482230181888, 784637716923335095479473677861344220755662261761232338944, 1569275433846670190958947355722688441511324523522464677888, 3138550867693340381917894711524605045536913384638473306112, 6277101735386680763835789423049210091073826769276946612224, 12554203470773361527671578846256876507176182213740981125120, 25108406941546723055343157692513753014352364427481962250240, 50216813883093446110686315385344418678761786205338100301824, 100433627766186892221372630770688837357523572410676200603648, 200867255532373784442745261542011500015161259522100752809984, 401734511064747568885490523084023000030322519044201505619968, 803469022129495137770981046169313650660873267489899714445312, 1606938044258990275541962092338627301321746534979799428890624]
Predicted:    
[0, 0, 4, 8, 24, 48, 112, 224, 480, 960, 1984, 3968, 8064, 16128, 32512, 64520, 130056, 258088, 520232, 1032360, 2080936, 4129448, 8323752, 16517800, 33295016, 66071208, 133180072, 264284840, 532720296, 1057139368, 2130881192, 4228557480, 8523524776, 16914229928, 34094099112, 67656919720, 136376396456, 270627678888, 545505585832, 1082510715560, 2182022343336, 4330042862248, 8728089373352, 17320171449000, 34912357493416, 69280685796008, 139649429973672, 277122743184040, 558597719894696, 1108490972736168, 2234390879578792, 4433963890944680, 8937563518315176, 17735855563778728, 35750254073260712, 70943422255114920, 143001016293042856, 283773689020459688, 572004065172171432, 1135094756081838760, 2288016260688685736, 4540379024327355048, 9152065042754742952, 18161516097309420200, 36608260171018971816, 72646064389237680808, 146433040684075887272, 290584257556950723240, 585732162736303549096, 1162337030227802892968, 2342928650945214196392, 4649348120911211571880, 9371714603780856785576, 18597392483644846287528, 37486858415123427142312, 74389569934579385150120, 149947433660493708569256, 297558279738317540600488, 599789734641974834277032, 1190233118953270162401960, 2399158938567899337108136, 4760932475813080649607848, 9596635754271597348432552, 19043729903252322598431400, 38386543017086389393730216, 76174919613009290393725608, 153546172068345557574920872, 304699678452037161574902440, 614184688273382230299683496, 1218798713808148646299609768, 2456738753093528921198733992, 4875194855232594585198439080, 9826955012374115684794935976, 19500779420930378340793756328, 39307820049496462739179743912, 78003117683721513363175025320, 157231280197985850956718975656, 312012470734886053452700101288, 628925120791943403826875902632, 1248049882939544213810800405160, 2515700483167773615307503610536, 4992199531758176855243201620648, 10062801932671094461230014442152, 19968798127032707420972806482600, 40251207730684377844920057768616, 79875192508130829683891225930408, 161004830922737511379680231074472, 319500770032523318735564903721640, 644019323690950045518720924297896, 1278003080130093274942259614886568, 2576077294763800182074883697191592, 5112012320520373099769038459546280, 10304309179055200728299534788766376, 20448049282081492399076153838185128, 41217236716220802913198139155065512, 81792197128325969596304615352740520, 164868946864883211652792556620262056, 327168788513303878385218461410962088, 659475787459532846611170226481048232, 1308675154053215513540873845643848360, 2637903149838131386444680905924192936, 5234700616212862054163495382575393448, 10551612599352525545778723623696771752, 20938802464851448216653981530301573800, 42206450397410102183114894494787087016, 83755209859405792866615926121206295208, 168825801589640408732459577979148348072, 335020839437623171466463704484825180840, 675303206358561634929838311916593392296, 1340083357750492685865854817939300723368, 2701212825434246539719353247666373569192, 5360333431001970743463419271757202893480, 10804851301736986158877412990665494276776, 21441333724007882973853677087028811573928, 43219405206947944635509651962661977107112, 85765334896031531895414708348115246295720, 172877620827791778542038607850647908428456, 343061339584126127581658833392460985182888, 691510483311167114168154431402591633713832, 1372245358336504510326635333569843940731560, 2766041933244668456672617725610366534855336, 5488981433346018041306541334279375762926248, 11064167732978673826690470902441466139421352, 21955925733384072165226165337117503051705000, 44256670931914695306761883609765864557685416, 87823702933536288660904661348470012206820008, 177026683727658781227047534439063458230741672, 351294811734145154643618645393880048827280040, 708106734910635124908190137756253832922966696, 1405179246936580618574474581575520195309120168, 2832426939642540499632760551025015331691866792, 5620716987746322474297898326302080781236480680, 11329707758570161998531042204100061326767467176, 22482867950985289897191593305208323124945922728, 45318831034280647994124168816400245307069868712, 89931471803941159588766373220833292499783690920, 181275324137122591976496675265600981228279474856, 359725887215764638355065492883333169999134763688, 725101296548490367905986701062403924913117899432, 1438903548863058553420261971533332679996539054760, 2900405186193961471623946804249615699652471597736, 5755614195452234213681047886133330719986156219048, 11601620744775845886495787216998462798609886390952, 23022456781808936854724191544533322879944624876200, 46406482979103383545983148867993851194439545563816, 92089827127235747418896766178133291519778499504808, 185625931916413534183932595471975404777758182255272, 368359308508942989675587064712533166079113998019240, 742503727665654136735730381887901619111032729021096, 1473437234035771958702348258850132664316455992076968, 2970014910662616546942921527551606476444130916084392, 5893748936143087834809393035400530657265823968307880, 11880059642650466187771686110206425905776523664337576, 23574995744572351339237572141602122629063295873231528, 47520238570601864751086744440825703623106094657350312, 94299982978289405356950288566408490516253183492926120, 190080954282407459004346977763302814492424378629401256, 377199931913157621427801154265633962065012733971704488, 760323817129629836017387911053211257969697514517605032, 1508799727652630485711204617062535848260050935886817960, 3041295268518519344069551644212845031878790058070420136, 6035198910610521942844818468250143393040203743547271848, 12165181074074077376278206576851380127515160232281680552, 24140795642442087771379273873000573572160814974189087400, 48660724296296309505112826307405520510060640929126722216, 96563182569768351085517095492002294288643259896756349608, 194642897185185238020451305229622082040242563716506888872, 386252730279073404342068381968009177154573039587025398440, 778571588740740952081805220918488328160970254866027555496, 1545010921116293617368273527872036708618292158348101593768, 3114286354962963808327220883673953312643881019464110221992, 6180043684465174469473094111488146834473168633392406375080, 12457145419851855233308883534695813250575524077856440887976, 24720174737860697877892376445952587337892674533569625500328, 49828581679407420933235534138783253002302096311425763551912, 98880698951442791511569505783810349351570698134278502001320, 199314326717629683732942136555133012009208385245703054207656, 395522795805771166046278023135241397406282792537114008005288, 797257306870518734931768546220532048036833540982812216830632, 1582091183223084664185112092540965589625131170148456032021160]
len(predicted_full) = 200, len(input_sequence + seq_pred) = 200
is_manual_check: False
