test results being evaluated: data/test_linrec15.tsv
csv file used: ../linear_database_newbl.csv
The sequence ID inspected: A210209
csv results file used: ../linear_database_newbl.csv
Results we are looking at now:
('Could you give me a recursive equation in a form of a Python code for the following number sequence: 0,1,1,2,1,1,4,1,3,2,11,1,8,1,29', 'Certainly, the Python code is the following: lambda a_n: ( n * a_n[-4] ) // 4')

Experiment type: Evaluation of the results of llms.
Ground truth: 
[0, 1, 1, 2, 1, 1, 4, 1, 3, 2, 11, 1, 8, 1, 29, 2, 21, 1, 76, 1, 55, 2, 199, 1, 144, 1, 521, 2, 377, 1, 1364, 1, 987, 2, 3571, 1, 2584, 1, 9349, 2, 6765, 1, 24476, 1, 17711, 2, 64079, 1, 46368, 1, 167761, 2, 121393, 1, 439204, 1, 317811, 2, 1149851, 1, 832040, 1, 3010349, 2, 2178309, 1, 7881196, 1, 5702887, 2, 20633239, 1, 14930352, 1, 54018521, 2, 39088169, 1, 141422324, 1, 102334155, 2, 370248451, 1, 267914296, 1, 969323029, 2, 701408733, 1, 2537720636, 1, 1836311903, 2, 6643838879, 1, 4807526976, 1, 17393796001, 2, 12586269025, 1, 45537549124, 1, 32951280099, 2, 119218851371, 1, 86267571272, 1, 312119004989, 2, 225851433717, 1, 817138163596, 1, 591286729879, 2, 2139295485799, 1, 1548008755920, 1, 5600748293801, 2, 4052739537881, 1, 14662949395604, 1, 10610209857723, 2, 38388099893011, 1, 27777890035288, 1, 100501350283429, 2, 72723460248141, 1, 263115950957276, 1, 190392490709135, 2, 688846502588399, 1, 498454011879264, 1, 1803423556807921, 2, 1304969544928657, 1, 4721424167835364, 1, 3416454622906707, 2, 12360848946698171, 1, 8944394323791464, 1, 32361122672259149, 2, 23416728348467685, 1, 84722519070079276, 1, 61305790721611591, 2, 221806434537978679, 1, 160500643816367088, 1, 580696784543856761, 2, 420196140727489673, 1, 1520283919093591604, 1, 1100087778366101931, 2, 3980154972736918051, 1, 2880067194370816120, 1, 10420180999117162549, 2, 7540113804746346429, 1, 27280388024614569596, 1, 19740274219868223167, 2, 71420983074726546239, 1, 51680708854858323072, 1, 186982561199565069121, 2, 135301852344706746049, 1, 489526700523968661124, 1]
Predicted:    
[0, 1, 1, 2, 1, 1, 4, 1, 3, 2, 11, 1, 8, 1, 29, 3, 32, 4, 130, 14, 160, 21, 715, 80, 960, 131, 4647, 540, 6720, 949, 34852, 4185, 53760, 7829, 296242, 36618, 483840, 72418, 2814299, 357025, 4838400, 742284, 29550139, 3838018, 53222400, 8350695, 339826598, 45096711, 638668800, 102296013, 4247832475, 574983065, 8302694400, 1355422172, 57345738412, 7906017143, 116237721600, 19314765951, 831513206974, 116613752859, 1743565824000, 294550180752, 12888454708097, 1836666607529, 27897053184000, 4786440437220, 212659502683600, 30764165676110, 474249904128000, 82566097542045, 3721541296963000, 546063940750952, 8536498274304000, 1506831280142321, 68848513993815500, 10238698889080350, 162193467211776000, 29006502142739679, 1342546022879402250, 202214303059336912, 3243869344235520000, 587381668390478499, 27522193469027746125, 4195946788481240924, 68121256228945920000, 12481860453297668103, 591727159584096541687, 91261842649466990097, 1498667637036810240000, 277721395085873115291, 13313861090642172187957, 2076206920275374024706, 34469355651846635520000, 6457022435746549930515, 312875735630091046416989, 49309914356540133086767, 827264535644319252480000, 156582794066853835814988, 7665455522937230637216230, 1220420380324368293897483, 20681613391107981312000000, 3953715550188059354328447, 195469115834899381249013865, 31425824793352483567860187, 537721948168807514112000000, 103785033192436558051121733, 5179931569624833603098867422, 840640813222178935440260002, 14518492600557802881024000000, 2828142154493896206893067224, 142448118164682924085218854105, 23327782566915465458467215055, 406517792815618480668672000000, 79895015864452567844729149078, 4059771367693463336428737341992, 670673748798819631930932432831, 11789015991652935939391488000000, 2336929214035237609458327610531, 119763255346957168424647751588764, 19952544026764884049945239876722, 353670479749588078181744640000000, 70692108724565937686114410218562, 3652779288082193636951756423457302, 613540728823020184535816126209201, 10963784872237230423634083840000000, 2209128397642685552691075319330062, 115062547574589099563980327338905013, 19479918140130890859012162007142131, 350841115911591373556290682880000000, 71244390823976609074287179048394499, 3739532796174145735829360638514412922, 637967319089286675632648305733904790, 11577756825082515327357592535040000000, 2368875994897222251720048703359117091, 125274348671833882150283581390232832887, 21531397019263425302601880318519286662, 393643732052805521130158146191360000000, 81134002825229862121411668090049760366, 4321965029178268934184783557963032734601, 748216046419404029265415341068545211504, 13777530621848193239555535116697600000000, 2859973599589352639779761300174254052901, 153429758535828547163559816307687662078335, 26748723659493694046238598443200491311268, 495991102386534956623999264201113600000000, 103674042985114033192016347131316709417661, 5600186186557741971469933295230599665859227, 983015594486393256199268492787618055689099, 18351670788301793395087972775441203200000000, 3861858101195497736402608930641547425807872, 210006981995915323930122498571147487469721012, 37108838691861345421522385602732581602263487, 697363489955468149013342965466765721600000000, 147716072370727788417399791597039189037151104, 8085268806842739971309716194989178267584258962, 1437967499309627135083992442105887537087710121, 27197176108263257811520375653203863142400000000, 5797855840551065695382941820183788169708180832, 319368117870288228866733789702072541569578228999, 57159208097557678619588699573709029599236477309, 1087887044330530312460815026128154525696000000000, 233363697582180394239163408262397473830754278488, 12934408773746673269102718482933937933567918274459, 2329237729975475403748239507628642956168886450341, 44603368817551742810893416071254335553536000000000, 9626252525264941262365490590823895795518613987630, 536777964110486940667762817041758424243068608390048, 97245675226476098106488999443495843420051009301736, 1873341490337173198057523474992682093248512000000000, 406709169192443768334941977462309597360661440977367, 22813063474695694978379919724274733030330415856577040, 4157252615931853194052404726209447306207180647649214, 80553684084498447516473509424685330009686016000000000, 17590171567573192980486240525244890085848607322271122, 992368261149262731559526508005950886819373089761101240, 181879801947018577239792706771663319646564153334653112, 3544362099717931690724834414686154520426184704000000000, 778365091865113789386516143242086386298800874010497148, 44160387621142191554398929606264814463462102494369005180, 8139121137129081331480723628031933554183745861725726762, 159496294487306926082617548660876953419178311680000000000, 35221020406896398969739855481704408980020739548974995947, 2009297636761969715725151297085049058087525663493789735690, 372364792023655470915243105982460960103906373173951999361, 7336829546416118599800407238400339857282202337280000000000, 1628972193818958452350468316028828915325959204140093562548, 93432340109431591781219535314454781201069943352461222709585, 17408054027105893265287615204680049884857622945882255970126, 344830988681557574190619140204815973292263509852160000000000, 76968936157945786873559627932362166249151572395619420830393, 4438036155198000609607927927436602107050822309241908078705287, 831234579794306403417483626023472382001951495665877722573516, 16551887456714763561149718729831166718028648472903680000000000, 3713751169620884216649252047736474521521563368088637055066462, 215244753527103029565984504480675202191964881998232541817206419, 40522685764972437166602326768644278622595135413711538975458905, 811042485379023414496336217761727169183403775172280320000000000, 182902245103828547669975663351021370184936995878365374962023253, 10654615299591599963516232971793422508502261658912510819951717740, 2016003616807378749038465756740052861474107986832149064029080523]
len(predicted_full) = 200, len(input_sequence + seq_pred) = 200
is_manual_check: False
