test results being evaluated: data/test_linrec15.tsv
csv file used: ../linear_database_newbl.csv
The sequence ID inspected: A211533
csv results file used: ../linear_database_newbl.csv
Results we are looking at now:
('Could you give me a recursive equation in a form of a Python code for the following number sequence: 0,0,1,1,3,4,5,8,10,13,16,19,23,27,32', 'Certainly, the Python code is the following: lambda a_n: n // 3 + a_n[-2] + ( a_n[-4] ) // 6 // a_n[-6]')

Experiment type: Evaluation of the results of llms.
Ground truth: 
[0, 0, 1, 1, 3, 4, 5, 8, 10, 13, 16, 19, 23, 27, 32, 36, 41, 47, 52, 59, 65, 71, 79, 86, 94, 102, 110, 119, 128, 138, 147, 157, 168, 178, 190, 201, 212, 225, 237, 250, 263, 276, 290, 304, 319, 333, 348, 364, 379, 396, 412, 428, 446, 463, 481, 499, 517, 536, 555, 575, 594, 614, 635, 655, 677, 698, 719, 742, 764, 787, 810, 833, 857, 881, 906, 930, 955, 981, 1006, 1033, 1059, 1085, 1113, 1140, 1168, 1196, 1224, 1253, 1282, 1312, 1341, 1371, 1402, 1432, 1464, 1495, 1526, 1559, 1591, 1624, 1657, 1690, 1724, 1758, 1793, 1827, 1862, 1898, 1933, 1970, 2006, 2042, 2080, 2117, 2155, 2193, 2231, 2270, 2309, 2349, 2388, 2428, 2469, 2509, 2551, 2592, 2633, 2676, 2718, 2761, 2804, 2847, 2891, 2935, 2980, 3024, 3069, 3115, 3160, 3207, 3253, 3299, 3347, 3394, 3442, 3490, 3538, 3587, 3636, 3686, 3735, 3785, 3836, 3886, 3938, 3989, 4040, 4093, 4145, 4198, 4251, 4304, 4358, 4412, 4467, 4521, 4576, 4632, 4687, 4744, 4800, 4856, 4914, 4971, 5029, 5087, 5145, 5204, 5263, 5323, 5382, 5442, 5503, 5563, 5625, 5686, 5747, 5810, 5872, 5935, 5998, 6061, 6125, 6189, 6254, 6318, 6383, 6449, 6514, 6581]
Predicted:    
[0, 0, 1, 1, 3, 4, 5, 8, 10, 13, 16, 19, 23, 27, 32, 32, 37, 37, 43, 43, 49, 50, 56, 57, 64, 65, 72, 74, 81, 83, 91, 93, 101, 104, 112, 115, 124, 127, 136, 140, 149, 153, 163, 167, 177, 182, 192, 197, 208, 213, 224, 230, 241, 247, 259, 265, 277, 284, 296, 303, 316, 323, 336, 344, 357, 365, 379, 387, 401, 410, 424, 433, 448, 457, 472, 482, 497, 507, 523, 533, 549, 560, 576, 587, 604, 615, 632, 644, 661, 673, 691, 703, 721, 734, 752, 765, 784, 797, 816, 830, 849, 863, 883, 897, 917, 932, 952, 967, 988, 1003, 1024, 1040, 1061, 1077, 1099, 1115, 1137, 1154, 1176, 1193, 1216, 1233, 1256, 1274, 1297, 1315, 1339, 1357, 1381, 1400, 1424, 1443, 1468, 1487, 1512, 1532, 1557, 1577, 1603, 1623, 1649, 1670, 1696, 1717, 1744, 1765, 1792, 1814, 1841, 1863, 1891, 1913, 1941, 1964, 1992, 2015, 2044, 2067, 2096, 2120, 2149, 2173, 2203, 2227, 2257, 2282, 2312, 2337, 2368, 2393, 2424, 2450, 2481, 2507, 2539, 2565, 2597, 2624, 2656, 2683, 2716, 2743, 2776, 2804, 2837, 2865, 2899, 2927, 2961, 2990, 3024, 3053, 3088, 3117, 3152, 3182, 3217, 3247, 3283, 3313]
len(predicted_full) = 200, len(input_sequence + seq_pred) = 200
is_manual_check: False
