test results being evaluated: data/test_linrec15.tsv
csv file used: ../linear_database_newbl.csv
The sequence ID inspected: A211539
csv results file used: ../linear_database_newbl.csv
Results we are looking at now:
('Could you give me a recursive equation in a form of a Python code for the following number sequence: 0,0,2,3,7,9,15,18,26,30,40,45,57,63,77', 'Certainly, the Python code is the following: lambda a_n: n + abs( a_n[-2] )')

Experiment type: Evaluation of the results of llms.
Ground truth: 
[0, 0, 2, 3, 7, 9, 15, 18, 26, 30, 40, 45, 57, 63, 77, 84, 100, 108, 126, 135, 155, 165, 187, 198, 222, 234, 260, 273, 301, 315, 345, 360, 392, 408, 442, 459, 495, 513, 551, 570, 610, 630, 672, 693, 737, 759, 805, 828, 876, 900, 950, 975, 1027, 1053, 1107, 1134, 1190, 1218, 1276, 1305, 1365, 1395, 1457, 1488, 1552, 1584, 1650, 1683, 1751, 1785, 1855, 1890, 1962, 1998, 2072, 2109, 2185, 2223, 2301, 2340, 2420, 2460, 2542, 2583, 2667, 2709, 2795, 2838, 2926, 2970, 3060, 3105, 3197, 3243, 3337, 3384, 3480, 3528, 3626, 3675, 3775, 3825, 3927, 3978, 4082, 4134, 4240, 4293, 4401, 4455, 4565, 4620, 4732, 4788, 4902, 4959, 5075, 5133, 5251, 5310, 5430, 5490, 5612, 5673, 5797, 5859, 5985, 6048, 6176, 6240, 6370, 6435, 6567, 6633, 6767, 6834, 6970, 7038, 7176, 7245, 7385, 7455, 7597, 7668, 7812, 7884, 8030, 8103, 8251, 8325, 8475, 8550, 8702, 8778, 8932, 9009, 9165, 9243, 9401, 9480, 9640, 9720, 9882, 9963, 10127, 10209, 10375, 10458, 10626, 10710, 10880, 10965, 11137, 11223, 11397, 11484, 11660, 11748, 11926, 12015, 12195, 12285, 12467, 12558, 12742, 12834, 13020, 13113, 13301, 13395, 13585, 13680, 13872, 13968, 14162, 14259, 14455, 14553, 14751, 14850]
Predicted:    
[0, 0, 2, 3, 7, 9, 15, 18, 26, 30, 40, 45, 57, 63, 77, 78, 93, 95, 111, 114, 131, 135, 153, 158, 177, 183, 203, 210, 231, 239, 261, 270, 293, 303, 327, 338, 363, 375, 401, 414, 441, 455, 483, 498, 527, 543, 573, 590, 621, 639, 671, 690, 723, 743, 777, 798, 833, 855, 891, 914, 951, 975, 1013, 1038, 1077, 1103, 1143, 1170, 1211, 1239, 1281, 1310, 1353, 1383, 1427, 1458, 1503, 1535, 1581, 1614, 1661, 1695, 1743, 1778, 1827, 1863, 1913, 1950, 2001, 2039, 2091, 2130, 2183, 2223, 2277, 2318, 2373, 2415, 2471, 2514, 2571, 2615, 2673, 2718, 2777, 2823, 2883, 2930, 2991, 3039, 3101, 3150, 3213, 3263, 3327, 3378, 3443, 3495, 3561, 3614, 3681, 3735, 3803, 3858, 3927, 3983, 4053, 4110, 4181, 4239, 4311, 4370, 4443, 4503, 4577, 4638, 4713, 4775, 4851, 4914, 4991, 5055, 5133, 5198, 5277, 5343, 5423, 5490, 5571, 5639, 5721, 5790, 5873, 5943, 6027, 6098, 6183, 6255, 6341, 6414, 6501, 6575, 6663, 6738, 6827, 6903, 6993, 7070, 7161, 7239, 7331, 7410, 7503, 7583, 7677, 7758, 7853, 7935, 8031, 8114, 8211, 8295, 8393, 8478, 8577, 8663, 8763, 8850, 8951, 9039, 9141, 9230, 9333, 9423, 9527, 9618, 9723, 9815, 9921, 10014]
len(predicted_full) = 200, len(input_sequence + seq_pred) = 200
is_manual_check: False
