test results being evaluated: data/test_linrec15.tsv
csv file used: ../linear_database_newbl.csv
The sequence ID inspected: A211775
csv results file used: ../linear_database_newbl.csv
Results we are looking at now:
('Could you give me a recursive equation in a form of a Python code for the following number sequence: 5419,5209,5003,4801,4603,4409,4219,4033,3851,3673,3499,3329,3163,3001,2843', 'Certainly, the Python code is the following: lambda a_n: a_n[-1] + n - -5 * -10 * -10')

Experiment type: Evaluation of the results of llms.
Ground truth: 
[5419, 5209, 5003, 4801, 4603, 4409, 4219, 4033, 3851, 3673, 3499, 3329, 3163, 3001, 2843, 2689, 2539, 2393, 2251, 2113, 1979, 1849, 1723, 1601, 1483, 1369, 1259, 1153, 1051, 953, 859, 769, 683, 601, 523, 449, 379, 313, 251, 193, 139, 89, 43, 1, -37, -71, -101, -127, -149, -167, -181, -191, -197, -199, -197, -191, -181, -167, -149, -127, -101, -71, -37, 1, 43, 89, 139, 193, 251, 313, 379, 449, 523, 601, 683, 769, 859, 953, 1051, 1153, 1259, 1369, 1483, 1601, 1723, 1849, 1979, 2113, 2251, 2393, 2539, 2689, 2843, 3001, 3163, 3329, 3499, 3673, 3851, 4033, 4219, 4409, 4603, 4801, 5003, 5209, 5419, 5633, 5851, 6073, 6299, 6529, 6763, 7001, 7243, 7489, 7739, 7993, 8251, 8513, 8779, 9049, 9323, 9601, 9883, 10169, 10459, 10753, 11051, 11353, 11659, 11969, 12283, 12601, 12923, 13249, 13579, 13913, 14251, 14593, 14939, 15289, 15643, 16001, 16363, 16729, 17099, 17473, 17851, 18233, 18619, 19009, 19403, 19801, 20203, 20609, 21019, 21433, 21851, 22273, 22699, 23129, 23563, 24001, 24443, 24889, 25339, 25793, 26251, 26713, 27179, 27649, 28123, 28601, 29083, 29569, 30059, 30553, 31051, 31553, 32059, 32569, 33083, 33601, 34123, 34649, 35179, 35713, 36251, 36793, 37339, 37889, 38443, 39001, 39563, 40129, 40699, 41273, 41851, 42433]
Predicted:    
[5419, 5209, 5003, 4801, 4603, 4409, 4219, 4033, 3851, 3673, 3499, 3329, 3163, 3001, 2843, 3358, 3874, 4391, 4909, 5428, 5948, 6469, 6991, 7514, 8038, 8563, 9089, 9616, 10144, 10673, 11203, 11734, 12266, 12799, 13333, 13868, 14404, 14941, 15479, 16018, 16558, 17099, 17641, 18184, 18728, 19273, 19819, 20366, 20914, 21463, 22013, 22564, 23116, 23669, 24223, 24778, 25334, 25891, 26449, 27008, 27568, 28129, 28691, 29254, 29818, 30383, 30949, 31516, 32084, 32653, 33223, 33794, 34366, 34939, 35513, 36088, 36664, 37241, 37819, 38398, 38978, 39559, 40141, 40724, 41308, 41893, 42479, 43066, 43654, 44243, 44833, 45424, 46016, 46609, 47203, 47798, 48394, 48991, 49589, 50188, 50788, 51389, 51991, 52594, 53198, 53803, 54409, 55016, 55624, 56233, 56843, 57454, 58066, 58679, 59293, 59908, 60524, 61141, 61759, 62378, 62998, 63619, 64241, 64864, 65488, 66113, 66739, 67366, 67994, 68623, 69253, 69884, 70516, 71149, 71783, 72418, 73054, 73691, 74329, 74968, 75608, 76249, 76891, 77534, 78178, 78823, 79469, 80116, 80764, 81413, 82063, 82714, 83366, 84019, 84673, 85328, 85984, 86641, 87299, 87958, 88618, 89279, 89941, 90604, 91268, 91933, 92599, 93266, 93934, 94603, 95273, 95944, 96616, 97289, 97963, 98638, 99314, 99991, 100669, 101348, 102028, 102709, 103391, 104074, 104758, 105443, 106129, 106816, 107504, 108193, 108883, 109574, 110266, 110959, 111653, 112348, 113044, 113741, 114439, 115138]
len(predicted_full) = 200, len(input_sequence + seq_pred) = 200
is_manual_check: False
