test results being evaluated: data/test_linrec15.tsv
csv file used: ../linear_database_newbl.csv
The sequence ID inspected: A213046
csv results file used: ../linear_database_newbl.csv
Results we are looking at now:
('Could you give me a recursive equation in a form of a Python code for the following number sequence: 2,3,8,13,25,41,71,116,193,314,514,834,1356,2197,3562', 'Certainly, the Python code is the following: lambda a_n: 9 + n * n // 2 + a_n[-2] + a_n[-2]')

Experiment type: Evaluation of the results of llms.
Ground truth: 
[2, 3, 8, 13, 25, 41, 71, 116, 193, 314, 514, 834, 1356, 2197, 3562, 5767, 9339, 15115, 24465, 39590, 64067, 103668, 167748, 271428, 439190, 710631, 1149836, 1860481, 3010333, 4870829, 7881179, 12752024, 20633221, 33385262, 54018502, 87403782, 141422304, 228826105, 370248430, 599074555, 969323007, 1568397583, 2537720613, 4106118218, 6643838855, 10749957096, 17393795976, 28143753096, 45537549098, 73681302219, 119218851344, 192900153589, 312119004961, 505019158577, 817138163567, 1322157322172, 2139295485769, 3461452807970, 5600748293770, 9062201101770, 14662949395572, 23725150497373, 38388099892978, 62113250390383, 100501350283395, 162614600673811, 263115950957241, 425730551631086, 688846502588363, 1114577054219484, 1803423556807884, 2918000611027404, 4721424167835326, 7639424778862767, 12360848946698132, 20000273725560937, 32361122672259109, 52361396397820085, 84722519070079235, 137083915467899360, 221806434537978637, 358890350005878038, 580696784543856718, 939587134549734798, 1520283919093591560, 2459871053643326401, 3980154972736918006, 6440026026380244451, 10420180999117162503, 16860207025497406999, 27280388024614569549, 44140595050111976594, 71420983074726546191, 115561578124838522832, 186982561199565069072, 302544139324403591952, 489526700523968661074, 792070839848372253075, 1281597540372340914200, 2073668380220713167325, 3355265920593054081577, 5428934300813767248953, 8784200221406821330583, 14213134522220588579588, 22997334743627409910225, 37210469265847998489866, 60207804009475408400146, 97418273275323406890066, 157626077284798815290268, 255044350560122222180389, 412670427844921037470714, 667714778405043259651159, 1080385206249964297121931, 1748099984655007556773147, 2828485190904971853895137, 4576585175559979410668342, 7405070366464951264563539, 11981655542024930675231940, 19386725908489881939795540, 31368381450514812615027540, 50755107359004694554823142, 82123488809519507169850743, 132878596168524201724673948, 215002084978043708894524753, 347880681146567910619198765, 562882766124611619513723581, 910763447271179530132922411, 1473646213395791149646646056, 2384409660666970679779568533, 3858055874062761829426214654, 6242465534729732509205783254, 10100521408792494338631997974, 16342986943522226847837781296, 26443508352314721186469779337, 42786495295836948034307560702, 69230003648151669220777340107, 112016498943988617255084900879, 181246502592140286475862241055, 293263001536128903730947142005, 474509504128269190206809383130, 767772505664398093937756525207, 1242282009792667284144565908408, 2010054515457065378082322433688, 3252336525249732662226888342168, 5262391040706798040309210775930, 8514727565956530702536099118171, 13777118606663328742845309894176, 22291846172619859445381409012421, 36068964779283188188226718906673, 58360810951903047633608127919169, 94429775731186235821834846825919, 152790586683089283455442974745164, 247220362414275519277277821571161, 400010949097364802732720796316402, 647231311511640322009998617887642, 1047242260609005124742719414204122, 1694473572120645446752718032091844, 2741715832729650571495437446296045, 4436189404850296018248155478387970, 7177905237579946589743592924684095, 11614094642430242607991748403072147, 18791999880010189197735341327756323, 30406094522440431805727089730828553, 49198094402450621003462431058584958, 79604188924891052809189520789413595, 128802283327341673812651951847998636, 208406472252232726621841472637412316, 337208755579574400434493424485411036, 545615227831807127056334897122823438, 882823983411381527490828321608234559, 1428439211243188654547163218731058084, 2311263194654570182037991540339292729, 3739702405897758836585154759070350901, 6050965600552329018623146299409643717, 9790668006450087855208301058479994707, 15841633607002416873831447357889638512, 25632301613452504729039748416369633309, 41473935220454921602871195774259271910, 67106236833907426331910944190628905310, 108580172054362347934782139964888177310, 175686408888269774266693084155517082712, 284266580942632122201475224120405260113, 459952989830901896468168308275922342918, 744219570773534018669643532396327603123, 1204172560604435915137811840672249946135, 1948392131377969933807455373068577549351, 3152564691982405848945267213740827495581, 5100956823360375782752722586809405045026, 8253521515342781631697989800550232540703, 13354478338703157414450712387359637585824, 21607999854045939046148702187909870126624, 34962478192749096460599414575269507712544, 56570478046795035506748116763179377839266, 91532956239544131967347531338448885551907, 148103434286339167474095648101628263391272, 239636390525883299441443179440077148943277, 387739824812222466915538827541705412334649, 627376215338105766356982006981782561278025, 1015116040150328233272520834523487973612775, 1642492255488433999629502841505270534890900]
Predicted:    
[2, 3, 8, 13, 25, 41, 71, 116, 193, 314, 514, 834, 1356, 2197, 3562, 4515, 7261, 9183, 14693, 18555, 29595, 37339, 59441, 74951, 119179, 150223, 238705, 300819, 477811, 602067, 956081, 1204623, 1912683, 2409799, 3825953, 4820219, 7652563, 9641131, 15305857, 19283031, 30612523, 38566911, 61225937, 77134755, 122452851, 154270531, 244906769, 308542175, 489814699, 617085559, 979630657, 1234172427, 1959262675, 2468346267, 3918526817, 4936694055, 7837055211, 9873389743, 15674112113, 19746781235, 31348226035, 39493564339, 62696454001, 78987130671, 125392910059, 157974263463, 250785822305, 315948529179, 501571646931, 631897060747, 1003143296321, 1263794124023, 2006286595243, 2527588250719, 4012573193233, 5055176504259, 8025146389363, 10110353011491, 16050292781777, 20220706026111, 32100585566763, 40441412055511, 64201171136897, 80882824114475, 128402342277331, 161765648232571, 256804684558369, 323531296468935, 513609369120619, 647062592941839, 1027218738245297, 1294125185887827, 2054437476494835, 2588250371779987, 4108874952994097, 5176500743564495, 8217749905992811, 10353001487133703, 16435499811990433, 20706002974272315, 32870999623985875, 41412005948549739, 65741999247976961, 82824011897104791, 131483998495959339, 165648023794215103, 262967996991924305, 331296047588435939, 525935993983854451, 662592095176877827, 1051871987967714961, 1325184190353761823, 2103743975935436203, 2650368380707530039, 4207487951870878913, 5300736761415066699, 8414975903741764563, 10601473522830140251, 16829951807483536097, 21202947045660287591, 33659903614967079403, 42405894091320582511, 67319807229934166257, 84811788182641172595, 134639614459868340211, 169623576365282353011, 269279228919736688369, 339247152730564714095, 538558457839473384939, 678494305461129436519, 1077116915678946778337, 1356988610922258881627, 2154233831357893565395, 2713977221844517772107, 4308467662715787139777, 5427954443689035553335, 8616935325431574288811, 10855908887378071116063, 17233870650863148587153, 21711817774756142241795, 34467741301726297184115, 43423635549512284493539, 68935482603452594378321, 86847271099024568997311, 137870965206905188767019, 173694542198049138005143, 275741930413810377544705, 347389084396098276021099, 551483860827620755100371, 694778168792196552053307, 1102967721655241510212001, 1389556337584393104118023, 2205935443310483020435563, 2779112675168786208247759, 4411870886620966040882993, 5558225350337572416507539, 8823741773241932081778163, 11116450700675144833027411, 17647483546483864163568817, 22232901401350289666067471, 35294967092967728327150443, 44465802802700579332147911, 70589934185935456654314017, 88931605605401158664309115, 141179868371870913308641491, 177863211210802317328631851, 282359736743741826617296769, 355726422421604634657277655, 564719473487483653234607659, 711452844843209269314569599, 1129438946974967306469229777, 1422905689686418538629153827, 2258877893949934612938474355, 2845811379372837077258322627, 4517755787899869225876963857, 5691622758745674154516660575, 9035511575799738451753943211, 11383245517491348309033336823, 18071023151599476903507902273, 22766491034982696618066689675, 36142046303198953807015820755, 45532982069965393236133395739, 72284092606397907614031658081, 91065964139930786472266808231, 144568185212795815228063333099, 182131928279861572944533633583, 289136370425591630456126683505, 364263856559723145889067284659, 578272740851183260912253384691, 728527713119446291778134587187, 1156545481702366521824506787441, 1457055426238892583556269192623, 2313090963404733043649013593323, 2914110852477785167112538403879, 4626181926809466087298027205473, 5828221704955570334225076826779, 9252363853618932174596054430163, 11656443409911140668450153672971, 18504727707237864349192108879937, 23312886819822281336900307365751]
len(predicted_full) = 200, len(input_sequence + seq_pred) = 200
is_manual_check: False
