test results being evaluated: data/test_linrec15.tsv
csv file used: ../linear_database_newbl.csv
The sequence ID inspected: A217527
csv results file used: ../linear_database_newbl.csv
Results we are looking at now:
('Could you give me a recursive equation in a form of a Python code for the following number sequence: 2,6,24,88,288,864,2432,6528,16896,42496,104448,251904,598016,1400832,3244032', 'Certainly, the Python code is the following: lambda a_n: a_n[-1] * 2 - -10 * 8 - 8')

Experiment type: Evaluation of the results of llms.
Ground truth: 
[2, 6, 24, 88, 288, 864, 2432, 6528, 16896, 42496, 104448, 251904, 598016, 1400832, 3244032, 7438336, 16908288, 38141952, 85458944, 190316544, 421527552, 929038336, 2038431744, 4454350848, 9697230848, 21038628864, 45499809792, 98113159168, 210990268416, 452582178816, 968515125248, 2068026753024, 4406636445696, 9371618639872, 19894288515072, 42159398977536, 89197880803328, 188428805210112, 397473453441024, 837278104551424, 1761417627697152, 3700956139094016, 7766950138609664, 16281568184107008, 34093656554078208, 71318722224062464, 149041000168292352, 311170586753630208, 649081296294772736, 1352768738071412736, 2817001566920245248, 5861434915022700544, 12186740591664562176, 25319237105076928512, 52566014850668429312, 109059168576403931136, 226116730091017863168, 468518476434607439872, 970183446126661730304, 2007812800272824008704, 4152823259593862807552, 8584653523302582583296, 17736544426871733878784, 36626010358350314733568, 75594757214061742522368, 155948774399140549361664, 321563642692904903770112, 662754621080236770459648, 1365354209359686172409856, 2811578944738515019104256, 5787260124756750209384448, 11907447086555810406334464, 24490192580161980078227456, 50349871440356157268426752, 103476494372639665922506752, 212582049592859948939739136, 436573336608332960715767808, 896267379516795704397791232, 1839380634543658289315446784, 3773661945927064968845328384, 7739543097172855976468938752, 15868360308261622547193266176, 32524940250911983316294959104, 66645662583715277143202070528, 136521574957440843441219043328, 279581020747357601459249086464, 572392525664577704606482563072, 1171555504678701757657658687488, 2397270886076138902342154059776, 4904099465629033959012880613376, 10029790198290150987232704462848, 20507714690801609633978891894784, 41921601490360117629183942721536, 85675354238862598065218589294592, 175054625075267053912935358267392, 357596311508132087728460619841536, 730325202056488663937288134197248, 1491232474843483362185684233224192, 3044262916448092907694332747710464, 6213389417018666411436090761150464, 12679041303482750473770025460170752, 25867678148257249166941725608902656, 52764688583899820607898774220570624, 107608324152173937434252141697957888, 219415107092303770646261364412121088, 447308261398933939529732679861796864, 911734876503349888897276839808991232, 1858030978971322224196959795809353728, 3785833446979206194652298136042602496, 7712507946246169588728485985015300096, 15709294145497120990119016644055400448, 31992337093862340433190653132489621504, 65142556387177947427543606946395324416, 132621646360696567287925937240939692032, 269957898268942758062557565148811231232, 549428084382721320340582999572753678336, 1118046897954587363596214713578304831488, 2274807561286410401990752807787274698752, 4627707267325184611514604280366019641344, 9412928052150881753968309697375260114944, 19143541595294358401560629282157522583552, 38927771084557046253860893567370171252736, 79147551781017030736184287597332837433344, 160900390433772496583260037032815150235648, 327053889906886980696235919567858222235648, 664699068484188171067769373792030230052864, 1350750855492665230717865504200403915374592, 2744547430400829177063847896240926509498368, 5575866864366497662310856317376953912918016, 11326638865330357694841887182973836686524416, 23005810262790807637831830459246985240117248, 46722130107712534787375187098811502505754624, 94876168415428378629004254545695885645316096, 192637931302346315428177925762413165723779072, 391090607690637627320017996816620386644918272, 793897817839097007814006908116331416346689536, 1611403065165701042469248892997849184131350528, 3270369438450143179607554435124081201787174912, 6636562391425222630526395159700948331920359424, 13466165608475225967621708880699509043126861824, 27321200461349829676273946848778323890014257152, 55425714597798047490394335801883421477926076416, 112429206918392136568052323671556714532400267264, 228036270027574886933773487196965820579402743808, 462472853927128062709167725538181720911021867008, 937835538579006825594143096237954194772500414464, 1901629144569103296525033768545271082337962033152, 3855531235883562373693827260721629924045942161408, 7816321989104189288615703111690160114400111886336, 15844590260575213619568561689843570256553061646336, 32115927581269509243573550884552539558884564533248, 65091058273548006335544189922713675189871542534144, 131911940750655636046931022440400138485038973976576, 267306365871513814203644262646257045102851849715712, 541623372409599303343046825974450010315615750848512, 1097359370004675137989997983614816628539784100315136, 2223126678084969701452580091165556008274130389434368, 4503434607730510979579879351411136589692299139612672, 9121962469400830563968298883398680467182502966984704, 18475572948318609240471881812782891792980471242031104, 37417364918945776511850739087202277869231184965271552, 75773013889057992697188243837008409437081478623133696, 153434287893547511964695648477886256535558422091792384, 310668480044155371516720877520834848922222268795322368, 628983536654826027101483434086441290603284376655495168, 1273353762547471800125815262091719608837506411123441664, 2577667975780161447670857383679700957163404097237286912, 5217630997349915301327228629669100761756622663186382848, 10560600375117328836919605270591949955278938101258387456, 21373374088746280986957747136960098247901389427212025856, 43254088009869062289329048612009996118114060653662568448, 87528841995197632587838168193274397376099195605498200064, 177110988562727295950742402911207216822437561206734585856, 358352531512944682965028788044030501366347505203729661952, 725014062286521607083969238875891585337627861585548541952, 1466741904065611814529409200016641230209097596722411995136, 2967102929058969065889054637941392368133831282937726763008, 6001827223858645477653171338455792128994839429641804972032, 12139663426969138591485645975571174198035841956377404637184, 24552877307982838344188256895488678585347628846064582262784, 49655920515136530788527160373724318167614385036993077706752, 100418302810778233332789047301051159565801499720202716184576, 203061789146893737287914414485524568066217408645816022728704, 410598465273115870042235202290328038948601535528408163811328, 830195744362196239460750618324082693423412307182278439600128, 1678487196070936894560996598344756237686994685919300853694464, 3393361966264193454174853788502169416629832713555729157455872, 6859891399631487906003168497468603194922358507760992217202688, 13866902371186101142408738309543636071472115971251610243301376, 28029613161652299615813238195655933422803055442823588113022976, 56653981712732487233999917439160793238531809064010143496142848, 114503751306056137153510552763442646929331116840190685566992384, 231411632576765373039570212875973830096029435815611096352423936, 467656633489778490267293983607817563332457685323459499279777792, 945030220465935562357005769242760594277041816874949323985518592, 1909594781532394475251068515170543446440994163893070723375169536, 3858459111521368025360693728972674053981124663446708446663016448, 7795859054466958948007386345731607720811152548962996591360212992, 15750403240804493185724541448081905248621372643562043975206436864, 31819783683394395941144162371493531273843402581389972328220196864]
Predicted:    
[2, 6, 24, 88, 288, 864, 2432, 6528, 16896, 42496, 104448, 251904, 598016, 1400832, 3244032, 6488136, 12976344, 25952760, 51905592, 103811256, 207622584, 415245240, 830490552, 1660981176, 3321962424, 6643924920, 13287849912, 26575699896, 53151399864, 106302799800, 212605599672, 425211199416, 850422398904, 1700844797880, 3401689595832, 6803379191736, 13606758383544, 27213516767160, 54427033534392, 108854067068856, 217708134137784, 435416268275640, 870832536551352, 1741665073102776, 3483330146205624, 6966660292411320, 13933320584822712, 27866641169645496, 55733282339291064, 111466564678582200, 222933129357164472, 445866258714329016, 891732517428658104, 1783465034857316280, 3566930069714632632, 7133860139429265336, 14267720278858530744, 28535440557717061560, 57070881115434123192, 114141762230868246456, 228283524461736492984, 456567048923472986040, 913134097846945972152, 1826268195693891944376, 3652536391387783888824, 7305072782775567777720, 14610145565551135555512, 29220291131102271111096, 58440582262204542222264, 116881164524409084444600, 233762329048818168889272, 467524658097636337778616, 935049316195272675557304, 1870098632390545351114680, 3740197264781090702229432, 7480394529562181404458936, 14960789059124362808917944, 29921578118248725617835960, 59843156236497451235671992, 119686312472994902471344056, 239372624945989804942688184, 478745249891979609885376440, 957490499783959219770752952, 1914980999567918439541505976, 3829961999135836879083012024, 7659923998271673758166024120, 15319847996543347516332048312, 30639695993086695032664096696, 61279391986173390065328193464, 122558783972346780130656387000, 245117567944693560261312774072, 490235135889387120522625548216, 980470271778774241045251096504, 1960940543557548482090502193080, 3921881087115096964181004386232, 7843762174230193928362008772536, 15687524348460387856724017545144, 31375048696920775713448035090360, 62750097393841551426896070180792, 125500194787683102853792140361656, 251000389575366205707584280723384, 502000779150732411415168561446840, 1004001558301464822830337122893752, 2008003116602929645660674245787576, 4016006233205859291321348491575224, 8032012466411718582642696983150520, 16064024932823437165285393966301112, 32128049865646874330570787932602296, 64256099731293748661141575865204664, 128512199462587497322283151730409400, 257024398925174994644566303460818872, 514048797850349989289132606921637816, 1028097595700699978578265213843275704, 2056195191401399957156530427686551480, 4112390382802799914313060855373103032, 8224780765605599828626121710746206136, 16449561531211199657252243421492412344, 32899123062422399314504486842984824760, 65798246124844798629008973685969649592, 131596492249689597258017947371939299256, 263192984499379194516035894743878598584, 526385968998758389032071789487757197240, 1052771937997516778064143578975514394552, 2105543875995033556128287157951028789176, 4211087751990067112256574315902057578424, 8422175503980134224513148631804115156920, 16844351007960268449026297263608230313912, 33688702015920536898052594527216460627896, 67377404031841073796105189054432921255864, 134754808063682147592210378108865842511800, 269509616127364295184420756217731685023672, 539019232254728590368841512435463370047416, 1078038464509457180737683024870926740094904, 2156076929018914361475366049741853480189880, 4312153858037828722950732099483706960379832, 8624307716075657445901464198967413920759736, 17248615432151314891802928397934827841519544, 34497230864302629783605856795869655683039160, 68994461728605259567211713591739311366078392, 137988923457210519134423427183478622732156856, 275977846914421038268846854366957245464313784, 551955693828842076537693708733914490928627640, 1103911387657684153075387417467828981857255352, 2207822775315368306150774834935657963714510776, 4415645550630736612301549669871315927429021624, 8831291101261473224603099339742631854858043320, 17662582202522946449206198679485263709716086712, 35325164405045892898412397358970527419432173496, 70650328810091785796824794717941054838864347064, 141300657620183571593649589435882109677728694200, 282601315240367143187299178871764219355457388472, 565202630480734286374598357743528438710914777016, 1130405260961468572749196715487056877421829554104, 2260810521922937145498393430974113754843659108280, 4521621043845874290996786861948227509687318216632, 9043242087691748581993573723896455019374636433336, 18086484175383497163987147447792910038749272866744, 36172968350766994327974294895585820077498545733560, 72345936701533988655948589791171640154997091467192, 144691873403067977311897179582343280309994182934456, 289383746806135954623794359164686560619988365868984, 578767493612271909247588718329373121239976731738040, 1157534987224543818495177436658746242479953463476152, 2315069974449087636990354873317492484959906926952376, 4630139948898175273980709746634984969919813853904824, 9260279897796350547961419493269969939839627707809720, 18520559795592701095922838986539939879679255415619512, 37041119591185402191845677973079879759358510831239096, 74082239182370804383691355946159759518717021662478264, 148164478364741608767382711892319519037434043324956600, 296328956729483217534765423784639038074868086649913272, 592657913458966435069530847569278076149736173299826616, 1185315826917932870139061695138556152299472346599653304, 2370631653835865740278123390277112304598944693199306680, 4741263307671731480556246780554224609197889386398613432, 9482526615343462961112493561108449218395778772797226936, 18965053230686925922224987122216898436791557545594453944, 37930106461373851844449974244433796873583115091188907960, 75860212922747703688899948488867593747166230182377815992, 151720425845495407377799896977735187494332460364755632056, 303440851690990814755599793955470374988664920729511264184, 606881703381981629511199587910940749977329841459022528440, 1213763406763963259022399175821881499954659682918045056952, 2427526813527926518044798351643762999909319365836090113976, 4855053627055853036089596703287525999818638731672180228024, 9710107254111706072179193406575051999637277463344360456120, 19420214508223412144358386813150103999274554926688720912312, 38840429016446824288716773626300207998549109853377441824696, 77680858032893648577433547252600415997098219706754883649464, 155361716065787297154867094505200831994196439413509767299000, 310723432131574594309734189010401663988392878827019534598072, 621446864263149188619468378020803327976785757654039069196216, 1242893728526298377238936756041606655953571515308078138392504, 2485787457052596754477873512083213311907143030616156276785080, 4971574914105193508955747024166426623814286061232312553570232, 9943149828210387017911494048332853247628572122464625107140536, 19886299656420774035822988096665706495257144244929250214281144, 39772599312841548071645976193331412990514288489858500428562360, 79545198625683096143291952386662825981028576979717000857124792, 159090397251366192286583904773325651962057153959434001714249656]
len(predicted_full) = 200, len(input_sequence + seq_pred) = 200
is_manual_check: False
