test results being evaluated: data/test_linrec15.tsv
csv file used: ../linear_database_newbl.csv
The sequence ID inspected: A218471
csv results file used: ../linear_database_newbl.csv
Results we are looking at now:
('Could you give me a recursive equation in a form of a Python code for the following number sequence: 0,2,11,27,50,80,117,161,212,270,335,407,486,572,665', 'Certainly, the Python code is the following: lambda a_n: a_n[-1] - n * -7')

Experiment type: Evaluation of the results of llms.
Ground truth: 
[0, 2, 11, 27, 50, 80, 117, 161, 212, 270, 335, 407, 486, 572, 665, 765, 872, 986, 1107, 1235, 1370, 1512, 1661, 1817, 1980, 2150, 2327, 2511, 2702, 2900, 3105, 3317, 3536, 3762, 3995, 4235, 4482, 4736, 4997, 5265, 5540, 5822, 6111, 6407, 6710, 7020, 7337, 7661, 7992, 8330, 8675, 9027, 9386, 9752, 10125, 10505, 10892, 11286, 11687, 12095, 12510, 12932, 13361, 13797, 14240, 14690, 15147, 15611, 16082, 16560, 17045, 17537, 18036, 18542, 19055, 19575, 20102, 20636, 21177, 21725, 22280, 22842, 23411, 23987, 24570, 25160, 25757, 26361, 26972, 27590, 28215, 28847, 29486, 30132, 30785, 31445, 32112, 32786, 33467, 34155, 34850, 35552, 36261, 36977, 37700, 38430, 39167, 39911, 40662, 41420, 42185, 42957, 43736, 44522, 45315, 46115, 46922, 47736, 48557, 49385, 50220, 51062, 51911, 52767, 53630, 54500, 55377, 56261, 57152, 58050, 58955, 59867, 60786, 61712, 62645, 63585, 64532, 65486, 66447, 67415, 68390, 69372, 70361, 71357, 72360, 73370, 74387, 75411, 76442, 77480, 78525, 79577, 80636, 81702, 82775, 83855, 84942, 86036, 87137, 88245, 89360, 90482, 91611, 92747, 93890, 95040, 96197, 97361, 98532, 99710, 100895, 102087, 103286, 104492, 105705, 106925, 108152, 109386, 110627, 111875, 113130, 114392, 115661, 116937, 118220, 119510, 120807, 122111, 123422, 124740, 126065, 127397, 128736, 130082, 131435, 132795, 134162, 135536, 136917, 138305]
Predicted:    
[0, 2, 11, 27, 50, 80, 117, 161, 212, 270, 335, 407, 486, 572, 665, 770, 882, 1001, 1127, 1260, 1400, 1547, 1701, 1862, 2030, 2205, 2387, 2576, 2772, 2975, 3185, 3402, 3626, 3857, 4095, 4340, 4592, 4851, 5117, 5390, 5670, 5957, 6251, 6552, 6860, 7175, 7497, 7826, 8162, 8505, 8855, 9212, 9576, 9947, 10325, 10710, 11102, 11501, 11907, 12320, 12740, 13167, 13601, 14042, 14490, 14945, 15407, 15876, 16352, 16835, 17325, 17822, 18326, 18837, 19355, 19880, 20412, 20951, 21497, 22050, 22610, 23177, 23751, 24332, 24920, 25515, 26117, 26726, 27342, 27965, 28595, 29232, 29876, 30527, 31185, 31850, 32522, 33201, 33887, 34580, 35280, 35987, 36701, 37422, 38150, 38885, 39627, 40376, 41132, 41895, 42665, 43442, 44226, 45017, 45815, 46620, 47432, 48251, 49077, 49910, 50750, 51597, 52451, 53312, 54180, 55055, 55937, 56826, 57722, 58625, 59535, 60452, 61376, 62307, 63245, 64190, 65142, 66101, 67067, 68040, 69020, 70007, 71001, 72002, 73010, 74025, 75047, 76076, 77112, 78155, 79205, 80262, 81326, 82397, 83475, 84560, 85652, 86751, 87857, 88970, 90090, 91217, 92351, 93492, 94640, 95795, 96957, 98126, 99302, 100485, 101675, 102872, 104076, 105287, 106505, 107730, 108962, 110201, 111447, 112700, 113960, 115227, 116501, 117782, 119070, 120365, 121667, 122976, 124292, 125615, 126945, 128282, 129626, 130977, 132335, 133700, 135072, 136451, 137837, 139230]
len(predicted_full) = 200, len(input_sequence + seq_pred) = 200
is_manual_check: False
