test results being evaluated: data/test_linrec15.tsv
csv file used: ../linear_database_newbl.csv
The sequence ID inspected: A218735
csv results file used: ../linear_database_newbl.csv
Results we are looking at now:
('Could you give me a recursive equation in a form of a Python code for the following number sequence: 5,6,9,13,22,33,57,86,149,225,390,589,1021,1542,2673', 'Certainly, the Python code is the following: lambda a_n: -3 // n - n // -9 + a_n[-2] + 2 * a_n[-2]')

Experiment type: Evaluation of the results of llms.
Ground truth: 
[5, 6, 9, 13, 22, 33, 57, 86, 149, 225, 390, 589, 1021, 1542, 2673, 4037, 6998, 10569, 18321, 27670, 47965, 72441, 125574, 189653, 328757, 496518, 860697, 1299901, 2253334, 3403185, 5899305, 8909654, 15444581, 23325777, 40434438, 61067677, 105858733, 159877254, 277141761, 418564085, 725566550, 1095815001, 1899557889, 2868880918, 4973107117, 7510827753, 13019763462, 19663602341, 34086183269, 51479979270, 89238786345, 134776335469, 233630175766, 352849027137, 611651740953, 923770745942, 1601325047093, 2418463210689, 4192323400326, 6331618886125, 10975645153885, 16576393447686, 28734612061329, 43397561456933, 75228191030102, 113616290923113, 196949961028977, 297451311312406, 515621692056829, 778737643014105, 1349915115141510, 2038761617729909, 3534123653367701, 5337547210175622, 9252455844961593, 13973880012796957, 24223243881517078, 36584092828215249, 63417275799589641, 95778398471848790, 166028583517251845, 250751102587331121, 434668474752165894, 656474909290144573, 1137976840739245837, 1718673625283102598, 2979262047465571617, 4499545966559163221, 7799809301657469014, 11779964274394387065, 20420165857506835425, 30840346856623997974, 53460688270863037261, 80741076295477606857, 139961898955082276358, 211382882029808822597, 366425008594383791813, 553407569793948860934, 959313126828069099081, 1448839827352037760205, 2511514371889823505430, 3793111912262164419681, 6575229988841401417209, 9930495909434455498838, 17214175594634380746197, 25998375816041202076833, 45067296795061740821382, 68064631538689150731661, 117987714790550841717949, 178195518800026250118150, 308895847576590784332465, 466521924861389599622789, 808699827939221511279446, 1221370255784142548750217, 2117203636241073749505873, 3197588842491038046627862, 5542911080783999737238173, 8371396271688971591133369, 14511529606110925462208646, 21916599972575876726772245, 37991677737548776649387765, 57378403646038658589183366, 99463503606535404485954649, 150218610965540099040777853, 260398833082057436808476182, 393277429250581638533150193, 681732995639636905939473897, 1029613676786204816558672726, 1784800153836853281009945509, 2695563601108032811142867985, 4672667465870922937090362630, 7057077126537893616869931229, 12233202243775915530261142381, 18475667778505648039466925702, 32026939265456823653693064513, 48369926208979050501530845877, 83847615552594555430818051158, 126634110848431503465125611929, 219515907392326842638761088961, 331532406336315459893845989910, 574700106624385972485465215725, 867963108160514876216412357801, 1504584412480831074817634558214, 2272356918145229168755391083493, 3939053130818107251967438458917, 5949107646275172630049760892678, 10312574979973490681084680818537, 15574966020680288721393891594541, 26998671809102364791286603996694, 40775790415765693534131913890945, 70683440447333603692775131171545, 106752405226616791881001850078294, 185051649532898446287038789517941, 279481425264084682108873636343937, 484471508151361735168341237382278, 731691870565637254445619058953517, 1268362874921186759217984922628893, 1915594186432827081227983540516614, 3320617116612198542485613530504401, 5015090688732843989238331562596325, 8693488474915408868238855668884310, 13129677879765704886487011147272361, 22759848308134028062230953476148529, 34373942950564270670222701879220758, 59586056449486675318454004759561277, 89992150971927107124181094490389913, 155998321040325997893131060802535302, 235602509965217050702320581591948981, 408408906671491318360939177648044629, 616815378923724044982780650285457030, 1069228398974147957189686472141598585, 1614843626805955084246021369264422109, 2799276290250952553208120238776751126, 4227715501494141207755283457507809297, 7328600471778709702434674244188654793, 11068302877676468539019829003259005782, 19186525125085176554095902493789213253, 28977193131535264409304203552269208049, 50230974903476819959853033237178984966, 75863276516929324688892781653548618365, 131506399585345283325463197217747741645, 198612636419252709657374141408376647046, 344288223852559030016536558416064239969, 519974632740828804283229642571581322773, 901358271972331806724146478030444978262, 1361311261803233703192314786306367321273, 2359786592064436390155902875675270694817, 3563959152668872305293714716347520641046, 6178001504220977363743562148995367106189, 9330566196203383212688829362736194601865, 16174217920598495701074783571310830623750, 24427739435941277332772773371861063164549, 42344652257574509739480788564937124765061, 63952652111620448785629490752846994891782, 110859738852125033517367582123500543671433, 167430216898920069024115698886679921510797, 290234564298800590812621957805564506249238, 438337998585139758286717605907192769640609, 759843954044276738920498291293192975076281, 1147583778856499205836037118834898387411030]
Predicted:    
[5, 6, 9, 13, 22, 33, 57, 86, 149, 225, 390, 589, 1021, 1542, 2673, 4627, 8020, 13882, 24061, 41648, 72185, 124946, 216557, 374840, 649673, 1124522, 1949021, 3373568, 5847066, 10120707, 17541201, 30362124, 52623606, 91086375, 157870821, 273259128, 473612466, 819777388, 1420837402, 2459332168, 4262512210, 7377996508, 12787536634, 22133989528, 38362609906, 66401968588, 115087829723, 199205905769, 345263489174, 597617717312, 1035790467527, 1792853151941, 3107371402586, 5378559455828, 9322114207763, 16135678367490, 27966342623295, 48407035102476, 83899027869891, 145221105307434, 251697083609679, 435663315922308, 755091250829043, 1306989947766930, 2265273752487136, 3920969843300797, 6795821257461415, 11762909529902398, 20387463772384252, 35288728589707201, 61162391317152763, 105866185769121610, 183487173951458296, 317598557307364838, 550461521854374896, 952795671922094522, 1651384565563124696, 2858387015766283574, 4954153696689374096, 8575161047298850730, 14862461090068122296, 25725483141896552198, 44587383270204366897, 77176449425689656603, 133762149810613100700, 231529348277068969818, 401286449431839302109, 694588044831206909463, 1203859348295517906336, 2083764134493620728398, 3611578044886553719017, 6251292403480862185204, 10834734134659661157061, 18753877210442586555622, 32504202403978983471193, 56261631631327759666876, 97512607211936950413589, 168784894893983279000638, 292537821635810851240777, 506354684681949837001924, 877613464907432553722342, 1519064054045849511005783, 2632840394722297661167037, 4557192162137548533017360, 7898521184166892983501122, 13671576486412645599052091, 23695563552500678950503377, 41014729459237936797156284, 71086690657502036851510142, 123044188377713810391468864, 213260071972506110554530438, 369132565133141431174406604, 639780215917518331663591326, 1107397695399424293523219824, 1919340647752554994990773990, 3322193086198272880569659484, 5758021943257664984972321982, 9966579258594818641708978464, 17274065829772994954916965959, 29899737775784455925126935405, 51822197489318984864750897890, 89699213327353367775380806228, 155466592467956954594252693683, 269097639982060103326142418697, 466399777403870863782758081062, 807292919946180309978427256104, 1399199332211612591348274243199, 2421878759838540929935281768326, 4197597996634837774044822729611, 7265636279515622789805845304992, 12592793989904513322134468188847, 21796908838546868369417535914990, 37778381969713539966403404566555, 65390726515640605108252607744984, 113335145909140619899210213699679, 196172179546921815324757823234966, 340005437727421859697630641099052, 588516538640765445974273469704913, 1020016313182265579092891923297171, 1765549615922296337922820409114754, 3060048939546796737278675769891528, 5296648847766889013768461227344277, 9180146818640390211836027309674599, 15889946543300667041305383682032846, 27540440455921170635508081929023812, 47669839629902001123916151046098554, 82621321367763511906524245787071452, 143009518889706003371748453138295678, 247863964103290535719572737361214372, 429028556669118010115245359414887050, 743591892309871607158718212083643132, 1287085670007354030345736078244661166, 2230775676929614821476154636250929412, 3861257010022062091037208234733983514, 6692327030788844464428463908752788253, 11583771030066186273111624704201950559, 20076981092366533393285391726258364776, 34751313090198558819334874112605851694, 60230943277099600179856175178775094345, 104253939270595676458004622337817555099, 180692829831298800539568525536325283052, 312761817811787029374013867013452665314, 542078489493896401618705576608975849173, 938285453435361088122041601040357995960, 1626235468481689204856116729826927547537, 2814856360306083264366124803121073987898, 4878706405445067614568350189480782642629, 8444569080918249793098374409363221963712, 14636119216335202843705050568442347927905, 25333707242754749379295123228089665891154, 43908357649005608531115151705327043783733, 76001121728264248137885369684268997673480, 131725072947016825593345455115981131351218, 228003365184792744413656109052806993020459, 395175218841050476780036365347943394053673, 684010095554378233240968327158420979061396, 1185525656523151430340109096043830182161038, 2052030286663134699722904981475262937184207, 3556576969569454291020327288131490546483133, 6156090859989404099168714944425788811552640, 10669730908708362873060981864394471639449418, 18468272579968212297506144833277366434657940, 32009192726125088619182945593183414918348274, 55404817739904636892518434499832099303973840, 96027578178375265857548836779550244755044842, 166214453219713910677555303499496297911921540, 288082734535125797572646510338650734265134546, 498643359659141732032665910498488893735764640, 864248203605377392717939531015952202795403658, 1495930078977425196097997731495466681207293940, 2592744610816132178153818593047856608386210995, 4487790236932275588293993194486400043621881841, 7778233832448396534461455779143569825158633006, 13463370710796826764881979583459200130865645544, 23334701497345189603384367337430709475475899039, 40390112132390480294645938750377600392596936653, 70004104492035568810153102012292128426427697138, 121170336397171440883937816251132801177790809980, 210012313476106706430459306036876385279283091435, 363511009191514322651813448753398403533372429962]
len(predicted_full) = 200, len(input_sequence + seq_pred) = 200
is_manual_check: False
