test results being evaluated: data/test_linrec15.tsv
csv file used: ../linear_database_newbl.csv
The sequence ID inspected: A218989
csv results file used: ../linear_database_newbl.csv
Results we are looking at now:
('Could you give me a recursive equation in a form of a Python code for the following number sequence: 5,25,121,585,2825,13641,65865,318025,1535561,7414345,35799625,172855881,834622025,4029911625', 'Certainly, the Python code is the following: lambda a_n: 5 * a_n[-1] - -5 // 4')

Experiment type: Evaluation of the results of llms.
Ground truth: 
[5, 25, 121, 585, 2825, 13641, 65865, 318025, 1535561, 7414345, 35799625, 172855881, 834622025, 4029911625, 19458134601, 93952184905, 453641278025, 2190373851721, 10576060518985, 51065737482825, 246567192007241, 1190531717960265, 5748395639870025, 27755709431321161, 134016420284764745, 647088518864343625, 3124419756596433481, 15086033101843108425, 72841811433758167625, 351711378142405104201, 1698212758304653087305, 8199696545788232766025, 39591637216371543413321, 191165335048639104717385, 923027889060042592522825, 4456772896434726788960841, 21519203141979077525934665, 103903904153655217259582025, 501692429182537179142066761, 2422385333344769585606595145, 11696311050109227058994647625, 56474785533815986578404971081, 272684386335700854549598474825, 1316636687478067364512013783625, 6357284295255072876246449033801, 30695683930932560963033851269705, 148211872904750535357121201214025, 715630227342732385280620209934921, 3455368400989931682550965644595785, 16683994513330656271326343418122825, 80557451657282351815509236250874441, 388965784682452032347342318675989065, 1878092945358937536651406219707454025, 9068234920165558275994994153533772361, 43785311462097983250585601492964905545, 211414185529054166106322382585994711625, 1020797987964608597427631936315838468681, 4928848693974651054135817275607332721225, 23798586727757038606253796847692684759625, 114909741686926758641558456493200069923401, 554833313658735188991249013363571018732105, 2678972221382647790531229879427084354622025, 12935222140165531918089915571162621493416521, 62456777446192718834484581802358823392154185, 301567998345433003010297989494085779542282825, 1456099103166502887379130285185778411737748041, 7030668406047743561557713098719456765120123465, 33947070036856985795747373535620940707431486025, 163910953771618917429220346537361589890206437961, 791432095233903612899870880291930122390551695945, 3821372196022090121316364907317166849123032535625, 18451217165023974936864943150436387886054336926281, 89090357444184260232725232231014218940709477847625, 430166298436832940678360701525802427307055259095625, 2077026623524068803644343735027266584991058947773001, 10028771687843606977290817746212276049192456827474505, 48423193245470703123740645924958170536734063100990025, 233807859733257240404125854684681786343706079713858121, 1128924211914911774111466002438559827521760571259392585, 5450928286592676058062367428492966455461866603893002825, 26319409994030351328695333723726105131934508700609581641, 127081353122492109547030804608876286349585501218010337865, 613603052466089843502904553330409565926080039674479678025, 2962737622354327812199741431757143409102662163569960063561, 14305362699281670622810583940350211900114968812977758966345, 69072401286543993740041301488429421236870523906190876119625, 333511055943302657451407541715118532547941970876674540343881, 1610333828919386604765795372814191815139249979131461665854025, 7775379539450757048868811658117241390748767800032544824791625, 37542853473480574614538428123725732823552071116656025962582601, 181272932051725326653628959127371896857203355666754283149496905, 875263142100823605072669549004390518723021707133641236448318025, 4226144296610195726905194032527049662320900251201582078391259721, 20405629754844077327911454326125760724175687833340893259358310985, 98527096205817092219266593434611241545986352338169901350998282825, 475730903842644678188712191042948009080648160686043178441426375241, 2297032000193847081631915137910237002506538052096852319169698632265, 11091051616145967039282509315812740046348744851131581990444500030025, 53552334465359256483657697814891908195421131612913737238456794649161, 258573544326020894091760828522818592967079505856181276915605178716745, 1248503515165520602301674105350842004650002549876380056616247893463625, 6028308237966165985573739735494642390468328222930245334127412288721481, 29107247012526746351501655363381937580473323091226501562974640728740425, 140542221001971649348301580395506319883766605256626987588408212069847625, 678597872057993582799212943035553029856959713391413956605531411194352201, 3276560372239860928590058093724237398962905274592163776775758493056799305, 15820632977191418045557084147039161715279459951934310933525159617004606025, 76388773397725115896588568963053596456969460906105898841203672440245621321, 368837625499666135768582612440371032688995683432160839098915328229000909385, 1780905595589565006660684725613698516583860577353066951760476002676986122825, 8598972884356924569717069352216278197091425043140911163437565323623948128841, 41519513919785958305511016311319906854701142481975912460792165305203737006665, 200473947216571531500912342654144740207170270100467294496918922515310740542025, 967973844545429959225693435861858588247485650329772827830844351282057910194761, 4673791167048005962906423114064013313818623681720960489311053095189474602947145, 22567060046373743688528466199703487608264437328202933268567589785886130052567625, 108963404853686998605739557255070003688332244039695575031514571524302418622059081, 526121859600242969177072093819093965186386725471594033200328645240754194698506825, 2540341057815719871131246604296655875498875878045158432927372867060226453282263625, 12265851669663851361233274792462999362741050414067009864510806049203922591923081801, 59224770909918284929458085587038620952959705168448673189752715665056596180821381705, 285962490318328545162765441518006481262803022330062732217054086857042075090977854025, 1380749044912987320368894108420180408863050909994045621627227210088394685087196942921, 6666846140925263462126638199752747560503415729296433415377125187781747040712699187785, 32190380743353003129982129232691711877465866557161916148017409591480566903199584522825, 155428907537113066368435069729777837751877129145833398253578139117049255775649134842441, 750477153121864277993668795849878198517371982811981257606382194834119290715394877461065, 3623624242635909377448415462318624145076996447831258623439841335804674185964176049214025, 17496405583031094621768337032674009374377473722572959524184894122555173906718283706700361, 84480119302668015996867009979970534077817880681616872590498941833439392370729839023657545, 407906099542796442474541388050578173808781417616759328458735343823978265109792490921431625, 1969544875381857833885633592122194831546397193193504804196937142629670629922089319780356681, 9509803899698617105440699920691092021420714443241056530622689945814595580127527242807153225, 45917395100321899757305334051253147411868446545738245339278508353777064840198466250350039625, 221708796000082067450984135887776957733156643955917207479604793198366641681303973972628771401, 1070504764401615868833157879756120420580100362006621811275533206208574826086009760891915244105, 5168854241606791745136568062575589513253028023850156075020551997627765871069254939458176062025, 24957436024033630455878903769326839735332513543427111545184340815345362788621058801400365224521, 120505161062561688804061887327609716994342166269109070480819571251892514638761254963434165146185, 581850388346381277039763164387746226918698719250144728104015648268951509709529255059338121482825, 2809422197635771863375300206861423775652163542077015194339340878083376097393162040091089146516041, 13565090343928612561660253484996680010283449045308639689773426105409310428410765180601709071995465, 65498050166257537700142214767432415143742450349542619536451067933970746103215708882771192874046025, 316252562040744601047209873009716380616103597579405036904897976157520226126505896253491607784165961, 1527002448828008554989408351108595183039384191715790625765396176365963888918886420545051202632847945, 7373020043475012624146472896473246254621951157180782650681176610093936460181569267194171241668055625, 35600089969212084716543524990327365750645341395586293105786291145839601396401822750956889777203614281, 171892440050748389362759991547202448021069170211068303025869871023734151426333568072604244075486679625, 829970120079841896317214066150119255086858046426618384526624648678295011290941563294244535410761175625, 4007450240522361142719896230789286812431708866550746750209978078808116650869100525467395117944991421001, 19349681442408812156148441187757624270074267651909460538946410909945646648640168355046558613423010386505, 93428526731724693195473349674187644330023906073840829156625555955015053198037075522055814925472007230025, 451112832696534021406487163447781074400392694903001158782287867459842799386708975508409494155580070466121, 2178165437713034858407842052487874874921666403907367951755653693659431410338984204121861236324208310784585, 10517113081638275519257316863742623797288236395241476442151766244477096838902772718521082921919153525002825, 50781114077405241510660635664921994688839611196595377575629679752546112996967027690571776632973447343149641, 245192908636174068119671810114658473944511390367347416071125783988092839343479201636371438219570403472609865, 1183896090854317238521329783118321874533404006255771174587021854962555809361784917307772859410175403263038025, 5716355997961965226564006372931921393911661586492474362632590555802594594821056475776577190518983226942591561, 27601008355265129860341344624200973073780262370992982148878449643060601616731365572337400199716634520822518345, 133269457412908380347621403988531577870767695829941826046044160795452784846209688192455909560942470991060439625, 643481863072694040831850994450930203778191832803739232779690441754053545851764215059173239042636422047531831881, 3107005281942409684717889593757847126595838114534724235302938410198025322791895613006516594414315572154369086025, 15001948580060414902198962352835109321496119789353853872330515407808315474574639312262759333827807976807603671625, 72435815448011298347667407786371825792367831615554312430533815272025363189466139701077103712968494195847891030601, 349751056112286852999465480556827740455455805619632665211457322719334714656163116053359452187185208690621978808905, 1688747486241192605388531553372798264991294548940747910567964551965440311382517023017746223600614811545879479358025, 8153994169413917833551988135718504021787001418241522303117687498739100104154720556284422703151200080946005832667721, 39370966622620441755762078756365209147113183868729080854742608202818161662148950317208675707007259569967541248102985, 190099843168137438357256267568334852675600741147882412631441182806229047065214683493972393640633838603654188323082825, 917883239163031520452073385298800247290855700066445973944735164036188834909454535244724277390564392694486918284743241, 4431932329324675835237318611468540399865825764857313546304705387369671527898676874954786684124792925192564426431304265, 21399262273950829422757567987069362588626725859695038080997762205623441451232525640798043846061429271548205378864190025, 103324778413102021031979546394151611953970206498209406509209870371972451916524810063011322120744888786963079221181977161, 498896162748211401818948457524883898170387729431617778360830530310383573471029342815237463867225272234045138400184668745, 2408883764645253691403712015676142040497431743719308739480161602729424101550216611512995143951880644084032870485466583625, 11631119709573860372890641892804103754671277892603706071363968532159230700084983817312930431276423665272312035542605009481, 56160013896876456257177415633920983180674838545292059243376520539554619206540801715303702300913217237425379624112286372425, 271164534425801266520272230106900347741384465751583061258961956286855399626503142130466530928758563610790766638619565527625, 1309298193290710891109798582963285323688237217187500482009353907305640075332175775383080932918687123392864585050927407600201, 6321850910866048630520283252280742685718486731756334173073263454369981899834715670054189855389782748014621406758187892511305, 30524596416627038086520327340976112037626895795775338620330469446702487900667565781749083153233879485629943967236461200446025, 147385789309972346868162442373027418893381530110126691173614931604289879202009125807213092034494648934578261495978596371829321, 711641542906397539818731078856014123724033703623608119175781604203969468410706766355848700750914113680832821852860230289101385, 3436109328865479546747574084916166170469660934934939241397586143233037390450863568652247171141635050461644333395355306643722825, 16591003487087508346265220655088721176774778554234189442293470989748027435446281340032383487570196656569908620992862147731296841, 80108451263811951572051178960019549388977757956676514734764228531924259303588579634738522634847326828126211817552869817500078665, 386797819003597839673265598460433082263010146043642816708230798086689146956139443899083624489670093938784481754182927860925502025, 1867625081069639164981267109681810526607951616001277325771980106474453625038912094135288588498069683067642774286943190713702322761, 9017691600292948018618130832568974435483847048179680569920843618244571087980206152137488851950959108025709024164504474298511299145, 43541266725450348734397591769003139848367194656723831582771294898876098852076472985091109761796115164373407193805790660048854487625, 210235833302973187012062890406288457135404166819614048610768554068482679760226716548914394454988297089596464871881180537389463147081, 1015108400113694142985841928701166387935085445905351520774159395869435114449212758136022016867137649015879488262747884789753270538825, 4901376933666669319991619276429819380281958450899862277539711799751671176837757898739745645288503784421903812538516261308570934743625, 23665941335121453851909844820523943072868175587220855193255484782484425165147882627503070648622565733751133203205056584393296821129801, 114269273075152492687605856387815049812600536152482869883180786328944385367942562104971265175644278072692148062974291382807471023493705, 551740857641095786158062804833355971541874846958814900305745084445715242132361778929897343297067375225773125064717391868803071378494025, 2664040522864993115382674644884684085417901532445191080755703483098638510001217364139474433890846613193861092510766733006442169607950921, 12863125522024355606162949798872160227839105517616023924245794270177415008534316572277487108751655953678536870301936499500980963945779785, 62108664179557394886182497775027377253028028200244860020005991013104214074142135745667846170570010267489591851250812930029692534214922825]
Predicted:    
[5, 25, 121, 585, 2825, 13641, 65865, 318025, 1535561, 7414345, 35799625, 172855881, 834622025, 4029911625, 20149558127, 100747790637, 503738953187, 2518694765937, 12593473829687, 62967369148437, 314836845742187, 1574184228710937, 7870921143554687, 39354605717773437, 196773028588867187, 983865142944335937, 4919325714721679687, 24596628573608398437, 122983142868041992187, 614915714340209960937, 3074578571701049804687, 15372892858505249023437, 76864464292526245117187, 384322321462631225585937, 1921611607313156127929687, 9608058036565780639648437, 48040290182828903198242187, 240201450914144515991210937, 1201007254570722579956054687, 6005036272853612899780273437, 30025181364268064498901367187, 150125906821340322494506835937, 750629534106701612472534179687, 3753147670533508062362670898437, 18765738352667540311813354492187, 93828691763337701559066772460937, 469143458816688507795333862304687, 2345717294083442538976669311523437, 11728586470417212694883346557617187, 58642932352086063474416732788085937, 293214661760430317372083663940429687, 1466073308802151586860418319702148437, 7330366544010757934302091598510742187, 36651832720053789671510457992553710937, 183259163600268948357552289962768554687, 916295818001344741787761449813842773437, 4581479090006723708938807249069213867187, 22907395450033618544694036245346069335937, 114536977250168092723470181226730346679687, 572684886250840463617350906133651733398437, 2863424431254202318086754530668258666992187, 14317122156271011590433772653341293334960937, 71585610781355057952168863266706466674804687, 357928053906775289760844316333532333374023437, 1789640269533876448804221581667661666870117187, 8948201347669382244021107908338308334350585937, 44741006738346911220105539541691541671752929687, 223705033691734556100527697708457708358764648437, 1118525168458672780502638488542288541793823242187, 5592625842293363902513192442711442708969116210937, 27963129211466819512565962213557213544845581054687, 139815646057334097562829811067786067724227905273437, 699078230286670487814149055338930338621139526367187, 3495391151433352439070745276694651693105697631835937, 17476955757166762195353726383473258465528488159179687, 87384778785833810976768631917366292327642440795898437, 436923893929169054883843159586831461638212203979492187, 2184619469645845274419215797934157308191061019897460937, 10923097348229226372096078989670786540955305099487304687, 54615486741146131860480394948353932704776525497436523437, 273077433705730659302401974741769663523882627487182617187, 1365387168528653296512009873708848317619413137435913085937, 6826935842643266482560049368544241588097065687179565429687, 34134679213216332412800246842721207940485328435897827148437, 170673396066081662064001234213606039702426642179489135742187, 853366980330408310320006171068030198512133210897445678710937, 4266834901652041551600030855340150992560666054487228393554687, 21334174508260207758000154276700754962803330272436141967773437, 106670872541301038790000771383503774814016651362180709838867187, 533354362706505193950003856917518874070083256810903549194335937, 2666771813532525969750019284587594370350416284054517745971679687, 13333859067662629848750096422937971851752081420272588729858398437, 66669295338313149243750482114689859258760407101362943649291992187, 333346476691565746218752410573449296293802035506814718246459960937, 1666732383457828731093762052867246481469010177534073591232299804687, 8333661917289143655468810264336232407345050887670367956161499023437, 41668309586445718277344051321681162036725254438351839780807495117187, 208341547932228591386720256608405810183626272191759198904037475585937, 1041707739661142956933601283042029050918131360958795994520187377929687, 5208538698305714784668006415210145254590656804793979972600936889648437, 26042693491528573923340032076050726272953284023969899863004684448242187, 130213467457642869616700160380253631364766420119849499315023422241210937, 651067337288214348083500801901268156823832100599247496575117111206054687, 3255336686441071740417504009506340784119160502996237482875585556030273437, 16276683432205358702087520047531703920595802514981187414377927780151367187, 81383417161026793510437600237658519602979012574905937071889638900756835937, 406917085805133967552188001188292598014895062874529685359448194503784179687, 2034585429025669837760940005941462990074475314372648426797240972518920898437, 10172927145128349188804700029707314950372376571863242133986204862594604492187, 50864635725641745944023500148536574751861882859316210669931024312973022460937, 254323178628208729720117500742682873759309414296581053349655121564865112304687, 1271615893141043648600587503713414368796547071482905266748275607824325561523437, 6358079465705218243002937518567071843982735357414526333741378039121627807617187, 31790397328526091215014687592835359219913676787072631668706890195608139038085937, 158951986642630456075073437964176796099568383935363158343534450978040695190429687, 794759933213152280375367189820883980497841919676815791717672254890203475952148437, 3973799666065761401876835949104419902489209598384078958588361274451017379760742187, 19868998330328807009384179745522099512446047991920394792941806372255086898803710937, 99344991651644035046920898727610497562230239959601973964709031861275434494018554687, 496724958258220175234604493638052487811151199798009869823545159306377172470092773437, 2483624791291100876173022468190262439055755998990049349117725796531885862350463867187, 12418123956455504380865112340951312195278779994950246745588628982659429311752319335937, 62090619782277521904325561704756560976393899974751233727943144913297146558761596679687, 310453098911387609521627808523782804881969499873756168639715724566485732793807983398437, 1552265494556938047608139042618914024409847499368780843198578622832428663969039916992187, 7761327472784690238040695213094570122049237496843904215992893114162143319845199584960937, 38806637363923451190203476065472850610246187484219521079964465570810716599225997924804687, 194033186819617255951017380327364253051230937421097605399822327854053582996129989624023437, 970165934098086279755086901636821265256154687105488026999111639270267914980649948120117187, 4850829670490431398775434508184106326280773435527440134995558196351339574903249740600585937, 24254148352452156993877172540920531631403867177637200674977790981756697874516248703002929687, 121270741762260784969385862704602658157019335888186003374888954908783489372581243515014648437, 606353708811303924846929313523013290785096679440930016874444774543917446862906217575073242187, 3031768544056519624234646567615066453925483397204650084372223872719587234314531087875366210937, 15158842720282598121173232838075332269627416986023250421861119363597936171572655439376831054687, 75794213601412990605866164190376661348137084930116252109305596817989680857863277196884155273437, 378971068007064953029330820951883306740685424650581260546527984089948404289316385984420776367187, 1894855340035324765146654104759416533703427123252906302732639920449742021446581929922103881835937, 9474276700176623825733270523797082668517135616264531513663199602248710107232909649610519409179687, 47371383500883119128666352618985413342585678081322657568315998011243550536164548248052597045898437, 236856917504415595643331763094927066712928390406613287841579990056217752680822741240262985229492187, 1184284587522077978216658815474635333564641952033066439207899950281088763404113706201314926147460937, 5921422937610389891083294077373176667823209760165332196039499751405443817020568531006574630737304687, 29607114688051949455416470386865883339116048800826660980197498757027219085102842655032873153686523437, 148035573440259747277082351934329416695580244004133304900987493785136095425514213275164365768432617187, 740177867201298736385411759671647083477901220020666524504937468925680477127571066375821828842163085937, 3700889336006493681927058798358235417389506100103332622524687344628402385637855331879109144210815429687, 18504446680032468409635293991791177086947530500516663112623436723142011928189276659395545721054077148437, 92522233400162342048176469958955885434737652502583315563117183615710059640946383296977728605270385742187, 462611167000811710240882349794779427173688262512916577815585918078550298204731916484888643026351928710937, 2313055835004058551204411748973897135868441312564582889077929590392751491023659582424443215131759643554687, 11565279175020292756022058744869485679342206562822914445389647951963757455118297912122216075658798217773437, 57826395875101463780110293724347428396711032814114572226948239759818787275591489560611080378293991088867187, 289131979375507318900551468621737141983555164070572861134741198799093936377957447803055401891469955444335937, 1445659896877536594502757343108685709917775820352864305673705993995469681889787239015277009457349777221679687, 7228299484387682972513786715543428549588879101764321528368529969977348409448936195076385047286748886108398437, 36141497421938414862568933577717142747944395508821607641842649849886742047244680975381925236433744430541992187, 180707487109692074312844667888585713739721977544108038209213249249433710236223404876909626182168722152709960937, 903537435548460371564223339442928568698609887720540191046066246247168551181117024384548130910843610763549804687, 4517687177742301857821116697214642843493049438602700955230331231235842755905585121922740654554218053817749023437, 22588435888711509289105583486073214217465247193013504776151656156179213779527925609613703272771090269088745117187, 112942179443557546445527917430366071087326235965067523880758280780896068897639628048068516363855451345443725585937, 564710897217787732227639587151830355436631179825337619403791403904480344488198140240342581819277256727218627929687, 2823554486088938661138197935759151777183155899126688097018957019522401722440990701201712909096386283636093139648437, 14117772430444693305690989678795758885915779495633440485094785097612008612204953506008564545481931418180465698242187, 70588862152223466528454948393978794429578897478167202425473925488060043061024767530042822727409657090902328491210937, 352944310761117332642274741969893972147894487390836012127369627440300215305123837650214113637048285454511642456054687, 1764721553805586663211373709849469860739472436954180060636848137201501076525619188251070568185241427272558212280273437, 8823607769027933316056868549247349303697362184770900303184240686007505382628095941255352840926207136362791061401367187, 44118038845139666580284342746236746518486810923854501515921203430037526913140479706276764204631035681813955307006835937, 220590194225698332901421713731183732592434054619272507579606017150187634565702398531383821023155178409069776535034179687, 1102950971128491664507108568655918662962170273096362537898030085750938172828511992656919105115775892045348882675170898437, 5514754855642458322535542843279593314810851365481812689490150428754690864142559963284595525578879460226744413375854492187, 27573774278212291612677714216397966574054256827409063447450752143773454320712799816422977627894397301133722066879272460937, 137868871391061458063388571081989832870271284137045317237253760718867271603563999082114888139471986505668610334396362304687, 689344356955307290316942855409949164351356420685226586186268803594336358017819995410574440697359932528343051671981811523437, 3446721784776536451584714277049745821756782103426132930931344017971681790089099977052872203486799662641715258359909057617187, 17233608923882682257923571385248729108783910517130664654656720089858408950445499885264361017433998313208576291799545288085937, 86168044619413411289617856926243645543919552585653323273283600449292044752227499426321805087169991566042881458997726440429687, 430840223097067056448089284631218227719597762928266616366418002246460223761137497131609025435849957830214407294988632202148437, 2154201115485335282240446423156091138597988814641333081832090011232301118805687485658045127179249789151072036474943161010742187, 10771005577426676411202232115780455692989944073206665409160450056161505594028437428290225635896248945755360182374715805053710937, 53855027887133382056011160578902278464949720366033327045802250280807527970142187141451128179481244728776800911873579025268554687, 269275139435666910280055802894511392324748601830166635229011251404037639850710935707255640897406223643884004559367895126342773437, 1346375697178334551400279014472556961623743009150833176145056257020188199253554678536278204487031118219420022796839475631713867187, 6731878485891672757001395072362784808118715045754165880725281285100940996267773392681391022435155591097100113984197378158569335937, 33659392429458363785006975361813924040593575228770829403626406425504704981338866963406955112175777955485500569920986890792846679687, 168296962147291818925034876809069620202967876143854147018132032127523524906694334817034775560878889777427502849604934453964233398437, 841484810736459094625174384045348101014839380719270735090660160637617624533471674085173877804394448887137514248024672269821166992187, 4207424053682295473125871920226740505074196903596353675453300803188088122667358370425869389021972244435687571240123361349105834960937, 21037120268411477365629359601133702525370984517981768377266504015940440613336791852129346945109861222178437856200616806745529174804687, 105185601342057386828146798005668512626854922589908841886332520079702203066683959260646734725549306110892189281003084033727645874023437, 525928006710286934140733990028342563134274612949544209431662600398511015333419796303233673627746530554460946405015420168638229370117187, 2629640033551434670703669950141712815671373064747721047158313001992555076667098981516168368138732652772304732025077100843191146850585937, 13148200167757173353518349750708564078356865323738605235791565009962775383335494907580841840693663263861523660125385504215955734252929687, 65741000838785866767591748753542820391784326618693026178957825049813876916677474537904209203468316319307618300626927521079778671264648437, 328705004193929333837958743767714101958921633093465130894789125249069384583387372689521046017341581596538091503134637605398893356323242187, 1643525020969646669189793718838570509794608165467325654473945626245346922916936863447605230086707907982690457515673188026994466781616210937, 8217625104848233345948968594192852548973040827336628272369728131226734614584684317238026150433539539913452287578365940134972333908081054687, 41088125524241166729744842970964262744865204136683141361848640656133673072923421586190130752167697699567261437891829700674861669540405273437]
len(predicted_full) = 200, len(input_sequence + seq_pred) = 200
is_manual_check: False
