test results being evaluated: data/test_linrec15.tsv
csv file used: ../linear_database_newbl.csv
The sequence ID inspected: A219088
csv results file used: ../linear_database_newbl.csv
Results we are looking at now:
('Could you give me a recursive equation in a form of a Python code for the following number sequence: 0,7,97,525,1845,5032,11602,23730,44370,77378,127628,201135,305175,448403,640973', 'Certainly, the Python code is the following: lambda a_n: ( ( a_n[-2] - -6 * ( -9 ) ) * n ) + abs( -1 ) + a_n[-1]')

Experiment type: Evaluation of the results of llms.
Ground truth: 
[0, 7, 97, 525, 1845, 5032, 11602, 23730, 44370, 77378, 127628, 201135, 305175, 448403, 640973, 894660, 1222981, 1641308, 2166998, 2819506, 3620506, 4594013, 5766503, 7167031, 8827351, 10782039, 13068609, 15727636, 18802876, 22341384, 26393634, 31013641, 36259082, 42191409, 48875979, 56382167, 64783487, 74157714, 84587004, 96158012, 108962012, 123095020, 138657910, 155756537, 174501857, 195010045, 217402615, 241806542, 268354383, 297184390, 328440640, 362273148, 398837988, 438297415, 480819985, 526580673, 575760993, 628549121, 685140011, 745735518, 810544518, 879783026, 953674316, 1032449043, 1116345364, 1205609051, 1300493621, 1401260449, 1508178889, 1621526396, 1741588646, 1868659654, 2003041894, 2145046422, 2294992992, 2453210179, 2620035499, 2795815527, 2980906017, 3175672024, 3380488025, 3595738032, 3821815722, 4059124550, 4308077870, 4569099057, 4842621627, 5129089355, 5428956395, 5742687403, 6070757653, 6413653160, 6771870800, 7145918428, 7536314998, 7943590685, 8368287006, 8810956933, 9272165023, 9752487531, 10252512531, 10772840038, 11314082128, 11876863056, 12461819376, 13069600064, 13700866634, 14356293261, 15036566901, 15742387409, 16474467659, 17233533666, 18020324707, 18835593434, 19680106004, 20554642192, 21459995512, 22396973339, 23366397029, 24369102037, 25405938037, 26477769045, 27585473535, 28729944562, 29912089882, 31132832070, 32393108640, 33693872167, 35036090408, 36420746415, 37848838665, 39321381173, 40839403613, 42403951440, 44016086010, 45676884698, 47387441018, 49148864746, 50962282036, 52828835543, 54749684543, 56726005051, 58758989941, 60849849068, 62999809389, 65210115076, 67482027646, 69816826074, 72215806914, 74680284421, 77211590671, 79811075679, 82480107519, 85220072447, 88032375017, 90918438204, 93879703524, 96917631152, 100033700042, 103229408049, 106506272050, 109865828057, 113309631347, 116839256575, 120456297895, 124162369082, 127959103652, 131848154980, 135831196420, 139909921428, 144086043678, 148361297185, 152737436425, 157216236453, 161799493023, 166489022710, 171286663031, 176194272558, 181213731048, 186346939556, 191595820556, 196962318063, 202448397753, 208056047081, 213787275401, 219644114089, 225628616659, 231742858886, 237988938926, 244368977434, 250885117684, 257539525691, 264334390332, 271271923459, 278354360029, 285583958217, 292962999537, 300493788964, 308178655054, 316019950062]
Predicted:    
[0, 7, 97, 525, 1845, 5032, 11602, 23730, 44370, 77378, 127628, 201135, 305175, 448403, 640973, 7366209, 17620914, 142845550, 460021031, 3174085456, 12374504997, 79030298440, 351269407187, 2168966270066, 10599432041259, 64823588791560, 340408821862891, 2090645719233554, 11622092731392991, 72250818589164492, 420913600530952603, 2660688976795050182, 16129924193785531751, 103932660428022185976, 652350083016730263675, 4289993197997506770946, 27774596186599796261303, 186504344512507546784308, 1241938999603299804711771, 8515608435591094129297678, 58193168419723086317766359, 407333114278957945618968944, 2851446187907327570965153755, 20366770101902519232580816026, 145830402369824932355047578871, 1062335056955438297821184297612, 7770533565967385186153372923195, 57700281242872985183749034908422, 430685892409307474119110935219191, 3257999673310083748122813645729224, 24792294293775457454078360406686075, 190950277632589728608341856338873746, 1480149580908913516220416597486546839, 11600514295436169132462534983446852516, 91528591664517499008365031247720378907, 729556877913506801293804455337297264318, 5855158011126486745762246205209638480087, 47439900052196374419509100159435582543136, 387039064697532605673719380061594614385051, 3185993167777118696424756289468293984426890, 26408337049629075036847919093163970847526711, 220753920284033315518758052750729903897563708, 1858070817361035967803329036526896096444216443, 15765567795255134845485086359822880041990726646, 134682100106361436784898144697544230214420575543, 1159444006797945201741428758086031432943817804024, 10048462613817800029544706308123950627095575786299, 87731211069280128546220433099888056634331368652290, 771026668808890530555260462052316699276830522116951, 6824480232589219400244470345944592607045694959121236, 60796347049211556539112702689606761556423831507304027, 545334443563046133956470097251672836656668173604907950, 4922671431106278204772584690903359668719184042130794007, 44732085811208645983594901790275476744655960715289070416, 409009771713073233136766168917124092229875579832967822939, 3763916207553721681906383803187784848079072633479648100090, 34848658857747287400300612640889215857549616700785202639351, 324670206839383856907092165486348649159638209478718106342124, 3042865597743672274130539951475707486048508312139963912207291, 28691811938054996969790821024897250769659926860958694313230822, 272121059757548778900234017142953849653540591832155807289809783, 2596157826740003533453290520159631161995994667569810046661501992, 24910084726859003403272479925881846833586323197806586244425899771, 240391184346279296679895593099131233279253880606100820117330560626, 2332838301402435582554783906873206367300505029221854064649106136855, 22766088970836175800345909320299361196037084880740423774622203785476, 223390182891445635900057325311395108783880517393819873334445331550363, 2204039923354192930530151436177439532839106902018236741726577060882078, 21862376017801408889735196063580209105820592432674385595157766237309271, 218021929196324579706918673883372327528501106712297455608823124655809408, 2185635770798451379783086319605591147052354425652992159173022086013638939, 22025631327663988133112685642992472952145955136472060619575926429692290154, 223104122241121515073156627046706858480962562296547339263493958342947067575, 2271487835713872411452636391845006843030536389988448976884055116304330046876, 23243275326379294828329359334235451540241017245863898867652487200541354393851, 239034619719197173916329816559511101628141974294766551671637723249452708841942, 2470389051051609477435948312646114449491279629897700842966276494501422730646455, 25656747163813735347319940518918691307421051136490056355115135649698335488309592, 267754874166871464136042875158237907357566454866464738965810232110837763091656891, 2807772843384431263520716986531188346792250517378980318122208661430972976434301154, 29583260260071577677125004502354979082548896004025454214703231872514749285599984855, 313168317441899135292717420142005002108566198259302466345046306677043019905464395956, 3330660863969200058359467879382212868528553590669898796244775957673547447036662845659, 35586997560484810993509362154008728085710872011378052829784545545408978497299495623566, 381975727413281617062894021609758866412680445441047527639241245143457912989112431566487, 4118610471264186771381377047780675315412322006635743074766618527411400655205559472035248, 44608037577072038180048143338415115155156449223386781004526190512617939432051477218077147, 485299358002340022717855487450947373904274903933411290004554372945637809539046340725842906, 5302967416326120146163054967999779810661171420059183638493382948308375268200605880278168951, 58200597438581182622409303100153043566227135948801014248989809599382896507956657019395039820, 641527013234454398700345349580128822738955992155311214483261933913304176010023303849993618491, 7101793328916965669787777993697116658590168082472223796121130799444805688393212233002843032518, 78952818811175858324226457146671544805353239203867079818246467397734873401515822264202128297463, 881455464978792979010245370434445727226042232523228368779934247734997916189948804593523390965896, 9882076809452840827972061485155001835036311501764075468060031531076773483962752542712566016870523, 111249455282014033414150279085116260466031168241935337877752470020601533845806865070967755977942354, 1257570365178543569458909411363096473330243302446568092172716127625507257985486160025625413934916759, 14273756633174185478914492064321698947855889986753002623869755120035886717944889373328852863354165860, 162667059724242326675065802605167082800824599675448037500250258179845743160232256256352651707674337051, 1861244099071970398665890358259449257595675508099055349740751117464116262595674091682486142446820067966, 21381291265981049599673786670879499193694627469152819849770782099045605441823544842444804347367740507607, 246591827253689467838246520020272859362771363949138517168401667312203673215900109936025627583432968724960, 2855109361703377518998448493867571760993515915185782538840437083395767537118372580714291757962297310646427, 33185904113907182063102770456361133462614393680929820150553842162796819342674086102845443950724552463809866, 387219464965125994418910383695940031825810367163966854966768040503871993945352286111417621938049418983960119, 4535457479203523752306756690741081714652609577280194373785998310853474411779613048967098115778618476960186620, 53325110064809399049089465036429525724704715839940018099598771414341345648894001099005718479972845268939154811, 629328209923656915592047564760546903485586132154524703570420556892732595944904858317827179183857391842882848694, 7454942298219259993875499089423526196247789759666847020319063297928424839003336998990559144620381586267094657591, 88638281378371002105249634943534076745888400807600533780903315137090929715896063721990265259337985133998982132152, 1057780780146874801309064516568592482258101069564290646422381543867786158786329873590762954059987591348721287611963, 12669395640713476077096766694171556535969481575359960571720715826826697951568714221171487703033263643902587946916802, 152296458620100949849893282881225764194038822757846325899475079617374470911364257535152197638951625701933797911688791, 1837326078834993268103763253206042783477979872280721081938330284585325298470003248950960062142375690340977994851616276, 22245051533928520547989463159290295185479182121832128752467990953313504400592813758661354545761893534400106915017907035, 270284072176652611741997502342106070955006464879729474814142579372332419694043252367040962934982611730432136219986097006, 3295611080790931406268564492005586216180175233448898985149789349022969018174665923544985181158600132408846676662421446423, 40324528968992339214922222312874117937016060921971837034687322723032510516258591497829597103251217939478049338800516728848, 495118858118140873279984122209645015769880243137919896985358252888202235024362488947037552103138036211898890718214676327771, 6100228384808076024154173023699147409015112711292005244806896111389721196784306707145351549455057329799347748811486501630138, 75416868521347798283351950133049449616798346750600790822757051515738034100195055159730608843894382399465192449361541187510519, 935549070779286517689090346474629234287929239042773530340529403221688722846782300867225177317057465901173225031781137917352364, 11644744400810673873925067265367651079873294477628085827172030718456489565074480133548971633150059766625230552841119986543838395, 145428261522248645903464986811239631583047175660744700665867735379157976932164349157562171989489277390493001732385822708725218726, 1822271455238985683748674673024181387084801580439189059778640158836892474302889488388614087163097883784526201341507100771037939831, 22909369375965039339751097760653927966626642051247170656329461788814799129466720116235129025639043105406011452537451393536194647272, 288961001840856949167057600022184410481007672795368773384010924979001100377688585420972785751451334137946836848397488106107733854715, 3656638300107717732110468970838311821575124054328702859864441807934776572409296442507536752520390670632630520371402842955928346995762, 46422866572554546208834993774121604572764259628043281320698058704826939428307207084811509043735188123048762373934231082659872957485591, 591261973288604488293294870429030065987457743723020007440499888087108648717292377018434485169273398047310709909273254683093196659846084, 7554691959171786419618543936547270751902096687929512205545208693811149562963373439740160841729551616504625065999407917082074140282676635, 96835249925751064151906069371330810716008215990105533329060691794964555519274522369523768102289834721648542262299669374229146835919427166, 1245148427719862599933924747726515965005126912555391388571932413254259289089707285210028216045181680430351552294209672770704416158886267479, 16060941666359775415175553361540130004554383959041537987918218257883836283538709207747164735695526392842578518426059087027763882054558615616, 207813799535218615804999964511423588615343928492571811827995809899039766803353631130091510006653505179116717571734348693716243970523043799067, 2697259757820983805157210735550143739321273442144010199955319639871034390751853558330902044039460096069716387927773507183019645688979629211178, 35116212485315087870737205199332223563314926286985212845122665984121238012075020014625177605077406904011924329118331903402753705090574461857207, 458585994463209545280419290680704790636754856703594814238107849443873637360116028672576798519272641986957397233778772531136838078260376248003676, 6006947567142993428856897712175196113640513210047258443767489074935029243267969190983354860121502932820841441234475213268771923482571141221433851, 78922120686793311128443564930407257824884535425918833907626637136510937583526417749923065824685853008747067601405300045719529177925970964654009750, 1040033731429672259745547198878438636007366649033480184910424889126115616506401488307259843444126322260081698198921334168723036935137353560083417271, 13746495162003395351424961152674007145813776852606412444038313468104376567454154746044873441218548656668359582025174641529567234581218678869378978328, 182231959653610301430203607370981066179007173996030202399527145506535106441491195851820968079167012862801594690250430776862699218073469955602892567483, 2422910671060163743712472275256844230946652800970875430777772240807548486936518419457135338997790443899744206560353897346182158454812114611311666026146, 32308952054252253178265863884097739084303829336319828624300224103879305943341074539155774103981180553399205735761424544751664830218861187330186047084503, 432089212779179270890823789301477037190501541496514274702632643837124806287866613749583105038616603796856999818219817606871720975262860098196610941389684, 5795375253785053298482957194061701725184937211325605826336469845081089592882484987249441606299492575661125151954616292035648082791593817195007494757408219, 77954273787907991537250530007408366935998694641243489701676121365880932242956209483429820147748465409736244121597325832383225485660491453593841521969476430, 1051577316423796945682387338609774256767068146143945268526203055339503983847213687341336010006063218120805269649972862894372103394648252742355100641214048151, 14225849586580247515477726909861788268950847540514095028109467566173381532906813090040975614975553872366230526199920928567137210471271308399714317854055555696, 192993993378625728281483574473523411919352432384984790677563986973889058786933139938068097316006300952903126366695307620610394787561474274600081426860443732187, 2625614272683848053428174876059889205909947361812895040484282940789537300913998178335074927476826013127528546346881786405590857778148868010951229779903943746970, 35820581133807473317843349685505916056038565732030279037025288700298455412266498247682787665829909777026866281418474697150578761238722443242165235199900265673847, 490051850308113186560917603243866748678459459325661121040806237456888408470388183099650750119320810048089304799429023745317797156858476609136727987123282533890316, 6722832967590613543865660448521896142429169896698929673483206471308819650204758878196455803973725111250764037766243621049518501612396181733273478911905928761130299, 92481906771510421192026241016198577161159575278689625855624298026264291132522690920635337074854866869666392377666322776480133004062629588332200876658480372191926150, 1275700509067458404912382479956052298228693477097701248388668636976616549568560253483211558574230486449800863024525200081195389287844357573388333165153923834150849271, 17644998007624802955901027139823200455753938301425765024834169387625396080025076546435666220823541922380752313871464331518178931006929794708187888333704949712121768264, 244719688621632399030305108572000509540461377224816587238017186769463141903228801666447323647036568510445305932236949945970958224243225442771311191731103392190972928891, 3403174331986472128136588966600353391120416333180028526683333507154409040227717503478431577174450572616599970115229065287724986874483658695536943203464289390660769438482, 47452718283880303953591508509560445108403464233647014229526427125657774582808901803438949833641032904496755037917880055562497467238264238394372957715062899985035896629143, 663427272373431759146314111464224408901198820539232177559209791920605810864025769933035065302216586548101349628774340872640720091519806462286559677542099279694635164984612, 9299822000039647078699968660204225418630629311062988767333019528790320784935245898158923935024884575166510766529828510985015259128883897850062437981683547076971168351478811, 130707012844377659002475451058157292247550013469742477260668411450261184173051961795904340885330519913469057748595532890678267035877008480448502858971887715261089403543652926, 1841874260851672721483269684535734769275585806705332410449944004747680208601137207057146344929909281744107038790083978911921074715591645684859991447601660377423784380215744215, 26022671637061539636941228130294833835072338298607690703673600123045999280615750139299449408716055465735882722280257563687400476352838214567833020357400887700725324035791525536, 368611284155472665832829389453941500920331298345799519047363185006114518080427270651928669565679181870139791937235877641304720373452884311951791429611309717901549218755919939483, 5234850880285980577940839049819075428078858560185437680634326408015716383555572546700925708995581553962749861003644042050848609451433630436136566236445275717937184813448935204618, 74533772301514841754512764267160077601101142649195747261538605189165245782675899429263515587343267745549030745203989038616136039660575881083073355003371502683428437939561883817271, 1063920588675565170985331344682965333508005410524243468901426296304135642274679110755738474587508181444508754474892712986226523225981532033512884373691528613373556367681410637479868, 15225337325963385104342756555443380077717222513871435448593761282245532340983100002315806436182729053098824596063650630323292370761490949439296821824332114123224959576198168562751099, 218434169762996332762541043389889758777746255924001938008766183876335440015446810156661855082396791708999996700768158810692558306923963567840257737199414079277574225803347600321395574, 3141698936347966272796350302035018733699452978587317544138768350067477649484202010601296690829480769903974319144989079832764693493130225860185247527471179990936766464433395964369596215, 45299493700606258495966771676283742177804480371919691579830641838200217572465436370837034721732061569740973682393243730296428446729455194453354990806958097291508592044479482826398931576, 654789087352111715418458730271077376515498358217859295142751701751290881572400626427488592742651330931111991596521125217852778984396719011329293011136367015533241286144558299914100586811, 9488190358970332122131979207146407101187372030742199153209726860200333308203160718740710363480403337030601859663203652625656326096640481929733516218493195987377416734818057451061892233602, 137826851479984228344149890340277572898225050241442621001189060403453346096393683498528474541040064199528552212581344195324801007038397408150274946401221131031892708819151484234225607237975, 2007000352197139656404149794148119771832137340297655854183505251862919007812416345090448416146679521594557118566232463762579097248076572348307777641444380740545243805578308802093418377246932, 29296716945234016868545828081523079205680697288103294812418939211746681534898365677799086375272612233101210456657338614436889696641679259162062217028886164684860000151770302680470088610355291, 428689787032464808492971637116998913800276028007336809794936484332467564089569218350798321188461837030418077051337598903190130049008917156475309967676317932053363517461853754297060345682484014]
len(predicted_full) = 200, len(input_sequence + seq_pred) = 200
is_manual_check: False
