test results being evaluated: data/test_linrec15.tsv
csv file used: ../linear_database_newbl.csv
The sequence ID inspected: A221564
csv results file used: ../linear_database_newbl.csv
Results we are looking at now:
('Could you give me a recursive equation in a form of a Python code for the following number sequence: 2,4,4,4,12,12,6,24,24,8,40,40,10,60,60', 'Certainly, the Python code is the following: lambda a_n: ( ( abs( n ) // a_n[-3] ) * a_n[-3] + n )')

Experiment type: Evaluation of the results of llms.
Ground truth: 
[2, 4, 4, 4, 12, 12, 6, 24, 24, 8, 40, 40, 10, 60, 60, 12, 84, 84, 14, 112, 112, 16, 144, 144, 18, 180, 180, 20, 220, 220, 22, 264, 264, 24, 312, 312, 26, 364, 364, 28, 420, 420, 30, 480, 480, 32, 544, 544, 34, 612, 612, 36, 684, 684, 38, 760, 760, 40, 840, 840, 42, 924, 924, 44, 1012, 1012, 46, 1104, 1104, 48, 1200, 1200, 50, 1300, 1300, 52, 1404, 1404, 54, 1512, 1512, 56, 1624, 1624, 58, 1740, 1740, 60, 1860, 1860, 62, 1984, 1984, 64, 2112, 2112, 66, 2244, 2244, 68, 2380, 2380, 70, 2520, 2520, 72, 2664, 2664, 74, 2812, 2812, 76, 2964, 2964, 78, 3120, 3120, 80, 3280, 3280, 82, 3444, 3444, 84, 3612, 3612, 86, 3784, 3784, 88, 3960, 3960, 90, 4140, 4140, 92, 4324, 4324, 94, 4512, 4512, 96, 4704, 4704, 98, 4900, 4900, 100, 5100, 5100, 102, 5304, 5304, 104, 5512, 5512, 106, 5724, 5724, 108, 5940, 5940, 110, 6160, 6160, 112, 6384, 6384, 114, 6612, 6612, 116, 6844, 6844, 118, 7080, 7080, 120, 7320, 7320, 122, 7564, 7564, 124, 7812, 7812, 126, 8064, 8064, 128, 8320, 8320, 130, 8580, 8580, 132, 8844, 8844, 134, 9112]
Predicted:    
[2, 4, 4, 4, 12, 12, 6, 24, 24, 8, 40, 40, 10, 60, 60, 25, 16, 17, 18, 35, 37, 39, 22, 23, 24, 47, 49, 51, 28, 29, 30, 59, 61, 63, 34, 35, 36, 71, 73, 75, 40, 41, 42, 83, 85, 87, 46, 47, 48, 95, 97, 99, 52, 53, 54, 107, 109, 111, 58, 59, 60, 119, 121, 123, 64, 65, 66, 131, 133, 135, 70, 71, 72, 143, 145, 147, 76, 77, 78, 155, 157, 159, 82, 83, 84, 167, 169, 171, 88, 89, 90, 179, 181, 183, 94, 95, 96, 191, 193, 195, 100, 101, 102, 203, 205, 207, 106, 107, 108, 215, 217, 219, 112, 113, 114, 227, 229, 231, 118, 119, 120, 239, 241, 243, 124, 125, 126, 251, 253, 255, 130, 131, 132, 263, 265, 267, 136, 137, 138, 275, 277, 279, 142, 143, 144, 287, 289, 291, 148, 149, 150, 299, 301, 303, 154, 155, 156, 311, 313, 315, 160, 161, 162, 323, 325, 327, 166, 167, 168, 335, 337, 339, 172, 173, 174, 347, 349, 351, 178, 179, 180, 359, 361, 363, 184, 185, 186, 371, 373, 375, 190, 191, 192, 383, 385, 387, 196, 197, 198, 395]
len(predicted_full) = 200, len(input_sequence + seq_pred) = 200
is_manual_check: False
