test results being evaluated: data/test_linrec15.tsv
csv file used: ../linear_database_newbl.csv
The sequence ID inspected: A222390
csv results file used: ../linear_database_newbl.csv
Results we are looking at now:
('Could you give me a recursive equation in a form of a Python code for the following number sequence: 0,3,15,132,588,5031,22347,191064,848616,7255419,32225079,275514876,1223704404', 'Certainly, the Python code is the following: lambda a_n: -9 + n - -6 * 4 * a_n[-1] // 2')

Experiment type: Evaluation of the results of llms.
Ground truth: 
[0, 3, 15, 132, 588, 5031, 22347, 191064, 848616, 7255419, 32225079, 275514876, 1223704404, 10462309887, 46468542291, 397292260848, 1764580902672, 15086643602355, 67007605759263, 572895164628660, 2544524437949340, 21754929612286743, 96624921036315675, 826114430102267592, 3669202474942046328, 31370593414273881771, 139333069126761444807, 1191256435312305239724, 5290987424341992856356, 45236373948453325227759, 200918189055868967096739, 1717790953605914053415136, 7629600196698678756819744, 65230819863076280704547427, 289723889285493923792053551, 2477053363843292752719387108, 11001878192652070425341215212, 94062797006182048322632162695, 417781647431493182239174124523, 3571909232871074543507302795320, 15864700724204088854663275516680, 135638488052094650604954874059483, 602440845872323883294965295509335, 5150690636746725648444777911465052, 22876887442424103476354017953838068, 195590605708323479990296605761612511, 868719281966243608218157716950337267, 7427292326279545513982826241029810384, 32988455827274833008813639226158978096, 282041517792914406051357100553371182099, 1252692602154477410726700132877090830399, 10710150383804467884437586994787075109396, 47569330426042866774605791410103292577084, 406703673066776865202576948701355482974967, 1806381863587474460024293373451048027098811, 15444029426153716409813486463656721277939368, 68594941485897986614148542399729721737177752, 586466414520774446707709908670254053078721035, 2604801394600536016877620317816278377985655783, 22270279722363275258483163043005997295713459980, 98913858053334470654735423534618848641717742020, 845684163035283685375652485725557643184032758223, 3756121804632109348863068473997699970007288540995, 32113727915618416769016311294528184443697531352512, 142633714717966820786141866588377980011635246815808, 1219475976630464553537244176706345451217322158637251, 5416325037478107080524527861884365540472132090459727, 46307973384042034617646262403546598961814544496863044, 205677717709450102239145916885017512557929384190653836, 1758483512616966850917020727158064415097735368722158439, 7810336947921625778007020313768781111660844467154386059, 66776065506060698300229141369602901174752129466945157656, 296587126303312329462027626006328664730554160367676016424, 2535732005717689568557790351317752180225483184375193832507, 11262500462577946893779042767926720478649397249504534238071, 96291040151766142906895804208704979947393608876790420477628, 427678430451658669634141597555209049523946541320804625030292, 3656523793761395740893482769579471485820731654133660784317375, 16240517856700451499203601664330017161431319172941071216913043, 138851613122781272011045449439811211481240409248202319383582640, 616712000124165498300102721646985443084866182030439901617665360, 5272704774871926940678833595943246564801314819777554475791822963, 23418815486861588483904699820921116820063483597983775190254370655, 200223929832010442473784631196403558250968722742298867760705689972, 889298276500616196890078490473355453719327510541353017328048419548, 7603236628841524887063137151867391966972010149387579420431024395991, 33769915691536553893339077938166586124514381916973430883275585572187, 288722767966145935265925427139764491186685416953985719108618221357704, 1282367498001888431749994883159856917277827185334449020547144203323576, 10963861946084704015218103094159183273127073834102069746707061387196779, 48696195008380223852606466482136396270432918660792089349908204140723719, 416338031183252606643021992150909199887642120278924664655759714492119916, 1849173042820446617967295731438023201359173081924764946275964613144177764, 15809881323017514348419617598640390412457273496765035187172162089313360047, 70219879432168591258904631328162745255378144194480275869136747095338031331, 600359152243482292633302446756183926473488750756792412447886399679415561888, 2666506245379586021220408694738746296503010306308325718080920425009701012832, 22797837903929309605717073359136348815580115255261346637832511025728477991715, 101257017444992100215116625768744196521859013495521897011205839403273300456303, 865717481197070282724615485200425071065570890949174379825187532578002748123300, 3845100156664320222153211370517540721534139502523523760707740976899375716326700, 32874466447584741433929671364257016351676113740813365086719293726938375950693703, 146012548935799176341606915453897803221775442082398381009882951282773003919958315, 1248364007527023104206602896356566196292626751259958698915507974091080283378237432, 5544631759403704380758909575877598981705932659628614954614844407768474773242089288, 47404957819579293218416980390185258442768140434137617193702583721734112392422328731, 210549994308404967292496956967894863501603665623804969894354204543919268379279434647, 1800140033136486119195638651930683254628896709745969494661782673451805190628670254364, 7995355151959985052734125455204127214079233361044960241030844928261163723639376427316, 68357916301366893236215851792975778417455306829912703179954039007446863131497047337119, 303612945780171027036604270340788939271509264054084684189277753069380302229917024803379, 2595800679418805456857006729481148896608672762826936751343591699609528993806259128556176, 11529296584494539042338228147494775565103272800694173038951523771708190321013207566101104, 98572067901613240467330039868490682292712109680593683847876530546154654901506349837797587, 437809657265012312581816065334460682534652857162324490795968625571841851896271970487038591, 3743142779581884332301684508273164778226451495099733049467964569054267357263435034707752148, 16625237679485973339066672254562011160751705299367636477207856247958282181737321670941365372, 142140853556209991386996681274511770890312444704109262195934777093516004921109024969056784055, 631321222163201974571951729608021963426030148518807861643102568796842881054121951525284845563, 5397609292356397788373572203923174129053646447261052230396053564984553919644879513789450041960, 23973581204522189060395099052850272599028393938415331105960689758032071197874896836289882766040, 204967012255986905966808747067806105133148252551215875492854100692319532941584312499030044810443, 910364764549679982320441812278702336799652939511263774164863108236421862638191957827490260263975, 7783348856435146028950358816372708820930579950498942216498059772743157697860558995449352252754892, 34569887471683317139116393767537838525787783307489608087158837423225998709053419500608340007265028, 295562289532279562194146826275095129090228889866408588351433417263547672985759657514576355559875471, 1312745359159416371304102521354159161643136112745093843537870958974351529081391749065289430015807107, 11223583653370188217348629039637242196607767234973027415137971796242068415761006426558452159022513024, 49849753760586138792416779417690510303913384501006076446351937603602132106383833044980390000593405056, 426200616538534872697053756679940108342004926039108633186891494839935052125932484551706605687295619459, 1892977897543113857740533515350885232387065474925485811117835757977906668513504263960189530592533585039, 16184399844810954974270694124798086874799579422251155033686738832121289912369673406538292563958211026436, 71883310352877740455347856803915948320404574662667454746031406865556851271406778197442221772515682826444, 614580993486277754149589322985647361134042013119504782646909184125769081617921656963903410824724723385127, 2729672815511811023445478025033455150942986771706437794538075625133182441644944067238844237825003413819851, 23337893352633743702710123579329801636218796919118930585548862257947103811568653291221791318775581277608408, 103655683679095941150472817094467379787513092750181968737700842348195375931236467776878638815577614042327912, 886225366406595982948835106691546814815180240913399857468209856617864175757990903409464166702647363825734395, 3936186306990133952694521571564726976774554537735208374238093933606291102945340831454149430754124330194640823, 33653226030098013608353023930699449161340630357790075653206425689220891574992085676268416543381824244100298620, 149471423981945994261241346902365157737645559341187736252309868634690866535991715127480799729841146933354023380, 1277936363777317921134466074259887521316128773355109474964375966333776015673941264794790364481806673911985613183, 5675977925006957647974476660718311267053756700427398769213536914184646637264739834012816240303209459137258247635, 48527928597507982989501357797945026360851552757136369972993080294994267704034775976525765433765271784411353002352, 215537689726282444628768871760393462990305109056899965493862092870381881349524121977359536331792118300282459386768, 1842783350341526035679917130247651114191042875997826949498772675243448396737647545843184296118598521133719428476211, 8184756231673725938245242650234233282364540387461771289997545992160326844644651895305649564367797285951596198449567, 69977239384380481372847349591612797312898777735160287710980368578956044808326571966064477487072978531296926929093684, 310805199113875303208690451837140471266862229614490409054412885609222038215147247899637323909644504747860373081696796, 2657292313256116766132519367351038646775962511060093106067755233325086254319672087164606960212654585668149503877083799, 11802412810095587795991991927161103674858400184963173772777692107158277125330950768290912659002123383132742580906028699, 100907130664348056631662888609747855780173676642548377742863718497774321619339212740289000010593801276858384220400090696, 448180881584518460944487002780284799173352344798986112956497887186405308724360981947155043718171044054296357701347393784, 3831813672931970035237057247803067480999823749905778261122753547682099135280570412043817393442351793934950450871326362667, 17019071087401605928094514113723661264912530702176509118574142020976243454400386363223600748631497550680128850070294935111, 145508012440750513282376512527906816422213128819777025544921771093421992819042336444924771950798774368251258748890001690668, 646276520439676506806647049318718843267502814337908360392860898909910845958490320820549673404278735881790599944969860140452, 5525472659075587534695070418812655956563099071401621192445904548002353627988328214495097516736911074199612882006948737882735, 24541488705620305652724493359997592382900194414138341185810140016555635902968231804817663988613960465957362669058784390402083, 209822453032431575805130299402353019532975551584441828287399451052996015870737429814368780864051822045217038257515162037853280, 931930294293131938296724100630589791706939884922919056700392459730204253466834318262250681893926218970497990824288836975138720, 7967727742573324293060256306870602086296507861137387853728733235465846249460034004731518575317232326644047840903569208700541923, 35388809694433393349622791330602414492480815432656785813429103329731205995836735862160708247980582360412966288653917020664869295, 302563831764753891560484609361680526259734323171636296613404463496649161463610554749983337081190776590428600916078114768582739812, 1343842838094175815347369346462261160922564046556034941853605534070055623588329128443844662741368203476722220978024557948289894508, 11489457879318074555005354899436989395783607772661041883455640879637202289367741046494635290509932278109642786970064791997443570951, 51030639037884247589850412374235321700564952953696671004623581191332382490360670145003936475924011149755031430876279285014351122027, 436296835582322079198643001569243916513517361037947955274700948962717037834510549212046157702296235791575997303946383981134272956344, 1937820440601507232598968300874479963460545648193917463233842479736560479010117136381705741422371055487214472152320588272597052742536, 16567790294248920934993428704731831838117876111669361258555180419703610235422033129011259357396747027801778254762992526491104928770139, 73586146103819390591170945020856003289800169678415166931881390648797965819894090512359814237574176097364394910357306075073673653094359, 629139734345876673450551647778240365931965774882397779869822154999774471908202748353215809423374090820675997683689769622680853020308956, 2794335731504535335231896942491653645048945902131582425948259002174586140676965322333291235286396320644359792121425310264527001764843124, 23890742114849064670185969186868402073576581569419446273794686709571726322276282404293189498730818704157886133725448253135381309842970207, 106111171651068523348220912869661982508570144111321717019101960691985475379904788158152707126645486008388307705703804483976952393410944371, 907219060629918580793616277453221038429978133863056560624328272808725825774590528614787985142347736667178997083883343849521808921012558928, 4029430187009099351897162792104663681680616530328093664299926247293273478295704984687469579577242071998111333024623145080859663947851042992, 34450433561822057005487232574035531058265592505226729857450679680022009653112163804957650245910483174648644003053841618028693357688634269075, 153012235934694706848743965187107557921354858008356237526378095436452406699856884629965691316808553249919842347229975708588690277624928689343, 1308209256288608247627721221535896959175662537064752678022501499568027640992487634059775921359456012899981293118962098141240825783247089665940, 5810435535331389760900373514317982537329803987787208932338067700337898181116265910954008800459147781424955897861714453781289370885799439152060, 49677501305405291352847919185790048917616910815955375034997606303905028348061417930466527361413418007024640494517505887749122686405700773036663, 220643538106658116207365449578896228860611196677905583191320194517403678475718247731622368726130807140898404276397919267980407403382753759088955, 1886436840349112463160593207838485961910266948469239498651886538048823049585341393723668263812350428254036357498546261636325421257633382285727272, 8378644012517677026118986710483738714165895669772624952337829323961001883896177147890696002792511523572714406605259217729474191957658843406228248, 71634922431960868308749693978676676503672527131015145573736690839551370855894911543568927497507902855646356944450240436292616885103662826084599691, 318167828937565068876314129548803174909443424254681842605646194116000667909579013372114825737389307088622249046723452354452038886987653295677584487, 2720240615574163883269327777981875221177645764030106292303342365364903269474421297261895576641487958086307527531610590317483116212681554008929061004, 12081998855614954940273817936144036907844684226008137394062217547084064378680106330992472682018001157844072749368885930251448003513573166392341982276, 103297508469386266695925705869332581728246866506013023961953273193026772869172114384408462984879034504424039689256752191628065799196795389513219718479, 458797788684430722661528767443924599323188557164054539131758620595078445721934461564341847090946654690986142226970941897200572094628792669613317742019, 3922585081221103970561907495256656230452203281464464804261921038969652465759065925310259697848761823210027200664224972691549017253265543247493420241216, 17422233971152752506197819344932990737373320488008064349612765365065896873054829433113997716773954877099629331875526906163370291592380548278913732214464, 148954935577932564614656559113883604175455477829143649537991046207653766925975333047405460055268070247476609585551292210087234589824893848015236749447747, 661586093115120164512855606340009723420862989987142390746153325251909002730361583996767571390319338675094928469043051492310870508415832041929108506407631, 5656364966880216351386387338832320302436855954225994217639397834851873490721303589876097222402337907580901137050284879010623365396092700681331503058773188, 25122849304403413498982315221575436499255420299023402784004213594207476206880685362444053715115360914776507652491760429801649709028209237045027209511275532, 214792913805870288788068062316514287888425070782758636620759126678163538880483561082244288991233572417826766598325274110193600650461697732042581879483933415, 954006687474214592796815122813526577248285108372902163401413963254632186858735682188877273602993395422832195866217853280970378072563535175669104852922062603, 8156474359656190757595199980688710619457715833790602197371207415935362603967654017535406884444473413969836229599310131308346201352148421116936779917330696600]
Predicted:    
[0, 3, 15, 132, 588, 5031, 22347, 191064, 848616, 7255419, 32225079, 275514876, 1223704404, 14684452852, 176213434229, 2114561210754, 25374734529055, 304496814348668, 3653961772184025, 43847541266208310, 526170495194499731, 6314045942333996784, 75768551308007961421, 909222615696095537066, 10910671388353146444807, 130928056660237757337700, 1571136679922853088052417, 18853640159074237056629022, 226243681908890844679548283, 2714924182906690136154579416, 32579090194880281633854953013, 390949082338563379606259436178, 4691388988062760555275113234159, 56296667856753126663301358809932, 675560014281037519959616305719209, 8106720171372450239515395668630534, 97280642056469402874184748023566435, 1167367704677632834490216976282797248, 14008412456131594013882603715393567005, 168100949473579128166591244584722804090, 2017211393682949537999094935016673649111, 24206536724195394455989139220200083789364, 290478440690344733471869670642401005472401, 3485741288284136801662436047708812065668846, 41828895459409641619949232572505744788026187, 501946745512915699439390790870068937456314280, 6023360946154988393272689490440827249475771397, 72280331353859860719272273885289926993709256802, 867363976246318328631267286623479123924511081663, 10408367714955819943575207439481749487094132979996, 124900412579469839322902489273780993845129595759993, 1498804950953638071874829871285371926141555149119958, 17985659411443656862497958455424463113698661789439539, 215827912937323882349975501465093557364383941473274512, 2589934955247886588199706017581122688372607297679294189, 31079219462974639058396472210973472260471287572151530314, 372950633555695668700757666531681667125655450865818363815, 4475407602668348024409091998380180005507865410389820365828, 53704891232020176292909103980562160066094384924677844389985, 644458694784242115514909247766745920793132619096134132679870, 7733504337410905386178910973200951049517591429153609592158491, 92802052048930864634146931678411412594211097149843315105901944, 1113624624587170375609763180140936951130533165798119781270823381, 13363495495046044507317158161691243413566397989577437375249880626, 160361945940552534087805897940294920962796775874929248502998567567, 1924343351286630409053670775283539051553561310499150982035982810860, 23092120215439564908644049303402468618642735725989811784431793730377, 277105442585274778903728591640829623423712828711877741413181524764582, 3325265311023297346844743099689955481084553944542532896958178297175043, 39903183732279568162136917196279465773014647334510394763498139566100576, 478838204787354817945643006355353589276175768014124737161977674793206973, 5746058457448257815347716076264243071314109216169496845943732097518483738, 68952701489379093784172592915170916855769310594033962151324785170221804919, 827432417872549125410071114982051002269231727128407545815897422042661659092, 9929189014470589504920853379784612027230780725540890549790769064511939909169, 119150268173647074059050240557415344326769368706490686597489228774143278910094, 1429803218083764888708602886688984131921232424477888239169870745289719346921195, 17157638617005178664503234640267809583054789093734658870038448943476632163054408, 205891663404062143974038815683213714996657469124815906440461387321719585956652965, 2470699960848745727688465788198564579959889629497790877285536647860635031479835650, 29648399530184948732261589458382774959518675553973490527426439774327620377758027871, 355780794362219384787139073500593299514224106647681886329117277291931444533096334524, 4269369532346632617445668882007119594170689279772182635949407327503177334397156014361, 51232434388159591409348026584085435130048271357266191631392887930038128012765872172406, 614789212657915096912176319009025221560579256287194299576714655160457536153190466068947, 7377470551894981162946115828108302658726951075446331594920575861925490433838285592827440, 88529646622739773955353389937299631904723412905355979139046910343105885206059427113929357, 1062355759472877287464240679247595582856680954864271749668562924117270622472713125367152362, 12748269113674527449570888150971146994280171458371260996022755089407247469672557504405828423, 152979229364094329394850657811653763931362057500455131952273061072886969636070690052869941156, 1835750752369131952738207893739845167176344690005461583427276732874643635632848280634439293953, 22029009028429583432858494724878142006116136280065539001127320794495723627594179367613271527518, 264348108341155001194301936698537704073393635360786468013527849533948683531130152411359258330299, 3172177300093860014331623240382452448880723624329437616162334194407384202373561828936311099963672, 38066127601126320171979478884589429386568683491953251393948010332888610428482741947235733199564149, 456793531213515842063753746615073152638824201903439016727376123994663325141792903366828798394769874, 5481522374562190104765044959380877831665890422841268200728513487935959901701514840401945580737238575, 65778268494746281257180539512570533979990685074095218408742161855231518820418178084823346968846862988, 789339221936955375086166474150846407759888220889142620904905942262778225845018137017880163626162355945, 9472070663243464501033997689810156893118658650669711450858871307153338710140217644214561963513948271430, 113664847958921574012407972277721882717423903808036537410306455685840064521682611730574743562167379257251, 1363978175507058888148895667332662592609086845696438448923677468230080774260191340766896922746008551087104, 16367738106084706657786748007991951111309042148357261387084129618760969291122296089202763072952102613045341, 196412857273016479893440976095903413335708505780287136645009555425131631493467553070433156875425231356544186, 2356954287276197758721291713150840960028502069363445639740114665101579577921610636845197882505102776278530327, 28283451447314373104655500557810091520342024832361347676881375981218954935059327642142374590061233315342364020, 339401417367772477255866006693721098244104297988336172122576511774627459220711931705708495080734799784108368337, 4072817008413269727070392080324653178929251575860034065470918141295529510648543180468501940968817597409300420142, 48873804100959236724844704963895838147151018910320408785651017695546354127782518165622023291625811168911605041803, 586485649211510840698136459566750057765812226923844905427812212346556249533390217987464279499509734026939260501736, 7037827790538130088377637514801000693189746723086138865133746548158674994400682615849571353994116808323271126020933, 84453933486457561060531650177612008318276960677033666381604958577904099932808191390194856247929401699879253512251298, 1013447201837490732726379802131344099819323528124403996579259502934849199193698296682338274975152820398551042147015679, 12161366422049888792716557625576129197831882337492847958951114035218190390324379560188059299701833844782612505764188252, 145936397064598665512598691506913550373982588049914175507413368422618284683892554722256711596422006137391350069170259129, 1751236764775183986151184298082962604487791056598970106088960421071419416206710656667080539157064073648696200830043109654, 21014841177302207833814211576995551253853492679187641273067525052857032994480527880004966469884768883784354409960517315955, 252178094127626494005770538923946615046241912150251695276810300634284395933766334560059597638617226605412252919526207791568, 3026137129531517928069246467087359380554902945803020343321723607611412751205196014720715171663406719264947035034314493498925, 36313645554378215136830957605048312566658835349636244119860683291336953014462352176648582059960880631179364420411773921987210, 435763746652538581641971491260579750799906024195634929438328199496043436173548226119782984719530567574152373044941287063846631, 5229164959830462979703657895126957009598872290347619153259938393952521234082578713437395816634366810889828476539295444766159684, 62749979517965555756443894741523484115186467484171429839119260727430254808990944561248749799612401730677941718471545337193916321, 752999754215586669077326736898281809382237609810057158069431128729163057707891334734984997595348820768135300621658544046326995966, 9035997050587040028927920842779381712586851317720685896833173544749956692494696016819819971144185849217623607459902528555923951707, 108431964607044480347135050113352580551042215812648230761998082536999480309936352201837839653730230190611483289518830342671087420600, 1301183575284533764165620601360230966612506589751778769143976990443993763719236226422054075844762762287337799474225964112053049047317, 15614202903414405169987447216322771599350079077021345229727723885327925164630834717064648910137153147448053593690711569344636588567922, 187370434840972862039849366595873259192200948924256142756732686623935101975570016604775786921645837769376643124288538832135639062815183, 2248445218091674344478192399150479110306411387091073713080792239487221223706840199257309443059750053232519717491462465985627668753782316, 26981342617100092133738308789805749323676936645092884556969506873846654684482082391087713316717000638790236609897549591827532025045387913, 323776111405201105604859705477668991884123239741114614683634082486159856213784988693052559800604007665482839318770595101930384300544655078, 3885313336862413267258316465732027902609478876893375376203608989833918274565419864316630717607248091985794071825247141223164611606535861059, 46623760042348959207099797588784334831313746522720504514443307878007019294785038371799568611286977103829528861902965694677975339278430332832, 559485120508187510485197571065412017975764958272646054173319694536084231537420460461594823335443725245954346342835588336135704071341163994109, 6713821446098250125822370852784944215709179499271752650079836334433010778449045525539137880025324702951452156114027060033628448856093967929434, 80565857353179001509868450233419330588510153991261031800958036013196129341388546306469654560303896435417425873368324720403541386273127615153335, 966790288238148018118421402801031967062121847895132381611496432158353552096662555677635854723646757225009110480419896644842496635277531381840148, 11601483458857776217421056833612383604745462174741588579337957185900242625159950668131630256683761086700109325765038759738109959623330376582081905, 139217801506293314609052682003348603256945546096899062952055486230802911501919408017579563080205133040401311909180465116857319515479964518984982990, 1670613618075519775308632184040183239083346553162788755424665834769634938023032896210954756962461596484815742910165581402287834185759574227819796011, 20047363416906237303703586208482198869000158637953465065095990017235619256276394754531457083549539157817788914921986976827454010229114890733837552264, 240568361002874847644443034501786386428001903655441580781151880206827431075316737054377485002594469893813466979063843721929448122749378688806050627301, 2886820332034498171733316414021436637136022843865298969373822562481929172903800844652529820031133638725761603748766124663153377472992544265672607527746, 34641843984413978060799796968257239645632274126383587632485870749783150074845610135830357840373603664709139244985193495957840529675910531188071290333087, 415702127812967736729597563619086875747587289516603051589830448997397800898147321629964294084483243976509670939822321951494086356110926374256855483997180, 4988425533755612840755170763429042508971047474199236619077965387968773610777767859559571529013798927718116051277867863417929036273331116491082265807966297, 59861106405067354089062049161148510107652569690390839428935584655625283329333214314714858348165587132617392615334414361015148435279973397892987189695595702, 718333276860808249068744589933782121291830836284690073147227015867503399951998571776578300177987045591408711384012972332181781223359680774715846276347148563, 8619999322329698988824935079205385455501970035416280877766724190410040799423982861318939602135844547096904536608155667986181374680316169296590155316165782896, 103439991867956387865899220950464625466023640424995370533200690284920489593087794335827275225630134565162854439297868015834176496163794031559081863793989394893, 1241279902415476654390790651405575505592283685099944446398408283419045875117053532029927302707561614781954253271574416190010117953965528378708982365527872738858, 14895358828985719852689487816866906067107404221199333356780899401028550501404642384359127632490739377383451039258892994280121415447586340544507788386334472866439, 178744305947828638232273853802402872805288850654392000281370792812342606016855708612309531589888872528601412471106715931361456985371036086534093460636013674397412, 2144931671373943658787286245628834473663466207852704003376449513748111272202268503347714379078666470343216949653280591176337483824452433038409121527632164092769089, 25739180056487323905447434947546013683961594494232448040517394164977335266427222040172572548943997644118603395839367094116049805893429196460909458331585969113229214, 308870160677847886865369219370552164207539133930789376486208729979728023197126664482070870587327971729423240750072405129392597670721150357530913499979031629358750715, 3706441928134174642384430632446625970490469607169472517834504759756736278365519973784850447047935660753078889000868861552711172048653804290370961999748379552305008728, 44477303137610095708613167589359511645885635286033670214014057117080835340386239685418205364575227929036946668010426338632534064583845651484451543996980554627660104885, 533727637651321148503358011072314139750627623432404042568168685404970024084634876225018464374902735148443360016125116063590408775006147817813418527963766655531921258770, 6404731651815853782040296132867769677007531481188848510818024224859640289015618514700221572498832821781320320193501392763084905300073773813761022335565199866383055105391, 76856779821790245384483553594413236124090377774266182129816290698315683468187422176402658869985993861375843842322016713157018863600885285765132268026782398396596661264844, 922281357861482944613802643132958833489084533291194185557795488379788201618249066116831906439831926336510126107864200557884226363210623429181587216321388780759159935178281, 11067376294337795335365631717595506001869014399494330226693545860557458419418988793401982877277983116038121513294370406694610716358527481150179046595856665369109919222139526, 132808515532053544024387580611146072022428172793931962720322550326689501033027865520823794527335797392457458159532444880335328596302329773802148559150279984429319030665674467, 1593702186384642528292650967333752864269138073527183552643870603920274012396334386249885534328029568709489497914389338564023943155627957285625782709803359813151828367988093760, 19124426236615710339511811608005034371229656882326202631726447247043288148756012634998626411936354824513873974972672062768287317867535487427509392517640317757821940415857125277, 229493114839388524074141739296060412454755882587914431580717366964519457785072151619983516943236257894166487699672064753219447814410425849130112710211683813093863284990285503482, 2753917378072662288889700871552724949457070591054973178968608403574233493420865819439802203318835094729997852396064777038633373772925110189561352522540205757126359419883426041943, 33047008536871947466676410458632699393484847092659678147623300842890801921050389833277626439826021136759974228752777324463600485275101322274736230270482469085516313038601112503476, 396564102442463369600116925503592392721818165111916137771479610114689623052604677999331517277912253641119690745033327893563205823301215867296834763245789629026195756463213350041873, 4758769229309560435201403106043108712661817981342993653257755321376275476631256135991978207334947043693436288940399934722758469879614590407562017158949475548314349077558560200502638, 57105230751714725222416837272517304551941815776115923839093063856515305719575073631903738488019364524321235467284799216673101638555375084890744205907393706579772188930702722406031819, 685262769020576702669002047270207654623301789313391086069116766278183668634900883582844861856232374291854825607417590600077219662664501018688930470888724478957266267168432668872381992, 8223153228246920432028024567242491855479621471760693032829401195338204023618810602994138342274788491502257907289011087200926635951974012224267165650664693747487195206021192026468584069, 98677838738963045184336294806909902265755457661128316393952814344058448283425727235929660107297461898027094887468133046411119631423688146691205987807976324969846342472254304317623008994, 1184134064867556542212035537682918827189065491933539796727433772128701379401108726831155921287569542776325138649617596556933435577084257760294471853695715899638156109667051651811476108095, 14209608778410678506544426452195025926268785903202477560729205265544416552813304721973871055450834513315901663795411158683201226925011093123533662244348590795657873316004619821737713297308, 170515305340928142078533117426340311115225430838429730728750463186532998633759656663686452665410014159790819965544933904198414723100133117482403946932183089547894479792055437860852559567865, 2046183664091137704942397409116083733382705170061156768745005558238395983605115879964237431984920169917489839586539206850380976677201597409788847363186197074574733757504665254330230714814550, 24554203969093652459308768909393004800592462040733881224940066698860751803261390559570849183819042039009878075038470482204571720126419168917466168358234364894896805090055983051962768577774771, 294650447629123829511705226912716057607109544488806574699280800386329021639136686714850190205828504468118536900461645786454860641517030027009594020298812378738761661080671796623553222933297424, 3535805371549485954140462722952592691285314533865678896391369604635948259669640240578202282469942053617422442805539749437458327698204360324115128243585748544865139932968061559482638675199569261, 42429664458593831449685552675431112295423774406388146756696435255631379116035682886938427389639304643409069313666476993249499932378452323889381538923028982538381679195616738713791664102394831306, 509155973503125977396226632105173347545085292876657761080357223067576549392428194643261128675671655720908831763997723918993999188541427886672578467076347790460580150347400864565499969228737975847, 6109871682037511728754719585262080170541023514519893132964286676810918592709138335719133544108059868650905981167972687027927990262497134640070941604916173485526961804168810374785999630744855710340, 73318460184450140745056635023144962046492282174238717595571440121731023112509660028629602529296718423810871774015672244335135883149965615680851299258994081826323541650025724497431995568938268524257, 879821522213401688940679620277739544557907386090864611146857281460772277350115920343555230351560621085730461288188066932021630597799587388170215591107928981915882499800308693969183946827259222291262, 10557858266560820267288155443332874534694888633090375333762287377529267328201391044122662764218727453028765535458256803184259567173595048658042587093295147782990589997603704327630207361927110667495323, 126694299198729843207457865319994494416338663597084504005147448530351207938416692529471953170624729436345186425499081638211114806083140583896511045119541773395887079971244451931562488343125328009944056, 1520331590384758118489494383839933932996063963165014048061769382364214495261000310353663438047496753236142237105988979658533377672997687006758132541434501280750644959654933423178749860117503936119328853, 18243979084617097421873932606079207195952767557980168576741232588370573943132003724243961256569961038833706845271867755902400532075972244081097590497214015369007739515859201078144998321410047233431946418, 218927749015405169062487191272950486351433210695762022920894791060446887317584044690927535078839532466004482143262413070828806384911666928973171085966568184428092874190310412937739979856920566801183357199, 2627132988184862028749846295275405836217198528349144275050737492725362647811008536291130420946074389592053785719148956849945676618940003147678053031598818213137114490283724955252879758283046801614200286572, 31525595858218344344998155543304870034606382340189731300608849912704351773732102435493565051352892675104645428629787482199348119427280037772136636379185818557645373883404699463034557099396561619370403439049, 378307150298620132139977866519658440415276588082276775607306198952452221284785229225922780616234712101255745143557449786392177433127360453265639636550229822691744486600856393556414685192758739432444841268774, 4539685803583441585679734398235901284983319056987321307287674387429426655417422750711073367394816545215068941722689397436706129197528325439187675638602757872300933839210276722676976222313104873189338095225475, 54476229643001299028156812778830815419799828683847855687452092649153119865009073008532880408737798542580827300672272769240473550370339905270252107663233094467611206070523320672123714667757258478272057142705888, 653714755716015588337881753345969785037597944206174268249425111789837438380108876102394564904853582510969927608067273230885682604444078863243025291958797133611334472846279848065484576013087101739264685712470845, 7844577068592187060054581040151637420451175330474091218993101341478049260561306513228734778858242990131639131296807278770628191253328946358916303503505565603336013674155358176785814912157045220871176228549650330]
len(predicted_full) = 200, len(input_sequence + seq_pred) = 200
is_manual_check: False
