test results being evaluated: data/test_linrec15.tsv
csv file used: ../linear_database_newbl.csv
The sequence ID inspected: A224435
csv results file used: ../linear_database_newbl.csv
Results we are looking at now:
('Could you give me a recursive equation in a form of a Python code for the following number sequence: 1248,136272,1590360,11608536,69325368,371933112,1870634040,9019095096', 'Certainly, the Python code is the following: lambda a_n: n * -5 * -8 + a_n[-2] - -5 * a_n[-1] * 7')

Experiment type: Evaluation of the results of llms.
Ground truth: 
[1248, 136272, 1590360, 11608536, 69325368, 371933112, 1870634040, 9019095096, 42224645688, 193479671352, 872186750520, 3881641715256, 17097660401208, 74673784423992, 323824724575800, 1395810233321016, 5985270160655928, 25549161151039032, 108628885484045880, 460244326444664376, 1943892052383073848, 8187226346275964472, 34395536099100296760, 144168663319169697336, 603020720566796518968, 2517467133556700448312, 10491405501504858064440, 43651769795095478371896, 181351670168061386655288, 752385044268609309738552, 3117453630716974618084920, 12901468335883793813440056, 53332488592353410609546808, 220236415357922216528283192, 908571505371647077175494200, 3744789397217174281091253816, 15421171091730357867673257528, 63452738378242329346370930232, 260883169557992661082970228280, 1071821542411526008291146565176, 4400441626363214436899827451448, 18054388332319007197455710127672, 74028040636735902137317469423160, 303354111776773372791862761326136, 1242384244026392529356003940992568, 5085408163782725111640495319123512, 20805117405839435864404245941814840, 85074408626191711527042356317488696, 347713390516102362214190785247544888, 1420516586109750783001902804451165752, 5800718440620366972159107286744139320, 23677482147206920184641946188913804856, 96608362127729483649904234327739172408, 394027182666525133412622130151914702392, 1606483667288529302663889344564639532600, 6547434415643832233084043306248586626616, 26675736648534188912504127255230287939128, 108646942537972195347004835886319804581432, 442363753927230539719422652711590067930680, 1800558950810289191271837811352649074705976, 7326651543646624892764275895981068175509048, 29804269136208372077892009725023245249250872, 121207728391320978331015150225575944688469560, 492793520951233873385770163093315587367994936, 2003024513348735333757173421649281105310746168, 8139499771570140695818398378192765714733958712, 33067605958981360226296728655072007027913885240, 134308851326728630677003386235199055687080445496, 545389115270127281794717890079595820668015314488, 2214171300933360163524547051407374621224759952952, 8987144563144844799478568777404013676133556913720, 36470415690224995779431079384253143030071486809656, 147969012511482449443781948156042836316736857278008, 600225449048259663079338841232063935387561799681592, 2434299392202358113534160009804984591794740108691000, 9870787952846710299003778315980401593865830863439416, 40017513347535952575483503358197016625998258612700728, 162207499534740255819807242969809745578446993707992632, 657379782717346805350721218718071621525710872569153080, 2663718269182930349688852500350920582317706449573086776, 10791669629985893911899277741048449179942534866035246648, 43713864732960265700172576321200571828237319183949334072, 177044203783907823010992155355619296706690340488149435960, 716931794543898332885175998683194029418093622659133703736, 2902747095808661494905533457114279072263686176758713779768, 11751068053766918633081451583427875224258450001919200953912, 47564590897196765146163077162018982768298524815612566275640, 192499638317303423040001391573224654612698778806204311242296, 778963652183279141981401897207470912304797340134283897964088, 3151715004389378367211192910896407239201349165864760092100152, 12750301600182560665987112928628751376214705480590768048408120, 51574972731230431452517816848162669762154131951415870076454456, 208594956246922480964348727914033922158507388580693301771863608, 843560086275692944474504753714938307077799181016063464039220792, 3410961390254783860366458383040871941780261482574824248574969400, 13790729741627183771339591004778516995756425236918532138065692216, 55750455688940928404853393909352769437827754257509245965255542328, 225351969645492486897393695197918004232524893512502346568337163832, 910808466140885040701495259032793867341935588618937701972265895480, 3680836214799200535253662949093830966314985794335231957941985707576, 14873754260139443630805379448222241656300592428557656521530014664248, 60096654644328340482384428400269148621172071159877685654340866377272, 242793168992395625766189356030582182582788806218104343768735244322360, 980798877629911558411363993840320479853215756607692651957692202452536, 3961700317160962455031882254233187065562852071871453752956875958093368, 16000820495209114705673234132420243850579718361563272253603284976109112, 64619358887097518364875756991630705178298541637823488476221265690986040, 260941743173434311628234309814321229492865135329358935085852160553879096, 1053624203193914199187862366648477522102487888895786916423395407103493688, 4253925734776364607451149976158678422280425651713783842103063804303607352, 17173418627108289672603401942893782817939683924782240956983850891210622520, 69324537260444483661608815924611399290989541881186703825598313677226739256, 279821600049823234531216096310590652083372576160756802334816336942290929208, 1129380204231474137663987715690942793365277151176785995062537334172489319992, 4557896033054621348812444184558091843634808103169938365350470145047030367800, 18393084996733384587875750025409649914003722007883092620257776634712337385016, 74218343444993135122006893250347729528765404368443336621444210590354824463928, 299457387612210927570043145596227437030555148240399002593568886616691948095032, 1208165605777797258608234872764255822622590345879635362970044156351226950157880, 4874006644427003227745188652574407586147457052920918608737094284199215656568376, 19661403462971269684229751256367167522487095000807915135613018917546504721761848, 79307121392938105829914991609746818791990516974866672652163154498448345056380472, 319874515735964531691643912776099869956867358600500007982759095545608073365128760, 1290082183600706560254511436452849858944225289203554179940300894523697588718241336, 5202665217030219974969788887205200952165516372752143750108567387040816072851686968, 20980006798630454835686128114396009874058354773697441361013593413735199220315424312, 84597410916560119085972402719884863757499522714367022089889920598056006677080016440, 341099178554393675316801171928742752074418977615315646800215401568843417984352355896, 1375234853770187497158850931911784196474061560655519783578665602675175565091839903288, 5544291973291201172201988704434389538599171366932421642857348749456572936815250474552, 22350578126006609423074294724886569165203107646452843647265297286703129556172035556920, 90095953435393656629362538528142320704027475932497896166939544625106637457489481664056, 363158377467043502265711592626953458988948624917986095910749957969336678337314222474808, 1463731764770049512055892124565350540647106117101740555242741394684774761694657005979192, 5899320078687700060195751514491548981353583709632425714155116179473026771119524466886200, 23774852393180808288671738122886783200474795958745399549986706739117529968414967822517816, 95809697886443265346241880751229481902140673851074640628789616116513797231863303927465528, 386079944800653190151187236043647324009527940988336383969522346933638993703797620796786232, 1555684392222133275669627796329506881641971306227238406030004536613959632004866990413940280, 6268196020966615162938026593937697868983320491676828835109546314700090527741246839929669176, 25254617892178788892790168010229472845595017184717064768585929746647645841367198722764539448, 101745806801964468535312918578832616861026997823971036202165753906554271729285732345575343672, 409892568140855125997860660466989369358695683884797376644116855920888951215182663809903855160, 1651207636295409511417878586474593085093133458036595809554021359447213491655145163378825070136, 6651380000109594075377258124324914771005936625709013459372592676724097188836173029349202560568, 26791717820150200420332007611005828806557357482811581256558611347819930625949776712125474899512, 107911662559448098156619930898847994116363873459756440803291088712181716013038568219880525366840, 434625815353181578527647325414690692025993267164598224586756804420435866269417749969320250672696, 1750419921874283057715259708935957630346124160372378712499725798092152282560670942683752315192888, 7049346329343359205279720464852609970353101005146113988181549137352131521909245153332874788701752, 28388051884758344718793608375845557677286821468766692157110871694215872906785688451421767515211320, 114314873808573010465873339569122701892644955654816448526311146322218359426729187943355447385228856, 460310160312450568226288982539452692304570501712124095411414693875301801987299050234529289374500408, 1853443301562436378356338427209658308154244723167284973407821255602454315306905231283053903445198392, 7462583847500281935230083697046023388360829757838277479971065244216904719275030144872253621876524600, 30045577955003273428139254741013654176418722491816171596257974886682230222811330505888303630665090616, 120963282080021676461432698775372859197576503808687045537420606070724016213710161525465755441172547128, 486977009360121036841233514346764406757912470599572023222754281827477999849093711105018174379139237432, 1960403561600621471346944934368149506902075703855840625249797279743699354432481933229451726352449242680, 7891596343043035181315823245396965547090006101250063684846212491937379083293160575360336738504149009976, 31766313758734337908975467013285332266286837548299995020154583623487733516864412304844487483884750997048, 127864968581186140370750564179931209376854602766384719167576218719545635906304865818702541973971479266872, 514658728509739716422397041226884358754247421358249202692125649535577121311173521480424570935492252501560, 2071430330778939485447167302936175520004305726603780481696226849381382544894450539634571915768060666938936, 8336902990075680420818985763859254419966487071098140599161612061899746332478328089718182131103768818714168, 33552338628142411599397209263895227039663004943124403573454732932329546603097655665344242076779152710534712, 135028261183928406062073901889413745597840246407424508995594703939503538494250953748957165477816173819037240, 543388671421148662906235866892986332148113892169404668818446574374873203614608012465918279718084068792829496, 2186657192426334806256704504913270727619467194836443302755745477186347150293008500776330334750725242737362488, 8799038796672299843553862169018384506585915283981067889385712529266007928406326958406069864624818248774288952, 35405795294557041848323625273534744410775847154465442560182595625361644409009789617298557230815941842641585720, 142461741609699537289727207483983803180832132692026438734305081032404762027782376847175996043412996075481433656, 573201208164683628744639655495314514874243507064764397686826692139662178573134306023884542098463113435555006008, 2306221799562276433321481924218775268100633933445692098914899670152591873279862954156135733746423614273662977592, 9278555065863273406657620905825169906817175354529306301905409709656381106045853178453420573232428817952251283000, 37328891733909764320117256459100954964927259901103376578229970927275460235240185785395641018649145014179009103416, 150174252817465740054416117179604921210343273536358111283551806262884145714684112158630242161058469347027167708728, 604131754797169691313452834091224090243910029873210863987028940173532522634210361128525261033488146636919231448632, 2430265993297905689636964797856113982585787862403957129287784344012850486243073733270493161130259830609858848065080, 9776019869628530456080473037389326416783742421260283206342162501021763191492248897525786582089802118605657658590776, 39323903064261752614452347533416787612897333571618951573748626779427469860411564130429884167211234270489739289134648, 158174906600037533618331211669105078234638789832787081271648516154125517598087442175559434500226803432166291824150072, 636216803772112227115412132818172024070752981516393424959283003400544613699347146557523186876021833347641227803067960, 2558935924576297279029997675839694940811803214806554099259642971551652711635624992640806187298999376075300440387847736, 10292018536256582598393387281626807141362378014190137994591344918704204245611502635204661655355111315002882139508147768, 41393173496831904322667135439579338077910172676616238368300367796352759731145261775420440256796948805833877966278329912, 166473091394549913007042887010605790361483333185887699032386090834938301042206786188238787023736140058836468038753027640, 669493955207088834893668929051576913645303902661241778365165926625213940520952075387638473858347068974133419426522826296, 2692382179343912071036665240242922663378697890315731042400903629738571494527480984650508679775665505829972522937314412088, 10827154151437875209994619057118150688704720679945979885360056553539233304498818616092918894517603205379665206947063236152, 43539118342000408543370308613058442895578599194516142404456909038649568961866977112454586506758837819148685601090406680120, 175078480312997264987048563990577132145353262676993461069876096830643866989762399014263226497720363295374459810522314278456, 704001949031971583202463574115681970833568514303689410087661488794446639442193782450807877989232108292091484868496571991608, 2830759907247816425826931569076221652342895911597619903583200478623726278689986052033700253389048233639601152734865515316792, 11382048073470986075376035366758861685406071063921928667262871443441728910743459707134569592577098428416888882996920583161400, 45764226071802825789777377828851347045762233925813510880771465159972650336148051358227131725806852136880223773252282998556216, 184001039398886829112202456762668989399600734383757228369965177525735038505054970446111482029710882863592318994150834520950328, 739780698042249420261181608839730362464610132257041652867376769928730138176173999280288799285076645420423050713364281329419832, 2974228953955806096294213562515139069323269307916217569019568890783643437833861037298860717628477341860096614584944231402407480, 11957340462970458046174802758685426755152392347217074106278517925342068143817086360911476893118348758603689039874722149802411576]
Predicted:    
[1248, 136272, 1590360, 11608536, 69325368, 371933112, 1870634040, 9019095096, 317538962720, 11122882790656, 389618436636080, 13647768165053896, 478061504213522920, 16745800415638356616, 586581076051556005040, 20547083462220098533616, 719734502253755004682240, 25211254662343645262412696, 883113647684281339189127320, 30934188923612190516881869656, 1083579725974110949430054566080, 37956224598017495420568791683296, 1329551440656586450669337763482320, 46572256647578543268847390513565416, 1631358534105905600860328005738272840, 57144120950354274573380327591353115816, 2001675591796505515669171793703097327440, 70115789833828047322994393107199759577296, 2456054319775778161820472930545694682533920, 86032016981986063711039546962206513648265656, 3013576648689288008048204616607773672371833080, 105561214721107066345398201128234285046662424696, 3697656091887436610096985244104807750305556698720, 129523524430781388419739881744796505545741146881216, 4537021011169236031300992846311982501851245697542640, 158925258915354042483954489502664184070339340560875016, 5566921083048560722969708125439558424963728165328169640, 195001163165614979346423738879887209057800825127046813896, 6830607631879572837847800568921491875447992607611966657520, 239266268278950664304019443651132102849737542091545879828656, 8381149997395152823478528328358545091616261965811717760662080, 293579516177109299486052510936200210309418906345501667503003096, 10283664216196220634835316411095365905921277984058370080365772120, 360221827083044831518722126899274006917554148348388454480305029016, 12618047612122765323790109757885685608020316470177654276891041789440, 441991888251379831164172563652898270287628630604566288145666767661216, 15482334136410416856069829837609325145675022387629997739375227909933840, 542323686662615969793608216879979278368913412197654487166278643615347496, 18996811367327969359632357420636884068057644449305537048559127754447098120, 665430721543141543556926117939170921660386469137891451186735750049263783656, 23309072065377281993852046485291619142181584064275506328584310379478679528080, 816482953009748011328378553103145840898015828718780612951637599031803047268496, 28600212427406557678487101405095396050572735589221596959635900276492585333927520, 1001823917912239266758376927731442007610943761451474674200208147276272289734733816, 35092437339355780894221679572005565662433604386390835193966921054946022726049613240, 1229237130795364570564517161947926240192787097285130706463042445070387067701471199416, 43058392015177115750652322347749423972409982009365965561400452498518493392277541595040, 1508272957661994415843395799333177765274542157425093925355478879893217655797415427028096, 52832611910184981670269505299008971208581385491887653353003161248761136446301817487580720, 1850649689814136352875276081264647170065623034373492961280466122586532993276361027492355656, 64825571755404957332304932349561659923505387588564141298169317451777415901118937779720031080, 2270745661128987642983547908315922744492754188634118438397206576934796089532439183317693445896, 79540923711269972461756481723406857717169901989782709485200399510169640549536490353898990639920, 2786203075555578023804460408227555942845439323831028950420411189432872215323309601569782365845616, 97596648568156500805617870769687864857307546236075795974199592029660697176865372545296281795239040, 3418668902961033106220429937347302825948609557586483888047406132227557273405611348686939645199214616, 119751008252204315218520665677925286773058642061763011877633414219994165266373262576588183863767753240, 4194703957730112065754443728664732339883001081719291899605216903832023341596469801529273374877070580696, 146934389528806126616624051168943557182678096502236979498060225048340811121142816316101156304561238080320, 5146898337465944543647596234641689233733616378660013574331713093595760412581595040865069744034520403394656, 180288376200836865154282492263628066737859251349602712081108018500899955251476969246593542197512775356896080, 6315240065366756224943534825461624025058807413614754936413112360625094194214275518671639046656981657894760296, 221213690664037304738178001383420468943796118727866025486540040640379196752751120122753960175191870801673509320, 7748794413306672422061173583245178037057922962888925646965314534773896980540503479815060245178372459716467589416, 271429018156397572076879253414964651765971099819840263669272548757726773515670372913649862541418227960878039141840, 9507764429887221695112835043107007989846046416657298154071504521055210970029003555457560249194816351090447837556816, 333043184064209156901026105762160244296377595682825275656171930785690110724530794813928258584359990516126552353633440, 11666019206677207713231026536718715558363061895315541946120089082020209086328606822042946610701794484415519780214730296, 408643715417766479119986954890917204787003543931726793389859289801493008132225769566317059633147166945059318859869196920, 14314196058828503976912774447718820883103487099505753310591195232134275493714230541643140033770852637561491679875636625656, 501405505774415405671067092625049648113409052026633092664081692414501135288130294727076218241612989481597268114507151098080, 17563506898163367702464261016324456504852420308031663996553450429739674010578274545989310778490225484493465875687625925061696, 615224146941492284991920202663981027317948119833134872972034846733303091505527739404352953465399504946752902917181414528260720, 21550408649850393342419671354255660412633036614467752218017773086095347876704049153698342682067472898620845067977037134414190216, 754879526891705259269680417601612095469474229626204462503594092860070478776147248118846346825826950956676330282113481119024921640, 26442333849859534467781234287410679001844231073531623939843811023188562105041857733313320481586010756382292404941948876300286451016, 926236564271975411631612880476975377160017561803233042357036979904459744155241167914085063202336203424336910503250324151629050710640, 32444722083368998941574232050981548879602458894186688106436138107679279607538482734726290532563353130608174160018703294183317061326896, 1136491509482186938366729734664831186163246078858337316767621870748679246008002136883334253702919695774710432511157865620567726197155520, 39809647553959911841777114945320073064593215218935992774973201614311452889887613273651425170134752705245473312050544000014053733961773656, 1394474155898079101400565752820867388446925778741618084440829678371649530392074466714683215208419264379366276354280197866112448414859237080, 48846405103986728460861578463675678668706995471175568948204011944622045016612493948287563957464809005983065145711857469313949748254035075096, 1711018652795433575231555811981469620793191767269886531271581247740143225111829362656779421726476734473786646376269291623854353637306086869120, 59934499252944161861565314997815112406430418849917204163453547682849634923930640186935567324384150515588515688315137064304216327053967075498016, 2099418492505841098730017580735510403845857851514372032252145750147477365562684235905401635775171744780071835737406066542271425800526153729303440, 73539581736957382617412180640740679247011455221852938332988554802844557429617878896875992819455395217818102766497527466043804119345469347601122216, 2575984779286014232708156340006659284049246790616367213686851563849706987402188445626565150316714004368413668663150867378075415602891953319768584840, 90233006856747455527402884080873815620970649126794705417372793289542589116506213475826656253904445548112296505976777885698683350220563835539501595496, 3160731224765446957691809099170590206018021966228431056821734616697840326065119660099559534036972308188298791377850376866831992673322626197202324431120, 110715825873647390974740721355051531026251739467121881694178084377713954001395694316960410347547935232138569994730739968224818426916512480737620856688656, 3878214636802424131073617056525974176124828903315494290353054687836686230374914420753713921698214705433038248606953749264735476934751259452013932308538080, 135848228113958491978551337699764147695395263355509422044051092158661732017123400420696947669785062625388477271238111964233966511143210593301225251655525496, 4758566198625349643380370436548271143514959046346145265832141280240997306829693929145146882364175406594029742741940872497453563366947122024994897740251934520, 166685665180001196010291516616889254170718961885470593726168995900593567471056410920500837830415924293416429473239168649375108684354292481468122646160473237816, 5838756847498667210003583452027672167118678625037816925681746997801015858793804076146674470946921525676169061306112843600626257515767183973409287513356815262240, 204523175327633353546135712337585415103324470838209062992587313918936148625254199076054107320972669322959333575187188694671294121736205731550793185613649007420416, 7164149893314666041324753515267517200783475157962355021666237734160566217742690771738040430704990347829252844192857717157095920518282967788251170783991072074981040, 250949769441340944799912508746700687442524954999520634821310908009538753769619431209907469181995634843346808880325207289193028512261640078320341770625301171631761096, 8790406080340247734038262559649791577689156900141184573767548018068016948154422783118499461800552209864967563655575112838913093849675685709000213142669532079186623720, 307915162581350011636139102096489405906563016459940980716685491540390131939174416840357388632201322980117211536825454156651151313250910639893327801764058923943163595656, 10785821096427590654998906835936778998307394732998075509657759751931722634819259012195627101588846856513967371352546470595629209057631548081975473274884731870089912476080, 377811653537547022936597878359883754346665378671392583818738276809150682350613239843687305944241841300968975208875951925003673468330355093509034892422729674377090100262896, 13234193694910573393435924649431868181131595648231738509165497448072205604906282653541251335150053292390428099682010863845724200600620059820898196708070423335068243421681920, 463574590975407615793193960608475270093952513066782240404611148959336346854070506113787484036196107074965952464079256186525350694490032448824945919674887546401765609859134616, 16238344877834177126155224545946066321469469552985610152670555711024844345497373996636103192602013800916198764342455977392232998507751755768694005385329134547396864588491398040, 568805645315171607031226053068720796521525386867563137583874061034828888439262160388377399225106679139141922704450038464914680298465801484353115134406194596705292026207058070616, 19924435930908840423219067081951173944574858009917695425588262691930035939719672987589845076071335783670883493420093802249406043444810803708127723709602140019232617781835523874240, 697924063227124586419698573921359808856641555733986903033173068278586086778627816726032955061721859107620064192407733117194126200866843931268823444970481095269846914390450393673696, 24447266648880269365112669154329544483927029308699459301586645652442443073191693258398743272236336404550373130227690752904043823073784348398116948297676440474463874621447599302458320, 856352256774036552365363118975455416746302667360215062458565770903764093648487891860682047483333496018370679622161584084758727933783319037865362013863645897701505458665056425979719656, 29996776253740159602152821833295269130604520386916226645351388627284185720770267908382270405188908697047524159905883133719459521505489950673685787433525282860027154927898422508592651080, 1050743521137679622627714127284309874987904516209428147649757167725850264320607864685240146229095137892681716276328071264265841980625931592616867922187248545998651927935109844226722512296, 36806020016072526951572147276784140893707262587716901394386852259032043436942045531891787388423518734940907593831388377383023928843413095692264063063987224392812844632656742970443880586320, 1289261444083676122927652868814729241154742095086300976951189586233847370557292201480897798741052250860824447500374921279670103351500084280821859075161740102294448214070921113809762543038416, 45160956562944736829419422555792307581309680590608251094686022370443690012942169097363314743325252298863796570106953633165836641231346362924457331693724890804698500337114895726312132886935840, 1581922741147149465152607442321545494586993562766375089290961972551762997823533210609196913815124882711093704401243752082083952546448622786636828468355532918266741960013092271534734413585797816, 55412456896713176017170679903809884618126084377413736376278355061682148613836604540419255298272696147187143450613638276506104175766933143895213453724137377030140667100795344399442016608389864440, 1941017914126108310066126404075667507128999946772247148259033389131426964482104692125283132353359490034261114475878583429795730104389108659119107708813163728973190090487850146252005315707231058296, 67991039451310504028331594822552172634133124221406063925442446974661625905487500828925328887665854847346326150106364058319356657829385736213063983262184867891091793834175550463219628066361476909920, 2381627398709993749301671945193401709701788347695984484538744677502288333656544633704511794200658279147155676368198620624607278754132889876116358521885283539917185974286632116358938987638358922910656, 83424949994301091729586849676591612012196725293580863022781506159554753303884549680486838125910705624997794999037058085919574113052480531400285612249247108764992600893866299623026084195408923778788080, 2922254877199248204284841410625899822136587173623026190281891460261918653969615783450743846201075355154069980642665231627809701235590951488886112787245534090314658217259607118922271885826950691180498696, 102362345651967988241699036221583085386792747802099497522888982615326707642240436970456521455163548136017447117492320165059259117358735782642414233165842940269778030204980115461902542088138683115096247720, 3585604352696078836663751109166033888359882760247105439491396282996696686132384909749428994776925260115764719092873871008701878808791343343973384273591748443532545715391563648285511244970680859719549174216, 125598514690014727271472987857032769177982689356450789879721758887499710722275712278200471338647547652187782615368077805469625017425055752821710863808877038463908878068909707805454796116061968773299317350640, 4399533618503211533338218326105312955117754010236024751229752957345486571965782314646765925847441093086688156256975597062445577488685742692103853617584288094680343278127231336839203375307139587925195656452016, 154109275162302418394109114401542986198299373047617317082921075265979529729524656724915007875999085805686273251609513974991064837121426049976456587479258960352275923612522006497177572931865947546155147293176640, 5398224164299087855327157222380109829895595810676842122653467387266629027105328767686672041585815444292106251962589964721749714876738597491868084415391647900424337669716397458738054255990615303703355350917639896, 189091955025630377354844611897705387032544152746737091609954279629597995478416031525758436463379539636029405091942258279236231085522972338265359411126186935475204094363686433062329076532603401577163592429410578520, 6623616650061362295274888573642068655968940941946475048471053254423196470771666432169231948259869702705321284469941629737989837708180770436779447473831934389532567640398741554640255732897109670504429090380287893656, 232015674707173310711975944689370108345945477120873363788096818184441474472486741157448876625558819134322274361539899299108880550871849937625546020995243890569115071508319640845471279727931441869232181755739486862080, 8127172231401127237214432952701595860764060640172514207631859689709874803007807606942879913842818539403984923938366417098548809118222928587330890182307368104308560070431586171146135046210497575093630790541262328072096, 284683043773746626613217129289245225235088067883158870630903185958030059579745752984158245861124207698273794612204364497748317199688674350494206702401753127541368717536613835630960197897095346570146309850699920969391120, 9972033704312533058699813958076284479088846436550732986289243368220761960094109162052481485053190087978986796351091123838289650798221825195884565474243666832052213673851915833254753061444547627530214475565038496256767016, 349305862694712403681106705661959201993344713347158813390754421073684698662873566424821010222722777286962811666900393698837886095137452556206453998300930092249368847302353667999547317348456262310127652954627047289956242440, 12235677228019246661897434512126648354246153813587109201662693980947185215160668934030787839280350395131677395137864870583164302980609061292421774506006796895559961869256230295817410860257413728481998067887511693644725258216, 428598008843368345570091314630094651600608728188895980871585043754225167229286286257502395385034986606895671641492170864109588490416454597790968561708538821436848034271270414021608927426357936759180060029017536324855340285840, 15013165986745911341615093446565439454375551640424946439707139225378828038240180687946614626315504881636480184847363845114418761467556519983976321434304865547185241161363720721052129870782785200299784099083501283063581635268496, 525889407544950265302098361944420475554744916143062021370621457932013206505635610364389014316427705843883702141299226749868766239854894654036962218762378832972920288682001495650846154404823839947251623527951562443550212574689120, 18421142430060005196915057761501282083870447616647595694411458166845841055735486543441562115701285209417566055130320300090521237156388869411277653978117564019599395345031416068500667534039617183354106607577388186807321021749393656, 645265874459645132157329120014489293411020411498808911325771657297536450157247664630819063063861410035458695631702509729918112066713465324048754851452877119518951757364781563893174209845791425257340982888736538100699785973803473080, 22602726748517639630703434258268626551469584850074959492096419463580621596559403748622108769350850636450471913164718160847224443572127675211117697454828816747182910903112386152329598012136739501190288507713356221711299830104870957496, 791740702072577032206777528159416418594846490164122391134700452882619292329736378866404625990343633685801975656396838139382773637091182097713168165770461463270920833366298296895429104634631673966917438752856204297996193839644286991520, 27733527299288713766867916919837843277371096740594358649206612270355255853137332664072784018431378029639519619887054053039244301741763501095172003499420980031229412078723552777492348260224245328343300644857680506651578084217654915666816, 971465196177177558872583869722483931126583232410966675113366129915316574152136379621413845271088574671068988671703288694512933334598813720428733290645504762556300343588690645509127618212483218165982440008771673937103229141457566335336240, 34029015393500503274307303357206775432707784231124427987617021159306435351177910619413557368506531491517054123129502158360991911012700243716100837176092087669501741437682896145596958985697136881137728700951866268305264598035232476652441416, 1191987003968694792159628201371959624075899031321765946241709106705640553865379008059095921742999690777767963298204278831329229818779107343783958034453868573195117250662490055741402692117612274057986486973324091064621364160374594249170792040, 41753574154297818228861294351375793618089173880492932546447435755856725820639443192687770818373495708713395769560279261254884035568281457276154632043061492149498605514624834847094691183102126728910664772767295053530053010211146031197630169096, 1462567082404392332802304930499524736257196984848574405071901960561691044276245890752131074564815349495746619897907978422752270474708630112009196079541606093805646310262531709704055594100692047785931253533828650964616476721550485686166226716720, 51231601458308029466309533861834741562619983643580597110063016055415043275489245619517275380586910728059845092196339524057584350650370335377598017415999274775347119464703234674489040484707323799236504538456770078815106738264478145047015565260656, 1794568618123185423653635990094715479427956624510169473257277463900088205686399842573856769395106690831590324846769791320438204543237670368327939805639516223230954827574875745316820472558857025021063590099520781409493352315978285562331711010846080, 62861133235769797857343569187176876521541101841499512161114774252558502242299483735704504204209321089833721214729139035739394743363968833226855491214799067087858766084585354320763205580044703199536462158021684119411082437797504472826656900944879896, 2201934231870066110430678557541285393733366521076993095112274376303447666686168330592231503916721344835011832840366636042199254222282146833308270132323606864298287767788062276972029015774123469008797239120858464960797378675228634834495323244081648920, 77130559248688083662931093083132165657189369339536257841090717944873226836258191054463807141289456390315247870627561400512713292523239107999016310122541039317527930638666765048341778757674366118507439831388067957747319336070799723680162970443802598616, 2701771507935952994313018936467167083395361293404846017533287402446866386935722855236825481449047695005868687304805015653987164492535650926798879124421259982977775860121124838968934285534376937616769191337703236986116974141153218963640199288777172607040, 94639133337007042884618593869433980084494834638509146871506149803585196769586558124343355657857958781595719303538803109290063470531271021545959785664866640443539683034878036128961041772460867182705429136651001362471841414276433463451087138077644843851616, 3315071438303182453955963804366656470040714573641224986520248530527928753322465257207254273506477605050856044311162913840806208633087021405035391377394753675506866682080852389352605396321664728332306788974122750923500566473816324439751690032006346707420240, 116122139473948392931343351746702410431509504912081383675080204718281091563055870560378242928384574135561557270194240787537507365628577020197784657994481245283183873555864711663470149913030726358813443043230947283684991667997847788854760238258299779603566696, 4067589953026496935050973274938951021572873386496489653614327413670366133460277934870445756766966572349705360501109590477653564005633282728327498421184238338586942441137345760610807852352397087286802813302057277679898208946398488934356360029072498632832261320, 142481770495401341119715407974609988165482078032289219260176539683181095762672783591025979729772214606375249174809029907505412247562793472511660229399442823095826169313362966333041744982246928781396911908615235666080122304791944960491327361255795751928732719656, 4990929557292073436125090252386288536813445604516619163759793216325008717827007703620779736298794477795483426478817156353167082228703404820636435527401683046692502868408841167417071882230994904436178719614835305590484178876664472106130814003981923816138477456080, 174825016275717971605497874241494708776636078236113959950852939111058486219707942410318316750187578937448295175933409502268353290252181962194786903688458349457333426563622803825930557623067068584047652098427850931333026382988048468675069817500623129316775443689296, 6123866499207421079628550688704701095719076183868505217443612662103372026407604992064761865992864057288485814584148149735745532241055072081638178064623443914053362432595206975074986588689578395346104002164589617902246407583458360875733574426525791449903279006588320, 214510152488535455758604771978906033058944302513633796570477296112729079410485882664676983626500429584034451805621118650253361981727179704819531019165508995341325018567395866931450461161758310905697687727859064477509957291804030679119350174745903323875931540674287416, 7513979203597948372630795569950415858158769664161051385184148976607621151393413498255759188793507899498494299011323300908603414892692344740765223848857438280860429012291450549575841127250230460094765174477231846330750751620724532130052989690533142127107507202606654840, 263203782278416728497836449720243461068615882548150432278015691477379469378179958321616248591399276912031334917201936650451372883225959245631602365729175848825456340448768165102085889914919824414222478794430973686053786264017162655230973989343405877772638683631907213816, 9219646358948183445796906535778471553259714658849426181115733350684889049387691954754824459887768199820595216401079106066706654327801265941846848024370012147171832344719177229122581988149444084957881522979561310858213269992221417465214142616709738864169461434319359145440, 322950826345464837331389565201966747825158628942278066771328682965448496197947398374740472344663286270632863908954970648985184274356270267210271283218679600999839588405619971184392455475145462797940075783079076853723518235991766773937725965574184266123703788884809477311296, 11312498568450217490044431688604614645433811727638581763177619637141382255977546635070671356523102787671970832029825051820548156256797260618301341760678156047141557426541418168682858523618240642012860533930747251191181351529704058505285622937713159053193802072402651065047920, 396260400722103076988886498666363479338008569096292639777988015982913827455412079625848237950653260854789611984952831784368170653262260391907757232906954141250954349517355255875084440782113567933248058763359232868545070821775633814458934528785534751127906776322977596753995656, 13880426523842057912101071885011326391475733730097880973992758179039125343195400333539758999629387232705308390305378937504706521020435910977389804493504073099830543790533975373796638285897593118305694917251503897650268660113676887564567994130431429448529930973376618537454903080, 486211188735194130000526402474062787180988689122522126729524524282352300839294423753517413224979206405540583272673215644449096406368519144600550914505549512635319987018206493338757424447197872708632570162565995650627948174800466698574338729093885565449675490844504626407675610696, 17031272032255636607930525158477208877726079853018372316507351108061369654718500231706649221873901611426625722933867926493223080743918605971996671812187737015336030089427761242230306493937823137920445650607061351669628454778130011337666423512416426220187172110531038542806101284720, 596580732317682475407568906949176373507593783544765553204486813306430290215986802533486240178811535606337440885958050642907256922443519728164484064341076345049396373116989849971399484712271007699924230341409713304087623865409350863516899161663668803272000699359430853624621220583216, 20897356903151142275872842268379650281643508503919812734473545816833121527214256588903725055480277647833237056731465640428247215366267109091728938923749859813744209089184072510241212271423423092635268507599947026994736463744105410234429137081740824540740211649690610915404548821704640, 732004072342607662130957048300236936231030391420738211259778590402465683742714967414163863181988529209769634426487255465631559794741792337938677346395586169826096714494559527708413828984532079249934321996339555658119863854909098709068536697022592527729179408438530812892783829980253016, 25641039888894419316859369532776672418367707208229757206826724209903132052522238116084638936425078799989770441983785406937532840031328998936945436062769265803727129216398767542304725226730046196840336538379484395061189971385562560227633213532872479295062019506998269062162838598130567640, 898168400183647283752208890695483771579100782679462240450195125937012087522021049030376526638059746528851735103858976498279280960891256755131028939543319889300275619288451423508373796764536148968661713165278293382799768862349598706676231010347559367854899862153377947988592134764550127896, 31461535046316549350644170543874708677686895100989408172963656132005326195323258954179263071268516207309800499077047962846712366471225315428522958320078965391313373804312198590335387611985495260100000297323119752793053100153621517293895718575697450354216557194875226448662887555357385051520, 1102051895021262874556298177926310287490620429317308748294178159746123428923836084445304584021036127002371869202800537676133212107453777296753434570142307108585268358770215402085246940216256870252468672119474469641139658274239102703993026381159758321765434401682786303651189656572273026938656, 38603277860790517158821080397964734770849401921206795598469199247246325338529586214539839703807532961290325222597095866627509136127353430701798732913300827765875705930761851271573978295180975954096503524478929557192681092698522216157049819059167238712144420616092395854240300867584913327912080, 1352216777022689363433294112106692027267219687671555154694716151813367510277459353593339694217284689772163754660101155869638952976564823851859709086535671278914234975935435009907174487271550415263630092028882008971384977902722516668200736693452013113246820155964916641202061720022044239503869096, 47366190473654918237324115004132185689123538470425637209913534512715109185049606961981429137308771674987021738326137551303990863315896188245791616761661795589764099863670987198022681032799445510181149724535349243555666907687986605603182834089879626202350849879388174837926400501639133295963338120, 1659168883354944827669777319256733191146591066152568857501668424096842188987013703022943359500024293314317924596074915451509319169032931412454566295744698516920657730204419986940701010635252143271603870450766105533419726746982253712779599929839238930195526565934551035968626079277391709598220711016, 58118277107896723886679530288989793875819810853810335649768308377902191723730529212764999011638159037676114382600948178354130161779468495624155611967826109887812784657018370530122558053266624460016316615501349042913246103052066866552889180378463242183045780657588674433739839175210348969233688231440, 2035798867659740280861453337433899518844839970949514316599392461650673552519555536149797908766835590611978321315629261157846064981450430278257900985169658544590368120725847388541230232874967108243842685412997982607497033333569322583063900913176052715336797849581538156216862997211639605632777308819216, 71311078645198806554037546340475472953445218794086811416628504466151476529908174294455691805850883830456917360429625088702966404512544528234650690092905875170550697010061676969473180708677115412994510306070430740305309412777978357273789421141540308278970970516011424142023944741582596546116439496911840, 2497923551449617969672175575254075452889427497763987913898597048776952352099305655842099011113547769656604085936352507365761670222920508918491032054236875289513864763472884541320102555036574006563051703397878073893293326480562811827165693640867086842479320765909981383127054928952602518719708159700741496, 87498635379381827745080182680233116324083407640533663797867525211659483800005606128767921080780022821811599925132767382890361424206730356675420772588383541008155817418561020623173062606988767345119804129231803017005571736232476392308073066851489579795055197777365359833588946458082670751735902029022872120, 3064950161829813589047478569383413146795808694916442220839261979456858885352295520162719336838414346533062601465583210908528411517458482992558218072647660810574967474413108606352377293799643431085756196226510983669088304094617236542609723033443002379669411242973697575558740180961846078829476279175501273656]
len(predicted_full) = 200, len(input_sequence + seq_pred) = 200
is_manual_check: False
