test results being evaluated: data/test_linrec15.tsv
csv file used: ../linear_database_newbl.csv
The sequence ID inspected: A226200
csv results file used: ../linear_database_newbl.csv
Results we are looking at now:
('Could you give me a recursive equation in a form of a Python code for the following number sequence: 1,7,38,219,1300,7781,46662,279943,1679624,10077705,60466186,362797067,2176782348', 'Certainly, the Python code is the following: lambda a_n: n - -1 + 6 * a_n[-1]')

Experiment type: Evaluation of the results of llms.
Ground truth: 
[1, 7, 38, 219, 1300, 7781, 46662, 279943, 1679624, 10077705, 60466186, 362797067, 2176782348, 13060694029, 78364164110, 470184984591, 2821109907472, 16926659444753, 101559956668434, 609359740010515, 3656158440062996, 21936950640377877, 131621703842267158, 789730223053602839, 4738381338321616920, 28430288029929701401, 170581728179578208282, 1023490369077469249563, 6140942214464815497244, 36845653286788892983325, 221073919720733357899806, 1326443518324400147398687, 7958661109946400884391968, 47751966659678405306351649, 286511799958070431838109730, 1719070799748422591028658211, 10314424798490535546171949092, 61886548790943213277031694373, 371319292745659279662190166054, 2227915756473955677973140996135, 13367494538843734067838845976616, 80204967233062404407033075859497, 481229803398374426442198455156778, 2887378820390246558653190730940459, 17324272922341479351919144385642540, 103945637534048876111514866313855021, 623673825204293256669089197883129902, 3742042951225759540014535187298779183, 22452257707354557240087211123792674864, 134713546244127343440523266742756048945, 808281277464764060643139600456536293426, 4849687664788584363858837602739217760307, 29098125988731506183153025616435306561588, 174588755932389037098918153698611839369269, 1047532535594334222593508922191671036215350, 6285195213566005335561053533150026217291831, 37711171281396032013366321198900157303750712, 226267027688376192080197927193400943822503993, 1357602166130257152481187563160405662935023674, 8145612996781542914887125378962433977610141755, 48873677980689257489322752273774603865660850236, 293242067884135544935936513642647623193965101117, 1759452407304813269615619081855885739163790606398, 10556714443828879617693714491135314434982743638079, 63340286662973277706162286946811886609896461828160, 380041719977839666236973721680871319659378770968641, 2280250319867037997421842330085227917956272625811522, 13681501919202227984531053980511367507737635754868803, 82089011515213367907186323883068205046425814529212484, 492534069091280207443117943298409230278554887175274565, 2955204414547681244658707659790455381671329323051647046, 17731226487286087467952245958742732290027975938309881927, 106387358923716524807713475752456393740167855629859291208, 638324153542299148846280854514738362441007133779155746889, 3829944921253794893077685127088430174646042802674934480970, 22979669527522769358466110762530581047876256816049606885451, 137878017165136616150796664575183486287257540896297641312332, 827268102990819696904779987451100917723545245377785847873613, 4963608617944918181428679924706605506341271472266715087241294, 29781651707669509088572079548239633038047628833600290523447375, 178689910246017054531432477289437798228285773001601743140683856, 1072139461476102327188594863736626789369714638009610458844102737, 6432836768856613963131569182419760736218287828057662753064616018, 38597020613139683778789415094518564417309726968345976518387695699, 231582123678838102672736490567111386503858361810075859110326173780, 1389492742073028616036418943402668319023150170860455154661957042261, 8336956452438171696218513660416009914138901025162730927971742253142, 50021738714629030177311081962496059484833406150976385567830453518423, 300130432287774181063866491774976356909000436905858313406982721110104, 1800782593726645086383198950649858141454002621435149880441896326660185, 10804695562359870518299193703899148848724015728610899282651377959960666, 64828173374159223109795162223394893092344094371665395695908267759763547, 388969040244955338658770973340369358554064566229992374175449606558580828, 2333814241469732031952625840042216151324387397379954245052697639351484509, 14002885448818392191715755040253296907946324384279725470316185836108906590, 84017312692910353150294530241519781447677946305678352821897115016653439071, 504103876157462118901767181449118688686067677834070116931382690099920633952, 3024623256944772713410603088694712132116406067004420701588296140599523803233, 18147739541668636280463618532168272792698436402026524209529776843597142818914, 108886437250011817682781711193009636756190618412159145257178661061582856912995, 653318623500070906096690267158057820537143710472954871543071966369497141477476, 3919911741000425436580141602948346923222862262837729229258431798216982848864357, 23519470446002552619480849617690081539337173577026375375550590789301897093185638, 141116822676015315716885097706140489236023041462158252253303544735811382559113319, 846700936056091894301310586236842935416138248772949513519821268414868295354679400, 5080205616336551365807863517421057612496829492637697081118927610489209772128075881, 30481233698019308194847181104526345674980976955826182486713565662935258632768454762, 182887402188115849169083086627158074049885861734957094920281393977611551796610728043, 1097324413128695095014498519762948444299315170409742569521688363865669310779664367724, 6583946478772170570086991118577690665795891022458455417130130183194015864677986205805, 39503678872633023420521946711466143994775346134750732502780781099164095188067917234286, 237022073235798140523131680268796863968652076808504395016684686594984571128407503405167, 1422132439414788843138790081612781183811912460851026370100108119569907426770445020430448, 8532794636488733058832740489676687102871474765106158220600648717419444560622670122582129, 51196767818932398352996442938060122617228848590636949323603892304516667363736020735492210, 307180606913594390117978657628360735703373091543821695941623353827100004182416124412952691, 1843083641481566340707871945770164414220238549262930175649740122962600025094496746477715572, 11058501848889398044247231674620986485321431295577581053898440737775600150566980478866292853, 66351011093336388265483390047725918911928587773465486323390644426653600903401882873197756534, 398106066560018329592900340286355513471571526640792917940343866559921605420411297239186538615, 2388636399360109977557402041718133080829429159844757507642063199359529632522467783435119231096, 14331818396160659865344412250308798484976574959068545045852379196157177795134806700610715385977, 85990910376963959192066473501852790909859449754411270275114275176943066770808840203664292315258, 515945462261783755152398841011116745459156698526467621650685651061658400624853041221985753890939, 3095672773570702530914393046066700472754940191158805729904113906369950403749118247331914523345020, 18574036641424215185486358276400202836529641146952834379424683438219702422494709483991487140069501, 111444219848545291112918149658401217019177846881717006276548100629318214534968256903948922840416382, 668665319091271746677508897950407302115067081290302037659288603775909287209809541423693537042497663, 4011991914547630480065053387702443812690402487741812225955731622655455723258857248542161222254985344, 24071951487285782880390320326214662876142414926450873355734389735932734339553143491252967333529911425, 144431708923714697282341921957287977256854489558705240134406338415596406037318860947517804001179467906, 866590253542288183694051531743727863541126937352231440806438030493578436223913165685106824007076806787, 5199541521253729102164309190462367181246761624113388644838628182961470617343478994110640944042460840068, 31197249127522374612985855142774203087480569744680331869031769097768823704060873964663845664254765039749, 187183494765134247677915130856645218524883418468081991214190614586612942224365243787983073985528590237830, 1123100968590805486067490785139871311149300510808491947285143687519677653346191462727898443913171541426311, 6738605811544832916404944710839227866895803064850951683710862125118065920077148776367390663479029248557192, 40431634869268997498429668265035367201374818389105710102265172750708395520462892658204343980874175491342473, 242589809215613984990578009590212203208248910334634260613591036504250373122777355949226063885245052948054154, 1455538855293683909943468057541273219249493462007805563681546219025502238736664135695356383311470317688324235, 8733233131762103459660808345247639315496960772046833382089277314153013432419984814172138299868821906129944716, 52399398790572620757964850071485835892981764632281000292535663884918080594519908885032829799212931436779667597, 314396392743435724547789100428915015357890587793686001755213983309508483567119453310196978795277588620678004878, 1886378356460614347286734602573490092147343526762116010531283899857050901402716719861181872771665531724068028559, 11318270138763686083720407615440940552884061160572696063187703399142305408416300319167091236629993190344408170640, 67909620832582116502322445692645643317304366963436176379126220394853832450497801915002547419779959142066449023121, 407457724995492699013934674155873859903826201780617058274757322369122994702986811490015284518679754852398694138002, 2444746349972956194083608044935243159422957210683702349648543934214737968217920868940091707112078529114392164827283, 14668478099837737164501648269611458956537743264102214097891263605288427809307525213640550242672471174686352988962964, 88010868599026422987009889617668753739226459584613284587347581631730566855845151281843301456034827048118117933777045, 528065211594158537922059337706012522435358757507679707524085489790383401135070907691059808736208962288708707602661526, 3168391269564951227532356026236075134612152545046078245144512938742300406810425446146358852417253773732252245615968407, 19010347617389707365194136157416450807672915270276469470867077632453802440862552676878153114503522642393513473695809688, 114062085704338244191164816944498704846037491621658816825202465794722814645175316061268918687021135854361080842174857369, 684372514226029465146988901666992229076224949729952900951214794768336887871051896367613512122126815126166485053049143450, 4106235085356176790881933410001953374457349698379717405707288768610021327226311378205681072732760890756998910318294859931, 24637410512137060745291600460011720246744098190278304434243732611660127963357868269234086436396565344541993461909769158812, 147824463072822364471749602760070321480464589141669826605462395669960767780147209615404518618379392067251960771458614952093, 886946778436934186830497616560421928882787534850018959632774374019764606680883257692427111710276352403511764628751689711774, 5321680670621605120982985699362531573296725209100113757796646244118587640085299546154562670261658114421070587772510138269855, 31930084023729630725897914196175189439780351254600682546779877464711525840511797276927376021569948686526423526635060829618336, 191580504142377784355387485177051136638682107527604095280679264788269155043070783661564256129419692119158541159810364977709217, 1149483024854266706132324911062306819832092645165624571684075588729614930258424701969385536776518152714951246958862189866254498, 6896898149125600236793949466373840918992555870993747430104453532377689581550548211816313220659108916289707481753173139197526179, 41381388894753601420763696798243045513955335225962484580626721194266137489303289270897879323954653497738244890519038835185156260, 248288333368521608524582180789458273083732011355774907483760327165596824935819735625387275943727920986429469343114233011110936741, 1489730000211129651147493084736749638502392068134649444902561962993580949614918413752323655662367525918576816058685398066665619622, 8938380001266777906884958508420497831014352408807896669415371777961485697689510482513941933974205155511460896352112388399993716903, 53630280007600667441309751050522986986086114452847380016492230667768914186137062895083651603845230933068765378112674330399962300584, 321781680045604004647858506303137921916516686717084280098953384006613485116822377370501909623071385598412592268676045982399773802665, 1930690080273624027887151037818827531499100120302505680593720304039680910700934264223011457738428313590475553612056275894398642815146, 11584140481641744167322906226912965188994600721815034083562321824238085464205605585338068746430569881542853321672337655366391856890027, 69504842889850465003937437361477791133967604330890204501373930945428512785233633512028412478583419289257119930034025932198351141339308, 417029057339102790023624624168866746803805625985341227008243585672571076711401801072170474871500515735542719580204155593190106848034989, 2502174344034616740141747745013200480822833755912047362049461514035426460268410806433022849229003094413256317481224933559140641088209070, 15013046064207700440850486470079202884937002535472284172296769084212558761610464838598137095374018566479537904887349601354843846529253551, 90078276385246202645102918820475217309622015212833705033780614505275352569662789031588822572244111398877227429324097608129063079175520432, 540469658311477215870617512922851303857732091277002230202683687031652115417976734189532935433464668393263364575944585648774378475053121713, 3242817949868863295223705077537107823146392547662013381216102122189912692507860405137197612600788010359580187455667513892646270850318729394, 19456907699213179771342230465222646938878355285972080287296612733139476155047162430823185675604728062157481124734005083355877625101912375475, 116741446195279078628053382791335881633270131715832481723779676398836856930282974584939114053628368372944886748404030500135265750611474251956, 700448677171674471768320296748015289799620790294994890342678058393021141581697847509634684321770210237669320490424183000811594503668845510837, 4202692063030046830609921780488091738797724741769969342056068350358126849490187085057808105930621261426015922942545098004869567022013073064118, 25216152378180280983659530682928550432786348450619816052336410102148761096941122510346848635583727568556095537655270588029217402132078438383799, 151296914269081685901957184097571302596718090703718896314018460612892566581646735062081091813502365411336573225931623528175304412792470630301880, 907781485614490115411743104585427815580308544222313377884110763677355399489880410372486550881014192468019439355589741169051826476754823781810361, 5446688913686940692470458627512566893481851265333880267304664582064132396939282462234919305286085154808116636133538447014310958860528942690861242, 32680133482121644154822751765075401360891107592003281603827987492384794381635694773409515831716510928848699816801230682085865753163173656145166523, 196080800892729864928936510590452408165346645552019689622967924954308766289814168640457094990299065573092198900807384092515194518979041936870998204, 1176484805356379189573619063542714448992079873312118137737807549725852597738885011842742569941794393438553193404844304555091167113874251621225988285, 7058908832138275137441714381256286693952479239872708826426845298355115586433310071056455419650766360631319160429065827330547002683245509727355928766, 42353452992829650824650286287537720163714875439236252958561071790130693518599860426338732517904598163787914962574394963983282016099473058364135571647, 254120717956977904947901717725226320982289252635417517751366430740784161111599162558032395107427588982727489775446369783899692096596838350184813428928, 1524724307741867429687410306351357925893735515812505106508198584444704966669594975348194370644565533896364938652678218703398152579581030101108880572609, 9148345846451204578124461838108147555362413094875030639049191506668229800017569852089166223867393203378189631916069312220388915477486180606653283434690, 54890075078707227468746771028648885332174478569250183834295149040009378800105419112534997343204359220269137791496415873322333492864917083639919700607171, 329340450472243364812480626171893311993046871415501103005770894240056272800632514675209984059226155321614826748978495239934000957189502501839518203642052, 1976042702833460188874883757031359871958281228493006618034625365440337636803795088051259904355356931929688960493870971439604005743137015011037109221851333, 11856256217000761133249302542188159231749687370958039708207752192642025820822770528307559426132141591578133762963225828637624034458822090066222655331107014, 71137537302004566799495815253128955390498124225748238249246513155852154924936623169845356556792849549468802577779354971825744206752932540397335931986641095]
Predicted:    
[1, 7, 38, 219, 1300, 7781, 46662, 279943, 1679624, 10077705, 60466186, 362797067, 2176782348, 13060694102, 78364164627, 470184987778, 2821109926685, 16926659560128, 101559957360787, 609359744164742, 3656158464988473, 21936950789930860, 131621704739585183, 789730228437511122, 4738381370625066757, 28430288223750400568, 170581729342502403435, 1023490376055014420638, 6140942256330086523857, 36845653537980519143172, 221073921227883114859063, 1326443527367298689154410, 7958661164203792134926493, 47751966985222752809558992, 286511801911336516857353987, 1719070811468019101144123958, 10314424868808114606864743785, 61886549212848687641188462748, 371319295277092125847130776527, 2227915771662552755082784659202, 13367494629975316530496707955253, 80204967779851899182980247731560, 481229806679111395097881486389403, 2887378840074668370587288918336462, 17324273040448010223523733510018817, 103945638242688061341142401060112948, 623673829456128368046854406360677735, 3742042976736770208281126438164066458, 22452257860420621249686758628984398797, 134713547162523727498120551773906392832, 808281282975142364988723310643438357043, 4849687697850854189932339863860630142310, 29098126187105125139594039183163780853913, 174588757122630750837564235098982685123532, 1047532542735784505025385410593896110741247, 6285195256414707030152312463563376664447538, 37711171538488242180913874781380259986685285, 226267029230929453085483248688281559920111768, 1357602175385576718512899492129689359520670667, 8145613052313460311077396952778136157124024062, 48873678313880761866464381716668816942744144433, 293242069883284571198786290300012901656464866660, 1759452419299707427192717741800077409938789200023, 10556714515798244563156306450800464459632735200202, 63340287094789467378937838704802786757796411201277, 380041722568736804273627032228816720546778467207728, 2280250335412420825641762193372900323280670803246435, 13681502012474524953850573160237401939684024819478678, 82089012074847149723103438961424411638104148916872137, 492534072449082898338620633768546469828624893501232892, 2955204434694497390031723802611278818971749361007397423, 17731226608166984340190342815667672913830496166044384610, 106387359649001906041142056894006037482982976996266307733, 638324157894011436246852341364036224897897861977597846472, 3829944947364068617481114048184217349387387171865587078907, 22979669684184411704886684289105304096324323031193522473518, 137878018105106470229320105734631824577945938187161134841185, 827268108630638821375920634407790947467675629122966809047188, 4963608651783832928255523806446745684806053774737800854283207, 29781651910702997569533142838680474108836322648426805125699322, 178689911464217985417198857032082844653017935890560830754196013, 1072139468785307912503193142192497067918107615343364984525176160, 6432836812711847475019158853154982407508645692060189907151057043, 38597020876271084850114953118929894445051874152361139442906342342, 231582125257626509100689718713579366670311244914166836657438054137, 1389492751545759054604138312281476200021867469485001019944628324908, 8336956509274554327624829873688857200131204816910006119667769949535, 50021739055647325965748979242133143200787228901460036718006619697298, 300130434333883955794493875452798859204723373408760220308039718183877, 1800782606003303734766963252716793155228340240452561321848238309103352, 10804695636019822408601779516300758931370041442715367931089429854620203, 64828173816118934451610677097804553588220248656292207586536579127721310, 388969042896713606709664062586827321529321491937753245519219474766327953, 2333814257380281640257984375520963929175928951626519473115316848597967812, 14002885544281689841547906253125783575055573709759116838691901091587806967, 84017313265690139049287437518754701450333442258554701032151406549526841898, 504103879594140834295724625112528208702000653551328206192908439297161051485, 3024623277564845005774347750675169252212003921307969237157450635782966309008, 18147739665389070034646086504051015513272023527847815422944703814697797854147, 108886437992334420207876519024306093079632141167086892537668222888186787124982, 653318627954006521247259114145836558477792847002521355226009337329120722749993, 3919911767724039127483554684875019350866757082015128131356056023974724336500060, 23519470606344234764901328109250116105200542492090768788136336143848346019000463, 141116823638065408589407968655500696631203254952544612728818016863090076114002882, 846700941828392451536447811933004179787219529715267676372908101178540456684017397, 5080205650970354709218686871598025078723317178291606058237448607071242740104104488, 30481233905822128255312121229588150472339903069749636349424691642427456440624627035, 182887403434932769531872727377528902834039418418497818096548149854564738643747762318, 1097324420609596617191236364265173417004236510510986908579288899127388431862486574017, 6583946523657579703147418185591040502025419063065921451475733394764330591174919444212, 39503679141945478218884509113546243012152514378395528708854400368585983547049516665383, 237022074851672869313307054681277458072915086270373172253126402211515901282297099992410, 1422132449110037215879842328087664748437490517622239033518758413269095407693782599954573, 8532794694660223295279053968525988490624943105733434201112550479614572446162695599727552, 51196768167961339771674323811155930943749658634400605206675302877687434676976173598365427, 307180609007768038630045942866935585662497951806403631240051817266124608061857041590192678, 1843083654046608231780275657201613513974987710838421787440310903596747648371142249541156185, 11058501924279649390681653943209681083849926265030530724641865421580485890226853497246937228, 66351011545677896344089923659258086503099557590183184347851192529482915341361120983481623487, 398106069274067378064539541955548519018597345541099106087107155176897492048166725900889741042, 2388636415644404268387237251733291114111584073246594636522642931061384952289000355405338446373, 14331818493866425610323423510399746684669504439479567819135857586368309713734002132432030678360, 85990910963198553661940541062398480108017026636877406914815145518209858282404012794592184070283, 515945465779191321971643246374390880648102159821264441488890873109259149694424076767553104421822, 3095672794675147931829859478246345283888612958927586648933345238655554898166544460605318626531057, 18574036768050887590979156869478071703331677753565519893600071431933329388999266763631911759186468, 111444220608305325545874941216868430219990066521393119361600428591599976333995600581791470555118935, 668665323649831953275249647301210581319940399128358716169602571549599858003973603490748823330713738, 4011991941898991719651497883807263487919642394770152297017615429297599148023841620944492939984282557, 24071951651393950317908987302843580927517854368620913782105692575785594888143049725666957639905695472, 144431709908363701907453923817061485565107126211725482692634155454713569328858298354001745839434172963, 866590259450182211444723542902368913390642757270352896155804932728281415973149790124010475036605037910, 5199541556701093268668341257414213480343856543622117376934829596369688495838898740744062850219630227593, 31197249340206559612010047544485280882063139261732704261608977578218130975033392444464377101317781365692, 187183496041239357672060285266911685292378835570396225569653865469308785850200354666786262607906688194287, 1123100976247436146032361711601470111754273013422377353417923192815852715101202128000717575647440129165858, 6738605857484616876194170269608820670525638080534264120507539156895116290607212768004305453884640774995285, 40431635144907701257165021617652924023153828483205584723045234941370697743643276608025832723307844649971848, 242589810869446207542990129705917544138922970899233508338271409648224186461859659648154996339847067899831227, 1455538865216677245257940778235505264833537825395401050029628457889345118771157957888929978039082407398987502, 8733233191300063471547644669413031589001226952372406300177770747336070712626947747333579868234494444393925153, 52399399147800380829285868016478189534007361714234437801066624484016424275761686484001479209406966666363551060, 314396394886802284975715208098869137204044170285406626806399746904098545654570118904008875256441799998181306503, 1886378369320813709854291248593214823224265021712439760838398481424591273927420713424053251538650799989087839162, 11318270215924882259125747491559288939345590130274638565030390888547547643564524280544319509231904799934527035117, 67909621295549293554754484949355733636073540781647831390182345331285285861387145683265917055391428799607162210848, 407457727773295761328526909696134401816441244689886988341094071987711715168322874099595502332348572797642973265235, 2444746366639774567971161458176806410898647468139321930046564431926270291009937244597573013994091436785857839591558, 14668478199838647407826968749060838465391884808835931580279386591557621746059623467585438083964548620715147037549497, 88010869199031884446961812494365030792351308853015589481676319549345730476357740805512628503787291724290882225297132, 528065215194191306681770874966190184754107853118093536890057917296074382858146444833075771022723750345745293351782943, 3168391291165147840090625249797141108524647118708561221340347503776446297148878668998454626136342502074471760110697810, 19010347746990887040543751498782846651147882712251367328042085022658677782893272013990727756818055012446830560664187013, 114062086481945322243262508992697079906887296273508203968252510135952066697359632083944366540908330074680983363985122232, 684372518891671933459575053956182479441323777641049223809515060815712400184157792503666199245449980448085900183910733547, 4106235113350031600757450323737094876647942665846295342857090364894274401104946755021997195472699882688515401103464401438, 24637410680100189604544701942422569259887655995077772057142542189365646406629680530131983172836199296131092406620786408785, 147824464080601137627268211654535415559325935970466632342855253136193878439778083180791899037017195776786554439724718452868, 886946784483606825763609269927212493355955615822799794057131518817163270638668499084751394222103174660719326638348310717367, 5321680706901640954581655619563274960135733694936798764342789112902979623832010994508508365332619047964315959830089864304362, 31930084241409845727489933717379649760814402169620792586056734677417877742992065967051050191995714287785895758980539185826333, 191580505448459074364939602304277898564886413017724755516340408064507266457952395802306301151974285726715374553883235114958160, 1149483032690754446189637613825667391389318478106348533098042448387043598747714374813837806911845714360292247323299410689749123, 6896898196144526677137825682954004348335910868638091198588254690322261592486286248883026841471074286161753483939796464138494902, 41381389176867160062826954097724026090015465211828547191529528141933569554917717493298161048826445716970520903638778784830969577, 248288335061202960376961724586344156540092791270971283149177168851601417329506304959788966292958674301823125421832672708985817628, 1489730010367217762261770347518064939240556747625827698895063013109608503977037829758733797757752045810938752530996036253914905935, 8938380062203306573570622085108389635443340485754966193370378078657651023862226978552402786546512274865632515185976217523489435778, 53630280373219839441423732510650337812660042914529797160222268471945906143173361871314416719279073649193795091115857305140936614837, 321781682239319036648542395063902026875960257487178782961333610831675436859040171227886500315674441895162770546695143830845619689192, 1930690093435914219891254370383412161255761544923072697768001664990052621154241027367319001894046651370976623280170862985073718135323, 11584140560615485319347526222300472967534569269538436186608009989940315726925446164203914011364279908225859739681025177910442308812110, 69504843363692911916085157333802837805207415617230617119648059939641894361552676985223484068185679449355158438086151067462653852872833, 417029060182157471496510944002817026831244493703383702717888359637851366169316061911340904409114076696130950628516906404775923117237172, 2502174361092944828979065664016902160987466962220302216307330157827108197015896371468045426454684460176785703771101438428655538703423207, 15013046166557668973874393984101412965924801773321813297843980946962649182095378228808272558728106761060714222626608630571933232220539418, 90078276999346013843246363904608477795548810639930879787063885681775895092572269372849635352368640566364285335759651783431599393323236685, 540469661996076083059478183427650866773292863839585278722383314090655370555433616237097812114211843398185712014557910700589596359939420288, 3242817971976456498356869100565905200639757183037511672334299884543932223332601697422586872685271060389114272087347464203537578159636521907, 19456907831858738990141214603395431203838543098225070034005799307263593339995610184535521236111626362334685632524084785221225468957819131622, 116741446991152433940847287620372587223031258589350420204034795843581560039973661107213127416669758174008113795144508711327352813746914789913, 700448681946914603645083725722235523338187551536102521224208775061489360239841966643278764500018549044048682770867052267964116882481488739660, 4202692091681487621870502354333413140029125309216615127345252650368936161439051799859672587000111294264292096625202313607784701294888932438143, 25216152550088925731223014126000478840174751855299690764071515902213616968634310799158035522000667765585752579751213881646708207769333594629042, 151296915300533554387338084756002873041048511131798144584429095413281701811805864794948213132004006593514515478507283289880249246616001567774437, 907781491803201326324028508536017238246291066790788867506574572479690210870835188769689278792024039561087092871043699739281495479696009406646808, 5446688950819207957944171051216103429477746400744733205039447434878141265225011132618135672752144237366522557226262198435688972878176056439881035, 32680133704915247747665026307296620576866478404468399230236684609268847591350066795708814036512865424199135343357573190614133837269056338639286398, 196080802229491486485990157843779723461198870426810395381420107655613085548100400774252884219077192545194812060145439143684803023614338031835718577, 1176484813376948918915940947062678340767193222560862372288520645933678513288602404645517305314463155271168872360872634862108818141686028191014311652, 7058908880261693513495645682376070044603159335365174233731123875602071079731614427873103831886778931627013234165235809172652908850116169146085870103, 42353453281570161080973874094256420267618956012191045402386743253612426478389686567238622991320673589762079404991414855035917453100697014876515220810, 254120719689420966485843244565538521605713736073146272414320459521674558870338119403431737947924041538572476429948489130215504718604182089259091325053, 1524724318136525798915059467393231129634282416438877634485922757130047353222028716420590427687544249231434858579690934781293028311625092535554547950512, 9148345908819154793490356804359386777805694498633265806915536542780284119332172298523542566125265495388609151478145608687758169869750555213327287703267, 54890075452914928760942140826156320666834166991799594841493219256681704715993033791141255396751592972331654908868873652126549019218503331279963726219798, 329340452717489572565652844956937924001005001950797569048959315540090228295958202746847532380509557833989929453213241912759294115311019987679782357318985, 1976042716304937435393917069741627544006030011704785414293755893240541369775749216481085194283057347003939576719279451476555764691866119926078694143914108, 11856256297829624612363502418449765264036180070228712485762535359443248218654495298886511165698344082023637460315676708859334588151196719556472164863484847, 71137537786977747674181014510698591584217080421372274914575212156659489311926971793319066994190064492141824761894060253156007528907180317338832989180909282]
len(predicted_full) = 200, len(input_sequence + seq_pred) = 200
is_manual_check: False
