test results being evaluated: data/test_linrec15.tsv
csv file used: ../linear_database_newbl.csv
The sequence ID inspected: A228706
csv results file used: ../linear_database_newbl.csv
Results we are looking at now:
('Could you give me a recursive equation in a form of a Python code for the following number sequence: 1,1,1,5,11,14,18,30,45,55,67,91,119,140,164', 'Certainly, the Python code is the following: lambda a_n: n + a_n[-4] + n + a_n[-4]')

Experiment type: Evaluation of the results of llms.
Ground truth: 
[1, 1, 1, 5, 11, 14, 18, 30, 45, 55, 67, 91, 119, 140, 164, 204, 249, 285, 325, 385, 451, 506, 566, 650, 741, 819, 903, 1015, 1135, 1240, 1352, 1496, 1649, 1785, 1929, 2109, 2299, 2470, 2650, 2870, 3101, 3311, 3531, 3795, 4071, 4324, 4588, 4900, 5225, 5525, 5837, 6201, 6579, 6930, 7294, 7714, 8149, 8555, 8975, 9455, 9951, 10416, 10896, 11440, 12001, 12529, 13073, 13685, 14315, 14910, 15522, 16206, 16909, 17575, 18259, 19019, 19799, 20540, 21300, 22140, 23001, 23821, 24661, 25585, 26531, 27434, 28358, 29370, 30405, 31395, 32407, 33511, 34639, 35720, 36824, 38024, 39249, 40425, 41625, 42925, 44251, 45526, 46826, 48230, 49661, 51039, 52443, 53955, 55495, 56980, 58492, 60116, 61769, 63365, 64989, 66729, 68499, 70210, 71950, 73810, 75701, 77531, 79391, 81375, 83391, 85344, 87328, 89440, 91585, 93665, 95777, 98021, 100299, 102510, 104754, 107134, 109549, 111895, 114275, 116795, 119351, 121836, 124356, 127020, 129721, 132349, 135013, 137825, 140675, 143450, 146262, 149226, 152229, 155155, 158119, 161239, 164399, 167480, 170600, 173880, 177201, 180441, 183721, 187165, 190651, 194054, 197498, 201110, 204765, 208335, 211947, 215731, 219559, 223300, 227084, 231044, 235049, 238965, 242925, 247065, 251251, 255346, 259486, 263810, 268181, 272459, 276783, 281295, 285855, 290320, 294832, 299536, 304289, 308945, 313649, 318549, 323499, 328350, 333250, 338350]
Predicted:    
[1, 1, 1, 5, 11, 14, 18, 30, 45, 55, 67, 91, 119, 140, 164, 212, 270, 314, 364, 462, 580, 670, 772, 970, 1208, 1390, 1596, 1994, 2472, 2838, 3252, 4050, 5008, 5742, 6572, 8170, 10088, 11558, 13220, 16418, 20256, 23198, 26524, 32922, 40600, 46486, 53140, 65938, 81296, 93070, 106380, 131978, 162696, 186246, 212868, 264066, 325504, 372606, 425852, 528250, 651128, 745334, 851828, 1056626, 1302384, 1490798, 1703788, 2113386, 2604904, 2981734, 3407716, 4226914, 5209952, 5963614, 6815580, 8453978, 10420056, 11927382, 13631316, 16908114, 20840272, 23854926, 27262796, 33816394, 41680712, 47710022, 54525764, 67632962, 83361600, 95420222, 109051708, 135266106, 166723384, 190840630, 218103604, 270532402, 333446960, 381681454, 436207404, 541065002, 666894120, 763363110, 872415012, 1082130210, 1333788448, 1526726430, 1744830236, 2164260634, 2667577112, 3053453078, 3489660692, 4328521490, 5335154448, 6106906382, 6979321612, 8657043210, 10670309128, 12213812998, 13958643460, 17314086658, 21340618496, 24427626238, 27917287164, 34628173562, 42681237240, 48855252726, 55834574580, 69256347378, 85362474736, 97710505710, 111669149420, 138512695018, 170724949736, 195421011686, 223338299108, 277025390306, 341449899744, 390842023646, 446676598492, 554050780890, 682899799768, 781684047574, 893353197268, 1108101562066, 1365799599824, 1563368095438, 1786706394828, 2216203124426, 2731599199944, 3126736191174, 3573412789956, 4432406249154, 5463198400192, 6253472382654, 7146825580220, 8864812498618, 10926396800696, 12506944765622, 14293651160756, 17729624997554, 21852793601712, 25013889531566, 28587302321836, 35459249995434, 43705587203752, 50027779063462, 57174604644004, 70918499991202, 87411174407840, 100055558127262, 114349209288348, 141836999982746, 174822348816024, 200111116254870, 228698418577044, 283673999965842, 349644697632400, 400222232510094, 457396837154444, 567347999932042, 699289395265160, 800444465020550, 914793674309252, 1134695999864450, 1398578790530688, 1600888930041470, 1829587348618876, 2269391999729274, 2797157581061752, 3201777860083318, 3659174697238132, 4538783999458930, 5594315162123888, 6403555720167022, 7318349394476652, 9077567998918250, 11188630324248168, 12807111440334438, 14636698788953700, 18155135997836898]
len(predicted_full) = 200, len(input_sequence + seq_pred) = 200
is_manual_check: False
