test results being evaluated: data/test_linrec15.tsv
csv file used: ../linear_database_newbl.csv
The sequence ID inspected: A232600
csv results file used: ../linear_database_newbl.csv
Results we are looking at now:
('Could you give me a recursive equation in a form of a Python code for the following number sequence: 0,-2,6,-18,46,-114,270,-626,1422,-3186,7054,-15474,33678,-72818,156558', 'Certainly, the Python code is the following: lambda a_n: -10 // -6 + 1 // a_n[-2] - 2 * a_n[-1] - 9 - n // 8')

Experiment type: Evaluation of the results of llms.
Ground truth: 
[0, -2, 6, -18, 46, -114, 270, -626, 1422, -3186, 7054, -15474, 33678, -72818, 156558, -334962, 713614, -1514610, 3203982, -6757490, 14214030, -29826162, 62448526, -130489458, 272163726, -566697074, 1178133390, -2445745266, 5070447502, -10498808946, 21713445774, -44858547314, 92580406158, -190887435378, 393228116878, -809362726002, 1664538436494, -3420702841970, 7024657621902, -14415819119730, 29564645991310, -60595307486322, 124122645980046, -254109353974898, 519946831979406, -1063349912018034, 2173612320154510, -4441049632545906, 9069749249565582, -18514798468078706, 37780196874052494, -77061593623895154, 157125586999370638, -320255973501901938, 652521546010125198, -1329062290032893042, 2706162976091071374, -5508402744232713330, 11208959072566567822, -22802225313335417970, 46373064963075400590, -94283358598959930482, 191641174543538119566, -389431263778312756338, 791160356939098547086, -1606916372643143162994, 3263024062816178463630, -6624430760692141202546, 13445626791503850955662, -27284784123246839012466, 55356629326971952227214, -112287380814900452858994, 227723005951714002527118, -461742500547254198672498, 936077978382160784581518, -1897341911339626343636082, 3845055731829862236218254, -7790855281960943570328690, 15783198200524325336441742, -31969371674253527064452210, 64744693894916806912041870, -131101288882653119390358642, 265426379950945249913267086, -537300364273168522091633778, 1087495937288893088713466766, -2200782292062898266487331954, 4453145419096020711095460750, -9009452508132489778432515186, 18225228356145876269348217742, -36863103392053545963662810226, 74551500143630678777258369934, -150753587006308531254382238834, 304808347450711409908495475598, -616219041777611514616452947058, 1245642777307600418831829885838, -2517694942119955616861507755122, 5088208659249420792118711477134, -10282054868517860701028814888050, 20775384837073759635640413643662, -41973319874223595738446395022450, 84791740148599344411223925515150, -171273681097502994691110121970802, 345927763795614601119544785822606, -698616330792446425713738655407218, 1410754267987327298376775478338446, -2848551748779523490652147291724914, 5751189923168784769101487253545870, -11610552697557045113797359847283826, 23437451097553041378783490374951822, -47307593599983985059944522110671986, 95480570009723774724644126942880654, -192691905638959158658798419328834674, 388845342516941535736617169543816078, -784613747511929508311275000859925618, 1583073619979951890298631325264438158, -3193839489872089527949425297618050162, 6443063479568550550603175889414448014, -12996895958785844090615002367185591410, 26215329916869174160047305911084573582, -52873735832333320277729214175595928690, 106633623661856584470727633058045420430, -215039551318093056771993675529797966962, 433623710624945889205064169887010186126, -874336637227411329732281977428848876658, 1762851706409861762108871230167354762126, -3554060276729801729506357010954023541874, 7164834281279759869589943123146675118990, -14443096018199832560334344448770606308466, 29113046947680290762977605302495724757902, -58679803717921832810573043414900473797746, 118267027080966168190381752449618996159374, -238348893452177341519234836138874089446514, 480327465484844693315412334757020373148558, -967914288130669407184709994472585134808178, 1950347290583298855477190638862259046638478, -3929732009810517793169922577558695647321202, 7917538876908875750770927754785746402730894, -15951227468393431830404020708908203021638770, 32134754365938224318532371816489826475631502, -64734107590179169952513404430326493815970930, 130397412896963782535924130455346669361357710, -262653221227138450333642904100080702181547122, 529023233320698671190875094578936131280757646, -1065480048374240883428928761915421716396842098, 2145827260214168848952214669345942340464337806, -4321388847359711862093143629722082496269982834, 8702246348582172052563715841504560623222580110, -17523430004889840761882288847129912507810389106, 35284734625230674837274292022501407538351235982, -71045218481363336301568012701485980122163387506, 143041935424530645857174882715938290335248606094, -287986867772669238222427480057809240852340874354, 579779729392554369461010389367483802068369073038, -1167171446479540524954331637238698244864112794738, 2349566868347944621973284991484857771182974886798, -4729581687473616388075813416984638105275448368242, 9520059276502687064410113701999121336369893925774, -19161910356116282705337201140057932924377782230130, 38567404318454382563708349752235246352031553217422, -77621975849352399433484594448709253710615083949170, 156218286123592067479104978785896029434334122926990, -314385241096958672182481537348747102894876155911282, 632667819893466418813506234251404293842168131937166, -1273130315186030986524098787610628763789167904103538, 2561849981170258270842370213436897879787999088665486, -5154878663936909137273085703305076463995324738247794, 10372114731066603465722861959472714336829302598329230, -20868944268518777313799105024670551491335911440325746, 41987318149808695392304972260791348618026435367986062, -84473495525159672314023468944483188506762095710641266, 169944709501403907686873986734767359554942641370620814, -341884855904976941491402071161136684192722182639918194, 687760585614292135218112337705477298551118165077189518, -1383502918837260774906841066177362457433583929749085298, 2782969332891874558754914913887540635529863058687583118, -5597865656218455135392295390840712712385116515753991282, 11259585293306322306549521907812688307421013828265632654, -22646878548351468684628906067887902380143589250046565490, 45549173020180585512317536640300856290890301687123731342, -91609177887316467310754522289651815642986849748308663410, 184240019468543527193747942597403837408386192244739728270, -370523366324908239531973681231008087061597369985724259442, 745133387425458849352902954534416998612844710963938124686, -1498440084402202439283717093213635646204989363912855460978, 3013226787906974359723256554716874590368578611795669345166, -6059146814019087681758157846012955776654356991531255536754, 12183680104448453288139605165184324745143113518942344766350, -24498133161717462425525789276685475873955026109644356918386, 49257812229076036549544736446004604515247650362808048608142, -99038716269434296496075788677276514565170497012654766759026, 199123616161433039786124208925087640199691386599386872603534, -400339599567994973160193680991244502538083558346928423378034, 804863933626247733496277888264627449353568686990166203097998, -1618097336233011041344336829093531787261940514572951118879858, 3252933610427053231392235763315617351633487310331139663127438, -6539345096776168760191595736888342257486187183032754176990322, 13145645945396462115197439894290899623410799490806458055451534, -26425203394481173420023376629610229463698449231094815513844850, 53118229796338845219303746941277319361150598961153429833573262, -106772105607430687197121481246668359589808598920234457278913650]
Predicted:    
[0, -2, 6, -18, 46, -114, 270, -626, 1422, -3186, 7054, -15474, 33678, -72818, 156558, -313126, 626242, -1252495, 2504980, -5009971, 10019932, -20039875, 40079740, -80159491, 160318971, -320637954, 641275897, -1282551806, 2565103601, -5130207214, 10260414417, -20520828846, 41041657680, -82083315373, 164166630734, -328333261481, 656666522950, -1313333045913, 2626666091814, -5253332183641, 10506664367269, -21013328734552, 42026657469091, -84053314938196, 168106629876379, -336213259752772, 672426519505531, -1344853039011076, 2689706078022138, -5379412156044291, 10758824312088568, -21517648624177151, 43035297248354288, -86070594496708591, 172141188993417168, -344282377986834351, 688564755973668687, -1377129511947337390, 2754259023894674765, -5508518047789349546, 11017036095578699077, -22034072191157398170, 44068144382314796325, -88136288764629592666, 176272577529259185316, -352545155058518370649, 705090310117036741282, -1410180620234073482581, 2820361240468146965146, -5640722480936293930309, 11281444961872587860602, -22562889923745175721221, 45125779847490351442425, -90251559694980702884868, 180503119389961405769719, -361006238779922811539456, 722012477559845623078895, -1444024955119691246157808, 2888049910239382492315599, -5776099820478764984631216, 11552199640957529969262414, -23104399281915059938524847, 46208798563830119877049676, -92417597127660239754099371, 184835194255320479508198724, -369670388510640959016397467, 739340777021281918032794916, -1478681554042563836065589851, 2957363108085127672131179683, -5914726216170255344262359386, 11829452432340510688524718753, -23658904864681021377049437526, 47317809729362042754098875033, -94635619458724085508197750086, 189271238917448171016395500153, -378542477834896342032791000326, 757084955669792684065582000632, -1514169911339585368131164001285, 3028339822679170736262328002550, -6056679645358341472524656005121, 12113359290716682945049312010222, -24226718581433365890098624020465, 48453437162866731780197248040910, -96906874325733463560394496081841, 193813748651466927120788992163661, -387627497302933854241577984327344, 775254994605867708483155968654667, -1550509989211735416966311937309356, 3101019978423470833932623874618691, -6202039956846941667865247749237404, 12404079913693883335730495498474787, -24808159827387766671460990996949596, 49616319654775533342921981993899170, -99232639309551066685843963987798363, 198465278619102133371687927975596704, -396930557238204266743375855951193431, 793861114476408533486751711902386840, -1587722228952817066973503423804773703, 3175444457905634133947006847609547384, -6350888915811268267894013695219094791, 12701777831622536535788027390438189559, -25403555663245073071576054780876379142, 50807111326490146143152109561752758261, -101614222652980292286304219123505516546, 203228445305960584572608438247011033069, -406456890611921169145216876494022066162, 812913781223842338290433752988044132301, -1625827562447684676580867505976088264626, 3251655124895369353161735011952176529228, -6503310249790738706323470023904353058481, 13006620499581477412646940047808706116938, -26013240999162954825293880095617412233901, 52026481998325909650587760191234824467778, -104052963996651819301175520382469648935581, 208105927993303638602351040764939297871138, -416211855986607277204702081529878595742301, 832423711973214554409404163059757191484577, -1664847423946429108818808326119514382969180, 3329694847892858217637616652239028765938335, -6659389695785716435275233304478057531876696, 13318779391571432870550466608956115063753367, -26637558783142865741100933217912230127506760, 53275117566285731482201866435824460255013495, -106550235132571462964403732871648920510027016, 213100470265142925928807465743297841020054006, -426200940530285851857614931486595682040108039, 852401881060571703715229862973191364080216052, -1704803762121143407430459725946382728160432131, 3409607524242286814860919451892765456320864236, -6819215048484573629721838903785530912641728499, 13638430096969147259443677807571061825283456972, -27276860193938294518887355615142123650566913971, 54553720387876589037774711230284247301133827915, -109107440775753178075549422460568494602267655858, 218214881551506356151098844921136989204535311689, -436429763103012712302197689842273978409070623406, 872859526206025424604395379684547956818141246785, -1745719052412050849208790759369095913636282493598, 3491438104824101698417581518738191827272564987169, -6982876209648203396835163037476383654545129974366, 13965752419296406793670326074952767309090259948704, -27931504838592813587340652149905534618180519897437, 55863009677185627174681304299811069236361039794846, -111726019354371254349362608599622138472722079589721, 223452038708742508698725217199244276945444159179414, -446904077417485017397450434398488553890888318358857, 893808154834970034794900868796977107781776636717686, -1787616309669940069589801737593954215563553273435401, 3575232619339880139179603475187908431127106546870773, -7150465238679760278359206950375816862254213093741576, 14300930477359520556718413900751633724508426187483123, -28601860954719041113436827801503267449016852374966276, 57203721909438082226873655603006534898033704749932523, -114407443818876164453747311206013069796067409499865076, 228814887637752328907494622412026139592134818999730123, -457629775275504657814989244824052279184269637999460276, 915259550551009315629978489648104558368539275998920522, -1830519101102018631259956979296209116737078551997841075, 3661038202204037262519913958592418233474157103995682120, -7322076404408074525039827917184836466948314207991364271, 14644152808816149050079655834369672933896628415982728512, -29288305617632298100159311668739345867793256831965457055, 58576611235264596200318623337478691735586513663930914080, -117153222470529192400637246674957383471173027327861828191, 234306444941058384801274493349914766942346054655723656351, -468612889882116769602548986699829533884692109311447312734, 937225779764233539205097973399659067769384218622894625437, -1874451559528467078410195946799318135538768437245789250906, 3748903119056934156820391893598636271077536874491578501781, -7497806238113868313640783787197272542155073748983157003594, 14995612476227736627281567574394545084310147497966314007157, -29991224952455473254563135148789090168620294995932628014346, 59982449904910946509126270297578180337240589991865256028660, -119964899809821893018252540595156360674481179983730512057353, 239929799619643786036505081190312721348962359967461024114674, -479859599239287572073010162380625442697924719934922048229381, 959719198478575144146020324761250885395849439869844096458730, -1919438396957150288292040649522501770791698879739688192917493, 3838876793914300576584081299045003541583397759479376385834954, -7677753587828601153168162598090007083166795518958752771669941]
len(predicted_full) = 200, len(input_sequence + seq_pred) = 200
is_manual_check: False
