test results being evaluated: data/test_linrec15.tsv
csv file used: ../linear_database_newbl.csv
The sequence ID inspected: A238536
csv results file used: ../linear_database_newbl.csv
Results we are looking at now:
('Could you give me a recursive equation in a form of a Python code for the following number sequence: 1,12,68,504,3355,23256,158717,1089648,7463884,51170460,350695511,2403786672', 'Certainly, the Python code is the following: lambda a_n: a_n[-1] * 5 - n - n + a_n[-1]')

Experiment type: Evaluation of the results of llms.
Ground truth: 
[1, 12, 68, 504, 3355, 23256, 158717, 1089648, 7463884, 51170460, 350695511, 2403786672, 16475579353, 112925875764, 774003961940, 5305106018016, 36361727272627, 249227013404808, 1708227291909269, 11708364225400920, 80250321774226396, 550043889533755332, 3770056901455017263, 25840354429832925024, 177112424083337823025, 1213946614216463181276, 8320513875267148045412, 57029650513084910992968, 390887039715197971736779, 2679179627496257324813880, 18363370352750863258180781, 125864412841780049180140992, 862687519539656429953517548, 5912948223935953849944658284, 40527950048011656902357849735, 277782702112146596429013835536, 1903950964737012025830679602697, 13049874051046944109233468026628, 89445167392591579656530482050164, 613066297697094158208451525281840, 4202018916487067410718988452584291, 28801066117712378023353421250866152, 197405443907499577950251741221643333, 1353037041234784669729389470938085544, 9273853844735993104655035663514445820, 63563939871917167077256196145517115796, 435673725258684176398437768331373632607, 2986152136938872067810509553273439428288, 20467391233313420298016725560308410750049, 140285586496255070018983078630608969552300, 961531714240472069833093700613058066540676, 6590436413187049418817309689121762891228312, 45171523178068873861875934657097282296645243, 309610225833295067614346014445524247416529304, 2122100057654996599438462961322819346800749405, 14545090177751681128455112548695505454412407056, 99693531186606771299746754583040589114233338892, 683309628128495717969773662588222713230555557948, 4683473865712863254488664974664121248563504549559, 32101007431861547063450891393616183396637094747760, 220023578157317966189667547988852887573062954325561, 1508064039669364216264222014670187297109380080149972, 10336424699528231547659886371068754664663701327227028, 70846908857028256617354983063570372670628641554312064, 485591937299669564773824993815279725611989348800836115, 3328296652240658696799419976938560814551447009964031816, 22812484628384941312822114836127770780851436531962034677, 156359095746453930492955383898541287129660568070813775608, 1071701185596792572137865572394531756887413365081589052444, 7345549203431094074472103623017984005322058552789702053220, 50347143238420865949166859788326076779886878983460293277071, 345084453465514967569695914896325588961086621329101054553632, 2365244031020183907038704544483175218926598006848227009639313, 16211623763675772381701235896493173389081263290026879546131324, 111116122314710222764869946730949998994994874896556775292609700, 761601232439295786972388391220206665659268807502801619530937576, 5220092504760360286041848791810366161879376308199044499858220587, 35779046300883226215320553151452698117634510811645608992145003768, 245233231601422223221202023268357626209888273457478931168717346829, 1680853574909072336333093609727053027056467035676475671905526403680, 11520741792762084131110453244821007432522404005336385771296456998956, 78964338974425516581440079104020015050884408282216850967073554049292, 541229631028216531938970100483319055903479289099507157279380287445223, 3709643078223090206991350624279213486283754062745817864905198978309584, 25426271916533414917000484269471175060072137972997438466026019133895785, 174274260337510814212012039262019012688242911832276105075453304719196836, 1194493550446042284567083790564661911783573805777939515458648998046600372, 8187180592784785177757574494690614374964915345754247994267407659408414928, 56115770599047453959735937672269638699440463202153949752619748800261958339, 384623213600547392540393989211196856556541296689225992858318883417274921640, 2636246724604784293823021986806108357103610075175068069194661742513663954341, 18069103858632942664220759918431561643411521875258427692102917342524518746952, 123847480285825814355722297442214823146141403652914754104790898262726527848508, 848863258142147757825835322177072200381242429245580188853039350645509348481844, 5818195326709208490425124957797290579518198863813559726102401477201425834082495, 39878504028822311675150039382403961856257555703656663081344414246778762550132096, 273331332875046973235625150719030442414254829540413693122630651558261451914174657, 1873440826096506500974226015650809135043604429557140029751623043480002490097056588, 12840754449800498533583956958836633502890771503447233380935749809036891171123990724, 88011840322506983234113472696205625385192331937832592198433015254253879041446604600, 603242127807748384105210351914602744193454149205515949457395168911078196925616293851, 4134683054331731705502358990706013583968990385225114843093799341667804051684349569112, 28339539252514373554411302583027492343589468932053145547478501887189680573318770287293, 194242091713268883175376759090486432821157317312373995414327342700837058183938741533104, 1331355102740367808673226011050377537404511686350200690482318708857712301638623383573580, 9125243627469305777537205318262156329010424659678896142148314554953844230290920355003356, 62545350289544772634087211216784716765668460479686840523867144557028069204459961903756567, 428692208399344102661073273199230861030668799880734817562801502264965329341737889152851248, 2938300108505863945993425701177831310449013135589354624082792695154352296871215890819219609, 20139408551141703519292906635045588312112423157350448495977719587324908877565432384441075060, 138037559749486060689056920744141286874337948944642784271211278421735162398977323058037121236, 946123509695260721304105538573943419808253219510706342187190155124466362127795633210652938272, 6484827008117338988439681849273462651783434587484850709261602996164978817305142184592262137203, 44447665547126112197773667406340295142675788893264044027191892326124391890367029629219161785864, 304648831821765446395975989995108603346947087664366522169215575573708295376378025233914202382165, 2088094157205232012574058262559419928285953824759911621688367478320732076329578436995979279070616, 14312010268614858641622431847920830894654729685648181733368071815491718506213659203760571346549852, 98095977723098778478782964672886396334297153974795249790200939760029492264731772189272329336283908, 672359833793076590709858320862283943445425348137871732059381377872169840686928549351290175843483119, 4608422858828437356490225281363101207783680282990429489563127286712885857726142927379381266870455520, 31586600178005984904721718648679424511040336632794813684808191013647396654508927576745367154506587121, 216497778387213456976561805259392870369498676146574106719379507073863067785315408352405601062602651932, 1483897848532488213931210918167070668075450396393221733115066785323732181167148900527950615077674101988, 10170787161340204040541914621910101806158654098605983785378147412466203713349897928187110967851302687624, 69711612280848940069862191435203641975035128293848649683891568408297531170062173528612382594976922708875, 477810498804602376448493425424515392019087243958334603483491962104269060890780034943764035628330535656376, 3274961879351367695069591786536404102158575579414493471336305171039270418466533879630911905074211210742637, 22446922656654971489038649080330313323090941811943119966481756090358917751757854978641426716647181408589568, 153853496717233432728200951775775789159478017104187345585566898891190587670288621593799476822917083858385004, 1054527554363979057608368013350100210793255177917368300987282690003634600577529086452964898492633296504055980, 7227839383830619970530375141674925686393308228317390756469492558137555968634165042128984448567472293749154631, 49540348132450360736104257978374379593959902420304367007012127182093684718439109442518827346204942962598632592, 339554597543321905182199430706945731471326008713813178259332431194111650092445401294744074024749361533786307273, 2327341834670802975539291756970245740705322158576387880895450828778773199294083815668896988572668618303011810884, 15951838245152298923592842868084774453465929101320901987780698523973451331837920160003671685697164641910632457460, 109335525881395289489610608319623175433556181550669926034166677440284849029590615633460186994422154818572300833136, 749396842924614727503681415369277453581427341753368580249822452600555952570366835435291353886200672582269480960547, 5136442374590907803036159299265318999636435210722910135718684025034750973971746635601254758193039621831291157690728, 35205699779211739893749433679487955543873619133307002369770248710786732939510480958049391832901962721020663339888389, 241303456079891271453209876457150369807478898722426106452701114451769139224756986634729112965825984234387690978686440, 1653918492780027160278719701520564633108478671923675742799064096959562930693043704448824624367327186451686262522427516, 11336125993380298850497828034186802061951871804743304093140939873239977548826627741051747956393417257522362540886615252, 77698963460882064793206076537787049800554623961279452909187011544287895702433858814315526748583287546888019252047441183, 532556618232794154701944707730322546541930495924212866271169459042097638820988780168405887550311560842049322644146478144, 3650197364168677018120406877574470775992958847508210610988995750905860920894811905405376725625535048602707420266511328545, 25018824930947944972140903435290972885408781436633261410651809831727210426438943252337429124995999583339796525772131548396, 171481577152466937786865917169462339421868511208924619263573649418744301862338720473911182310321827212631936359476779907332, 1175352215136320619535920516750945403067670797025839073434363798022375551596453062531508983631163129567552659785999517884888, 8055983928801777398964577700087155482051827067971948894776972774621646922555108900234292738195125698594973908656878904643899, 55216535286476121173216123383859142971295118678777803190004446048754973167575959727679148941888893565430584119473641446469400, 378459763076531070813548285986926845317014003683472673435254148455501942103374381544820282545477293226084419445159786265743901, 2594001806249241374521621878524628774247802907105530910856774596048816470736064743543590622046947490312331119025479848646584912, 17779552880668158550837804863685474574417606346055243702562168016270201028656120953536430159581218981108055808129193020516707468, 121862868358427868481343012167273693246675441515281175007078401537781569853855635507925544438456898519705421587662054709968449404, 835260525628326920818563280307230378152310484260912981346986642695999862900729724741523892991513067387897986761759645838011835255, 5724960811039860577248599949983338953819497948311109694421828097470881266470064392687283046313011269860114849326108915074868124656, 39239465151650697119921636369576142298584175153916854879605810039242378539380888761916251899685039734908234776320387957041054458617, 268951295250515019262202854637049657136269728129106874462818842178162476102203841772181555506214968438007007767936997743228791094548, 1843419601601954437715498346089771457655303921749831266360126085205442621860031781411142616411136160727337053232378038171156659755284, 12634985915963166044746285567991350546450857724119711990058063754266356166273053609970997744815056190901254184776270552719063019527360, 86601481810140207875508500629849682367500700147088152664046320194642242006302252765022510661196986651441540546815692539144102723379411, 593575386755018289083813218840956426026054043305497356658266177608273343195734952933411388706412343907361332903173485813180006112464072, 4068426225474987815711184031256845299814877602991393343943816923063155952945914796927546105751241210609712281688064805669163071612419253, 27885408191569896420894474999956960672678089177634256050948452283834119944361559250895119853326772267093579359915041952730929750460484664, 191129431115514287130550140968441879408931746640448399012695349063774894014195255704172478466745124458936854582799277369351393284204381340, 1310020609617030113492956511779136195189844137305504537037918991162592205468238572818473964114487723409056913963431992316156710675903946916, 8979014836203696507320145441485511486919977214498083360252737589074365131967164471859825880633664106213792498084886342287557871033728552527, 61543083243808845437748061578619444213249996364181078984731244132357977887877610234556103634723576895195905196616035290681883630363446242208, 421822567870458221556916285608850598005829997334769469532865971337431442986745324939130829648925131368022969051347910358086409520514038873169, 2891214891849398705460665937683334741827559984979205207745330555229662220139056313527710117213868655182260188019472425332135501832420644357820, 19816681675075332716667745278174492594787089897519666984684447915270203843723929704420690820843312760196046992341879252952623764869869372437796, 135825556833677930311213551009538113421682069297658463685045804851661765351596892464231222725397732437824027512746268699262733348747162441800232, 930962216160670179461827111788592301356987395186089578810636186046362151874711714170089726136820421684382020688507322394121240525325336382077163, 6380909956291013325921576231510607996077229697004968587989407497472873302333944476004907189495997985441786533277556439448955255285144488767906424, 43735407477876423101989206508785663671183620483848690537115216296263750952517964113403837754664327570761504589250508078828222900751878126725854925, 299766942388843948388002869329989037702208113689935865171817106576373383396564051461924715300903155960739666544516887685720263682177811976580150176, 2054633189244031215614030878801137600244273175345702365665604529738349932741558590192221317574082019207510017486248922676018989623612184932801392812, 14082665382319374560910213282277974164007704113729980694487414601592076146008689250523065304842649352381697966114541032608624904803549535304363937868, 96524024486991590710757462097144681547809655620764162495746297681406183088758108457478761276727104070741679358285710703942913253890789024720276960679, 661585506026621760414392021397734796670659885231619156775736669168251205476767199899160246453914178899088279192719601238353881901642868197418648083280, 4534574517699360732189986687686998895146809541000569934934410386496352255244766058700637489975268208330764306425278823536089360060087050215644508944681, 31080436117868903364915514792411257469357006901772370387765136036306214581246664777465986622327507999336319549829816019456244224482322303177109093265892, 213028478307382962822218616859191803390352238771406022779421541867647149813455524916315221023379057567155411458812154419260147353423623850570636358384948, 1460118912033811836390614803221931366263108664498069789068185657037223834113011027472018019631186040910435686228523517739615233237197324495312777593287184, 10007803905929299891912085005694327760451408412715082500697878057392919688977440976349224586968281021206710076524418990178692620201707353304585993046581635, 68594508429471287406993980236638362956896750224507507715816960744713213988729548862253035618336847584394403670725041599425044257502790751728392182799056936, 470153755100369711957045776650774212937825843158837471510020847155599578232128162584619166483246094846579693470319409127634537599438968393831383073096042597, 3222481777273116696292326456318781127607884151887354792854328969344483833636170831599209223009626421533728848244922579342589146537878529946888014960159291528, 22087218685811447162089239417580693680317363220052646078470281938255787257221059169977263973106560597536300473522134838202934284950663974923957320967611621564, 151388049023407013438332349466746074634613658388481167756437644598446026966911265581770254759923791931087974380952620955232044030162601051510298708223058138740, 1037629124478037646906237206849641828761978245499315528216593230250866401511157741720461252254275078668829942220240416655026649583265094880990104608044394488191, 7112015822322856514905328098480746726699234060106727529759714967157618783611193078783789696125068977334602755164905081542984582899414576872405035157325969783552, 48746481631781957957431059482515585258132660175247777180101411539852465083767193410981026332398091011172995519894476591600169915515394850459549365694071995343233, 334113355600150849187112088279128350080229387166627712730950165811809636802759161842116184310225851136793666222211111961382261291453354140886343250489435927074444, 2290047007569273986352353558471382865303473049991146211936549749142814992535546936750518935088713134590131160845278882995449185242620311934885440986166371104465220, 15696215697384767055279362821020551707044081962771395770824898078187895310946069402567423557882611005026961680927539660532917400587257141241348078131583729043864696, 107583462874124095400603186188672479084005100689408624183837736798172452184086938862487037709124498890856340449139407390299132997209112513441301514899759638873252507, 737388024421483900748942940499686801880991622863088973516039259509019269977662502683889157992312231346161364711339787531342377079673363630949474964793305455817225688, 5054132708076263209841997397309135134082936259352214190428437079764962437659550579796329523739056135196433642941872770300189255682773000532213135513808823506931693949, 34641540932112358568145038840664259136699562192602410359483020298845717793639191556226592824088772320921198901398577134196925801833135104029416424367775552514703209200]
Predicted:    
[1, 12, 68, 504, 3355, 23256, 158717, 1089648, 7463884, 51170460, 350695511, 2403786672, 14422720008, 86536320022, 519217920104, 3115307520594, 18691845123532, 112151070741158, 672906424446912, 4037438546681434, 24224631280088564, 145347787680531342, 872086726083188008, 5232520356499128002, 31395122138994767964, 188370732833968607734, 1130224397003811646352, 6781346382022869878058, 40688078292137219268292, 244128469752823315609694, 1464770818516939893658104, 8788624911101639361948562, 52731749466609836171691308, 316390496799659017030147782, 1898342980797954102180886624, 11390057884787724613085319674, 68340347308726347678511917972, 410042083852358086071071507758, 2460252503114148516426429046472, 14761515018684891098558574278754, 88569090112109346591351445672444, 531414540672656079548108674034582, 3188487244035936477288652044207408, 19130923464215618863731912265244362, 114785540785293713182391473591466084, 688713244711762279094348841548796414, 4132279468270573674566093049292778392, 24793676809623442047396558295756670258, 148762060857740652284379349774540021452, 892572365146443913706276098647240128614, 5355434190878663482237656591883440771584, 32132605145271980893425939551300644629402, 192795630871631885360555637307803867776308, 1156773785229791312163333823846823206657742, 6940642711378747872980002943080939239946344, 41643856268272487237880017658485635439677954, 249863137609634923427280105950913812638067612, 1499178825657809540563680635705482875828405558, 8995072953946857243382083814232897254970433232, 53970437723681143460292502885397383529822599274, 323822626342086860761755017312384301178935595524, 1942935758052521164570530103874305807073613573022, 11657614548315126987423180623245834842441681438008, 69945687289890761924539083739475009054650088627922, 419674123739344571547234502436850054327900531767404, 2518044742436067429283407014621100325967403190604294, 15108268454616404575700442087726601955804419143625632, 90649610727698427454202652526359611734826514861753658, 543897664366190564725215915158157670408959089170521812, 3263385986197143388351295490948946022453754535023130734, 19580315917182860330107772945693676134722527210138784264, 117481895503097161980646637674162056808335163260832705442, 704891373018582971883879826044972340850010979564996232508, 4229348238111497831303278956269834045100065877389977394902, 25376089428668986987819673737619004270600395264339864369264, 152256536572013921926918042425714025623602371586039186215434, 913539219432083531561508254554284153741614229516235117292452, 5481235316592501189369049527325704922449685377097410703754558, 32887411899555007136214297163954229534698112262584464222527192, 197324471397330042817285782983725377208188673575506785335162994, 1183946828383980256903714697902352263249132041453040712010977804, 7103680970303881541422288187414113579494792248718244272065866662, 42622085821823289248533729124484681476968753492309465632395199808, 255732514930939735491202374746908088861812520953856793794371198682, 1534395089585638412947214248481448533170875125723140762766227191924, 9206370537513830477683285490888691199025250754338844576597363151374, 55238223225082982866099712945332147194151504526033067459584178908072, 331429339350497897196598277671992883164909027156198404757505073448258, 1988576036102987383179589666031957298989454162937190428545030440689372, 11931456216617924299077537996191743793936724977623142571270182644136054, 71588737299707545794465227977150462763620349865738855427621095864816144, 429532423798245274766791367862902776581722099194433132565726575188896682, 2577194542789471648600748207177416659490332595166598795394359451133379908, 15463167256736829891604489243064499956941995570999592772366156706800279262, 92779003540420979349626935458386999741651973425997556634196940240801675384, 556674021242525876097761612750321998449911840555985339805181641444810052114, 3340044127455155256586569676501931990699471043335912038831089848668860312492, 20040264764730931539519418059011591944196826260015472232986539092013161874758, 120241588588385589237116508354069551665180957560092833397919234552078971248352, 721449531530313535422699050124417309991085745360557000387515407312473827489914, 4328697189181881212536194300746503859946514472163342002325092443874842964939284, 25972183135091287275217165804479023159679086832980052013950554663249057789635502, 155833098810547723651302994826874138958074520997880312083703327979494346737812808, 934998592863286341907817968961244833748447125987281872502219967876966080426876642, 5609991557179718051446907813767469002490682755923691235013319807261796482561259644, 33659949343078308308681446882604814014944096535542147410079918843570778895367557654, 201959696058469849852088681295628884089664579213252884460479513061424673372205345712, 1211758176350819099112532087773773304537987475279517306762877078368548040233232074058, 7270549058104914594675192526642639827227924851677103840577262470211288241399392444132, 43623294348629487568051155159855838963367549110062623043463574821267729448396354664574, 261739766091776925408306930959135033780205294660375738260781448927606376690378127987224, 1570438596550661552449841585754810202681231767962254429564688693565638260142268767923122, 9422631579303969314699049514528861216087390607773526577388132161393829560853612607538508, 56535789475823815888194297087173167296524343646641159464328792968362977365121675645230822, 339214736854942895329165782523039003779146061879846956785972757810177864190730053871384704, 2035288421129657371974994695138234022674876371279081740715836546861067185144380323228307994, 12211730526777944231849968170829404136049258227674490444295019281166403110866281939369847732, 73270383160667665391099809024976424816295549366046942665770115686998418665197691636219086158, 439622298964005992346598854149858548897773296196281655994620694121990511991186149817314516712, 2637733793784035954079593124899151293386639777177689935967724164731943071947116898903887100034, 15826402762704215724477558749394907760319838663066139615806344988391658431682701393423322599964, 94958416576225294346865352496369446561919031978396837694838069930349950590096208360539935599542, 569750499457351766081192114978216679371514191870381026169028419582099703540577250163239613597008, 3418502996744110596487152689869300076229085151222286157014170517492598221243463500979437681581802, 20511017980464663578922916139215800457374510907333716942085023104955589327460781005876626089490564, 123066107882787981473537496835294802744247065444002301652510138629733535964764686035259756536943134, 738396647296727888841224981011768816465482392664013809915060831778401215788588116211558539221658552, 4430379883780367333047349886070612898792894355984082859490364990670407294731528697269351235329951058, 26582279302682203998284099316423677392757366135904497156942189944022443768389172183616107411979706092, 159493675816093223989704595898542064356544196815426982941653139664134662610335033101696644471878236294, 956962054896559343938227575391252386139265180892561897649918837984807975662010198610179866831269417504, 5741772329379356063629365452347514316835591085355371385899513027908847853972061191661079200987616504762, 34450633976276136381776192714085085901013546512132228315397078167453087123832367149966475205925699028308, 206703803857656818290657156284510515406081279072793369892382469004718522742994202899798851235554194169582, 1240222823145940909743942937707063092436487674436760219354294814028311136457965217398793107413325165017224, 7441336938875645458463657626242378554618926046620561316125768884169866818747791304392758644479950990103074, 44648021633253872750781945757454271327713556279723367896754613305019200912486747826356551866879705940618172, 267888129799523236504691674544725627966281337678340207380527679830115205474920486958139311201278235643708758, 1607328778797139419028150047268353767797688026070041244283166078980691232849522921748835867207669413862252272, 9643972672782836514168900283610122606786128156420247465698996473884147397097137530493015203246016483173513354, 57863836036697019085013401701660735640716768938521484794193978843304884382582825182958091219476098899041079844, 347183016220182114510080410209964413844300613631128908765163873059829306295496951097748547316856593394246478782, 2083098097321092687060482461259786483065803681786773452590983238358975837772981706586491283901139560365478872408, 12498588583926556122362894767558718898394822090720640715545899430153855026637890239518947703406837362192873234162, 74991531503559336734177368605352313390368932544323844293275396580923130159827341437113686220441024173157239404684, 449949189021356020405064211632113880342213595265943065759652379485538780958964048622682117322646145038943436427814, 2699695134128136122430385269792683282053281571595658394557914276913232685753784291736092703935876870233660618566592, 16198170804768816734582311618756099692319689429573950367347485661479396114522705750416556223615261221401963711399258, 97189024828612900407493869712536598153918136577443702204084913968876376687136234502499337341691567328411782268395252, 583134148971677402444963218275219588923508819464662213224509483813258260122817407014996024050149403970470693610371214, 3498804893830064414669779309651317533541052916787973279347056902879549560736904442089976144300896423822824161662226984, 20992829362980386488018675857907905201246317500727839676082341417277297364421426652539856865805378542936944969973361602, 125956976177882318928112055147447431207477905004367038056494048503663784186528559915239141194832271257621669819840169308, 755741857067293913568672330884684587244867430026202228338964291021982705119171359491434847168993627545730018919041015542, 4534451142403763481412033985308107523469204580157213370033785746131896230715028156948609083013961765274380113514246092944, 27206706854422580888472203911848645140815227480943280220202714476791377384290168941691654498083770591646280681085476557354, 163240241126535485330833223471091870844891364885659681321216286860748264305741013650149926988502623549877684086512859343812, 979441446759212911984999340826551225069348189313958087927297721164489585834446081900899561931015741299266104519077156062558, 5876648680555277471909996044959307350416089135883748527563786326986937515006676491405397371586094447795596627114462936375032, 35259892083331664831459976269755844102496534815302491165382717961921625090040058948432384229516566686773579762686777618249874, 211559352499989988988759857618535064614979208891814946992296307771529750540240353690594305377099400120641478576120665709498924, 1269356114999939933932559145711210387689875253350889681953777846629178503241442122143565832262596400723848871456723994256993222, 7616136689999639603595354874267262326139251520105338091722667079775071019448652732861394993575578404343093228740343965541959008, 45696820139997837621572129245603573956835509120632028550336002478650426116691916397168369961453470426058559372442063793251753722, 274180920839987025729432775473621443741013054723792171302016014871902556700151498383010219768720822556351356234652382759510522004, 1645085525039922154376596652841728662446078328342753027812096089231415340200908990298061318612324935338108137407914296557063131694, 9870513150239532926259579917050371974676469970056518166872576535388492041205453941788367911673949612028648824447485779342378789832, 59223078901437197557557479502302231848058819820339109001235459212330952247232723650730207470043697672171892946684914676054272738658, 355338473408623185345344877013813391088352918922034654007412755273985713483396341904381244820262186033031357680109488056325636431612, 2132030840451739112072069262082880346530117513532207924044476531643914280900378051426287468921573116198188146080656928337953818589334, 12792185042710434672432415572497282079180705081193247544266859189863485685402268308557724813529438697189128876483941570027722911535664, 76753110256262608034594493434983692475084230487159485265601155139180914112413609851346348881176632183134773258903649420166337469213642, 460518661537575648207566960609902154850505382922956911593606930835085484674481659108078093287059793098808639553421896520998024815281508, 2763111969225453889245401763659412929103032297537741469561641585010512908046889954648468559722358758592851837320531379125988148891688702, 16578671815352723335472410581956477574618193785226448817369849510063077448281339727890811358334152551557111023923188274755928893350131864, 99472030892116340012834463491738865447709162711358692904219097060378464689688038367344868150004915309342666143539129648535573360100790834, 596832185352698040077006780950433192686254976268152157425314582362270788138128230204069208900029491856055996861234777891213440160604744652, 3580993112116188240462040685702599156117529857608912944551887494173624728828769381224415253400176951136335981167408667347280640963628467558, 21485958672697129442772244114215594936705179145653477667311324965041748372972616287346491520401061706818015887004452004083683845781770804992, 128915752036182776656633464685293569620231074873920866003867949790250490237835697724078949122406370240908095322026712024502103074690624829594, 773494512217096659939800788111761417721386449243525196023207698741502941427014186344473694734438221445448571932160272147012618448143748977204, 4640967073302579959638804728670568506328318695461151176139246192449017648562085118066842168406629328672691431592961632882075710688862493862862, 27845802439815479757832828372023411037969912172766907056835477154694105891372510708401053010439775972036148589557769797292454264133174963176808, 167074814638892878546996970232140466227819473036601442341012862928164635348235064250406318062638655832216891537346618783754725584799049779060482, 1002448887833357271281981821392842797366916838219608654046077177568987812089410385502437908375831934993301349224079712702528353508794298674362524, 6014693327000143627691890928357056784201501029317651924276463065413926872536462313014627450254991609959808095344478276215170121052765792046174774, 36088159962000861766151345570142340705209006175905911545658778392483561235218773878087764701529949659758848572066869657291020726316594752277048272, 216528959772005170596908073420854044231254037055435469273952670354901367411312643268526588209179697958553091432401217943746124357899568513662289258, 1299173758632031023581448440525124265387524222332612815643716022129408204467875859611159529255078187751318548594407307662476746147397411081973735172, 7795042551792186141488690643150745592325145333995676893862296132776449226807255157666957175530469126507911291566443845974860476884384466491842410654, 46770255310753116848932143858904473553950872003974061363173776796658695360843530946001743053182814759047467749398663075849162861306306798951054463544, 280621531864518701093592863153426841323705232023844368179042660779952172165061185676010458319096888554284806496391978455094977167837840793706326780882, 1683729191187112206561557178920561047942231392143066209074255964679713032990367114056062749914581331325708838978351870730569863007027044762237960684908, 10102375147122673239369343073523366287653388352858397254445535788078278197942202684336376499487487987954253033870111224383419178042162268573427764109062, 60614250882736039436216058441140197725920330117150383526673214728469669187653216106018258996924927927725518203220667346300515068252973611440566584653984, 363685505296416236617296350646841186355521980702902301160039288370818015125919296636109553981549567566353109219324004077803090409517841668643399507923514, 2182113031778497419703778103881047118133131884217413806960235730224908090755515779816657323889297405398118655315944024466818542457107050011860397047540692, 13092678190670984518222668623286282708798791305304482841761414381349448544533094678899943943335784432388711931895664146800911254742642300071162382285243758, 78556069144025907109336011739717696252792747831826897050568486288096691267198568073399663660014706594332271591373984880805467528455853800426974293711462152, 471336414864155442656016070438306177516756486990961382303410917728580147603191408440397981960088239565993629548243909284832805170735122802561845762268772514]
len(predicted_full) = 200, len(input_sequence + seq_pred) = 200
is_manual_check: False
