test results being evaluated: data/test_linrec15.tsv
csv file used: ../linear_database_newbl.csv
The sequence ID inspected: A239096
csv results file used: ../linear_database_newbl.csv
Results we are looking at now:
('Could you give me a recursive equation in a form of a Python code for the following number sequence: 0,0,0,16,216,1584,8096,32256,106992,308352,795168,1873872,4098952,8422128,16406208', 'Certainly, the Python code is the following: lambda a_n: 8 * ( abs( ( 9 - 0 ) // n + -10 * a_n[-1] ) )')

Experiment type: Evaluation of the results of llms.
Ground truth: 
[0, 0, 0, 16, 216, 1584, 8096, 32256, 106992, 308352, 795168, 1873872, 4098952, 8422128, 16406208, 30522752, 54556128, 94140288, 157458624, 256141584, 406401336, 630447664, 958234464, 1429591680, 2096803280, 3027697920, 4309325280, 6052297680, 8395883496, 11513946096, 15621829504, 20984299776, 27924659136, 36835158272, 48188840832, 62552963088, 80604140952, 103145386032, 131125202208, 165658924288, 208052490672, 259828852608, 322757233568, 398885463504, 490575624264, 600543254256, 731900372544, 888202594944, 1073500627360, 1292396434560, 1550104395840, 1852517772560, 2206280826360, 2618866940976, 3098663114976, 3655061207424, 4298556333456, 5040852822016, 5894978163552, 6875405391312, 7998184356008, 9281082370032, 10743734714112, 12407805516288, 14297159530368, 16438045358592, 18859290681088, 21592510072848, 24672326007384, 28136603664944, 32026700182176, 36387728999424, 41268839981424, 46723516007040, 52809886743840, 59591060343760, 67135473816840, 75517262861040, 84816651947456, 95120365481856, 106522060885344, 119122784459136, 133031450920896, 148365347522832, 165250663684792, 183823047098928, 204228187286112, 226622427608192, 251173406764368, 278060730824448, 307476676876512, 339626929391568, 374731350433128, 413024784865264, 454757901738624, 500198073060096, 549630291178304, 603358126043904, 661704723630720, 725013846831120, 793650960166680, 868004359683120, 948486349426720, 1035534465927936, 1129612752146736, 1231213082363264, 1340856539526816, 1459094846605776, 1586511853511112, 1723725081196272, 1871387324566848, 2030188315864192, 2200856450218272, 2384160575096448, 2580911845406528, 2791965646044432, 3018223583709048, 3260635549839408, 3520201856562144, 3797975447570304, 4095064185888016, 4412633220509184, 4751907433932384, 5114173972648400, 5500784862671400, 5913159712239600, 6352788503846400, 6821234477798400, 7320137109532416, 7851215182959616, 8416269962141184, 9017188463636496, 9655946831901656, 10334613820153392, 11055354379150752, 11820433356384768, 12632219308204272, 13493188427444352, 14405928589162528, 15373143517126608, 16397657073737352, 17482417676108528, 18630502841066688, 19845123861873024, 21129630619509984, 22487516531415936, 23922423640592064, 25438147848046864, 27038644291585080, 28728032873989680, 30510603943687520, 32390824131031680, 34373342343376080, 36462995922160896, 38664816965270496, 40984038817969104, 43426102735763176, 45996664722583536, 48701602547724672, 51547022945023232, 54539268997802688, 57684927713156352, 60990837789186432, 64464097578862608, 68112073254209688, 71942407174580272, 75963026462815008, 80182151793139968, 84608306394697904, 89250325274657664, 94117364664893856, 99218911696276944, 104564794304662344, 110165191372715760, 116030643111760960, 122172061687885440, 128600742096588960, 135328373290309760, 142367049563213376, 149729282197679376, 157428011376972024, 165476618368631856, 173888937983176416, 182679271312749952, 191862398754413712, 201453593322820608, 211468634257070432, 221923820926594512, 232835987040971688, 244222515168630768, 256101351569448192, 268491021346303488, 281410643920709248, 294879948837686784, 308919291905113344, 323549671672821776, 338792746256788824, 354670850513803824, 371207013572065440, 388424976723210240]
Predicted:    
[0, 0, 0, 16, 216, 1584, 8096, 32256, 106992, 308352, 795168, 1873872, 4098952, 8422128, 16406208, 1312496640, 104999731200, 8399978496000, 671998279680000, 53759862374400000, 4300788989952000000, 344063119196160000000, 27525049535692800000000, 2202003962855424000000000, 176160317028433920000000000, 14092825362274713600000000000, 1127426028981977088000000000000, 90194082318558167040000000000000, 7215526585484653363200000000000000, 577242126838772269056000000000000000, 46179370147101781524480000000000000000, 3694349611768142521958400000000000000000, 295547968941451401756672000000000000000000, 23643837515316112140533760000000000000000000, 1891507001225288971242700800000000000000000000, 151320560098023117699416064000000000000000000000, 12105644807841849415953285120000000000000000000000, 968451584627347953276262809600000000000000000000000, 77476126770187836262101024768000000000000000000000000, 6198090141615026900968081981440000000000000000000000000, 495847211329202152077446558515200000000000000000000000000, 39667776906336172166195724681216000000000000000000000000000, 3173422152506893773295657974497280000000000000000000000000000, 253873772200551501863652637959782400000000000000000000000000000, 20309901776044120149092211036782592000000000000000000000000000000, 1624792142083529611927376882942607360000000000000000000000000000000, 129983371366682368954190150635408588800000000000000000000000000000000, 10398669709334589516335212050832687104000000000000000000000000000000000, 831893576746767161306816964066614968320000000000000000000000000000000000, 66551486139741372904545357125329197465600000000000000000000000000000000000, 5324118891179309832363628570026335797248000000000000000000000000000000000000, 425929511294344786589090285602106863779840000000000000000000000000000000000000, 34074360903547582927127222848168549102387200000000000000000000000000000000000000, 2725948872283806634170177827853483928190976000000000000000000000000000000000000000, 218075909782704530733614226228278714255278080000000000000000000000000000000000000000, 17446072782616362458689138098262297140422246400000000000000000000000000000000000000000, 1395685822609308996695131047860983771233779712000000000000000000000000000000000000000000, 111654865808744719735610483828878701698702376960000000000000000000000000000000000000000000, 8932389264699577578848838706310296135896190156800000000000000000000000000000000000000000000, 714591141175966206307907096504823690871695212544000000000000000000000000000000000000000000000, 57167291294077296504632567720385895269735617003520000000000000000000000000000000000000000000000, 4573383303526183720370605417630871621578849360281600000000000000000000000000000000000000000000000, 365870664282094697629648433410469729726307948822528000000000000000000000000000000000000000000000000, 29269653142567575810371874672837578378104635905802240000000000000000000000000000000000000000000000000, 2341572251405406064829749973827006270248370872464179200000000000000000000000000000000000000000000000000, 187325780112432485186379997906160501619869669797134336000000000000000000000000000000000000000000000000000, 14986062408994598814910399832492840129589573583770746880000000000000000000000000000000000000000000000000000, 1198884992719567905192831986599427210367165886701659750400000000000000000000000000000000000000000000000000000, 95910799417565432415426558927954176829373270936132780032000000000000000000000000000000000000000000000000000000, 7672863953405234593234124714236334146349861674890622402560000000000000000000000000000000000000000000000000000000, 613829116272418767458729977138906731707988933991249792204800000000000000000000000000000000000000000000000000000000, 49106329301793501396698398171112538536639114719299983376384000000000000000000000000000000000000000000000000000000000, 3928506344143480111735871853689003082931129177543998670110720000000000000000000000000000000000000000000000000000000000, 314280507531478408938869748295120246634490334203519893608857600000000000000000000000000000000000000000000000000000000000, 25142440602518272715109579863609619730759226736281591488708608000000000000000000000000000000000000000000000000000000000000, 2011395248201461817208766389088769578460738138902527319096688640000000000000000000000000000000000000000000000000000000000000, 160911619856116945376701311127101566276859051112202185527735091200000000000000000000000000000000000000000000000000000000000000, 12872929588489355630136104890168125302148724088976174842218807296000000000000000000000000000000000000000000000000000000000000000, 1029834367079148450410888391213450024171897927118093987377504583680000000000000000000000000000000000000000000000000000000000000000, 82386749366331876032871071297076001933751834169447518990200366694400000000000000000000000000000000000000000000000000000000000000000, 6590939949306550082629685703766080154700146733555801519216029335552000000000000000000000000000000000000000000000000000000000000000000, 527275195944524006610374856301286412376011738684464121537282346844160000000000000000000000000000000000000000000000000000000000000000000, 42182015675561920528829988504102912990080939094757129722982587747532800000000000000000000000000000000000000000000000000000000000000000000, 3374561254044953642306399080328233039206475127580570377838607019802624000000000000000000000000000000000000000000000000000000000000000000000, 269964900323596291384511926426258643136518010206445630227088561584209920000000000000000000000000000000000000000000000000000000000000000000000, 21597192025887703310760954114100691450921440816515650418167084926736793600000000000000000000000000000000000000000000000000000000000000000000000, 1727775362071016264860876329128055316073715265321252033453366794138943488000000000000000000000000000000000000000000000000000000000000000000000000, 138222028965681301188870106330244425285897221225700162676269343531115479040000000000000000000000000000000000000000000000000000000000000000000000000, 11057762317254504095109608506419554022871777698056013014101547482489238323200000000000000000000000000000000000000000000000000000000000000000000000000, 884620985380360327608768680513564321829742215844481041128123798599139065856000000000000000000000000000000000000000000000000000000000000000000000000000, 70769678830428826208701494441085145746379377267558483290249903887931125268480000000000000000000000000000000000000000000000000000000000000000000000000000, 5661574306434306096696119555286811659710350181404678663219992311034490021478400000000000000000000000000000000000000000000000000000000000000000000000000000, 452925944514744487735689564422944932776828014512374293057599384882759201718272000000000000000000000000000000000000000000000000000000000000000000000000000000, 36234075561179559018855165153835594622146241160989943444607950790620736137461760000000000000000000000000000000000000000000000000000000000000000000000000000000, 2898726044894364721508413212306847569771699292879195475568636063249658890996940800000000000000000000000000000000000000000000000000000000000000000000000000000000, 231898083591549177720673056984547805581735943430335638045490885059972711279755264000000000000000000000000000000000000000000000000000000000000000000000000000000000, 18551846687323934217653844558763824446538875474426851043639270804797816902380421120000000000000000000000000000000000000000000000000000000000000000000000000000000000, 1484147734985914737412307564701105955723110037954148083491141664383825352190433689600000000000000000000000000000000000000000000000000000000000000000000000000000000000, 118731818798873178992984605176088476457848803036331846679291333150706028175234695168000000000000000000000000000000000000000000000000000000000000000000000000000000000000, 9498545503909854319438768414087078116627904242906547734343306652056482254018775613440000000000000000000000000000000000000000000000000000000000000000000000000000000000000, 759883640312788345555101473126966249330232339432523818747464532164518580321502049075200000000000000000000000000000000000000000000000000000000000000000000000000000000000000, 60790691225023067644408117850157299946418587154601905499797162573161486425720163926016000000000000000000000000000000000000000000000000000000000000000000000000000000000000000, 4863255298001845411552649428012583995713486972368152439983773005852918914057613114081280000000000000000000000000000000000000000000000000000000000000000000000000000000000000000, 389060423840147632924211954241006719657078957789452195198701840468233513124609049126502400000000000000000000000000000000000000000000000000000000000000000000000000000000000000000, 31124833907211810633936956339280537572566316623156175615896147237458681049968723930120192000000000000000000000000000000000000000000000000000000000000000000000000000000000000000000, 2489986712576944850714956507142443005805305329852494049271691778996694483997497914409615360000000000000000000000000000000000000000000000000000000000000000000000000000000000000000000, 199198937006155588057196520571395440464424426388199523941735342319735558719799833152769228800000000000000000000000000000000000000000000000000000000000000000000000000000000000000000000, 15935914960492447044575721645711635237153954111055961915338827385578844697583986652221538304000000000000000000000000000000000000000000000000000000000000000000000000000000000000000000000, 1274873196839395763566057731656930818972316328884476953227106190846307575806718932177723064320000000000000000000000000000000000000000000000000000000000000000000000000000000000000000000000, 101989855747151661085284618532554465517785306310758156258168495267704606064537514574217845145600000000000000000000000000000000000000000000000000000000000000000000000000000000000000000000000, 8159188459772132886822769482604357241422824504860652500653479621416368485163001165937427611648000000000000000000000000000000000000000000000000000000000000000000000000000000000000000000000000, 652735076781770630945821558608348579313825960388852200052278369713309478813040093274994208931840000000000000000000000000000000000000000000000000000000000000000000000000000000000000000000000000, 52218806142541650475665724688667886345106076831108176004182269577064758305043207461999536714547200000000000000000000000000000000000000000000000000000000000000000000000000000000000000000000000000, 4177504491403332038053257975093430907608486146488654080334581566165180664403456596959962937163776000000000000000000000000000000000000000000000000000000000000000000000000000000000000000000000000000, 334200359312266563044260638007474472608678891719092326426766525293214453152276527756797034973102080000000000000000000000000000000000000000000000000000000000000000000000000000000000000000000000000000, 26736028744981325043540851040597957808694311337527386114141322023457156252182122220543762797848166400000000000000000000000000000000000000000000000000000000000000000000000000000000000000000000000000000, 2138882299598506003483268083247836624695544907002190889131305761876572500174569777643501023827853312000000000000000000000000000000000000000000000000000000000000000000000000000000000000000000000000000000, 171110583967880480278661446659826929975643592560175271130504460950125800013965582211480081906228264960000000000000000000000000000000000000000000000000000000000000000000000000000000000000000000000000000000, 13688846717430438422292915732786154398051487404814021690440356876010064001117246576918406552498261196800000000000000000000000000000000000000000000000000000000000000000000000000000000000000000000000000000000, 1095107737394435073783433258622892351844118992385121735235228550080805120089379726153472524199860895744000000000000000000000000000000000000000000000000000000000000000000000000000000000000000000000000000000000, 87608618991554805902674660689831388147529519390809738818818284006464409607150378092277801935988871659520000000000000000000000000000000000000000000000000000000000000000000000000000000000000000000000000000000000, 7008689519324384472213972855186511051802361551264779105505462720517152768572030247382224154879109732761600000000000000000000000000000000000000000000000000000000000000000000000000000000000000000000000000000000000, 560695161545950757777117828414920884144188924101182328440437017641372221485762419790577932390328778620928000000000000000000000000000000000000000000000000000000000000000000000000000000000000000000000000000000000000, 44855612923676060622169426273193670731535113928094586275234961411309777718860993583246234591226302289674240000000000000000000000000000000000000000000000000000000000000000000000000000000000000000000000000000000000000, 3588449033894084849773554101855493658522809114247566902018796912904782217508879486659698767298104183173939200000000000000000000000000000000000000000000000000000000000000000000000000000000000000000000000000000000000000, 287075922711526787981884328148439492681824729139805352161503753032382577400710358932775901383848334653915136000000000000000000000000000000000000000000000000000000000000000000000000000000000000000000000000000000000000000, 22966073816922143038550746251875159414545978331184428172920300242590606192056828714622072110707866772313210880000000000000000000000000000000000000000000000000000000000000000000000000000000000000000000000000000000000000000, 1837285905353771443084059700150012753163678266494754253833624019407248495364546297169765768856629341785056870400000000000000000000000000000000000000000000000000000000000000000000000000000000000000000000000000000000000000000, 146982872428301715446724776012001020253094261319580340306689921552579879629163703773581261508530347342804549632000000000000000000000000000000000000000000000000000000000000000000000000000000000000000000000000000000000000000000, 11758629794264137235737982080960081620247540905566427224535193724206390370333096301886500920682427787424363970560000000000000000000000000000000000000000000000000000000000000000000000000000000000000000000000000000000000000000000, 940690383541130978859038566476806529619803272445314177962815497936511229626647704150920073654594222993949117644800000000000000000000000000000000000000000000000000000000000000000000000000000000000000000000000000000000000000000000, 75255230683290478308723085318144522369584261795625134237025239834920898370131816332073605892367537839515929411584000000000000000000000000000000000000000000000000000000000000000000000000000000000000000000000000000000000000000000000, 6020418454663238264697846825451561789566740943650010738962019186793671869610545306565888471389403027161274352926720000000000000000000000000000000000000000000000000000000000000000000000000000000000000000000000000000000000000000000000, 481633476373059061175827746036124943165339275492000859116961534943493749568843624525271077711152242172901948234137600000000000000000000000000000000000000000000000000000000000000000000000000000000000000000000000000000000000000000000000, 38530678109844724894066219682889995453227142039360068729356922795479499965507489962021686216892179373832155858731008000000000000000000000000000000000000000000000000000000000000000000000000000000000000000000000000000000000000000000000000, 3082454248787577991525297574631199636258171363148805498348553823638359997240599196961734897351374349906572468698480640000000000000000000000000000000000000000000000000000000000000000000000000000000000000000000000000000000000000000000000000, 246596339903006239322023805970495970900653709051904439867884305891068799779247935756938791788109947992525797495878451200000000000000000000000000000000000000000000000000000000000000000000000000000000000000000000000000000000000000000000000000, 19727707192240499145761904477639677672052296724152355189430744471285503982339834860555103343048795839402063799670276096000000000000000000000000000000000000000000000000000000000000000000000000000000000000000000000000000000000000000000000000000, 1578216575379239931660952358211174213764183737932188415154459557702840318587186788844408267443903667152165103973622087680000000000000000000000000000000000000000000000000000000000000000000000000000000000000000000000000000000000000000000000000000, 126257326030339194532876188656893937101134699034575073212356764616227225486974943107552661395512293372173208317889767014400000000000000000000000000000000000000000000000000000000000000000000000000000000000000000000000000000000000000000000000000000, 10100586082427135562630095092551514968090775922766005856988541169298178038957995448604212911640983469773856665431181361152000000000000000000000000000000000000000000000000000000000000000000000000000000000000000000000000000000000000000000000000000000, 808046886594170845010407607404121197447262073821280468559083293543854243116639635888337032931278677581908533234494508892160000000000000000000000000000000000000000000000000000000000000000000000000000000000000000000000000000000000000000000000000000000, 64643750927533667600832608592329695795780965905702437484726663483508339449331170871066962634502294206552682658759560711372800000000000000000000000000000000000000000000000000000000000000000000000000000000000000000000000000000000000000000000000000000000, 5171500074202693408066608687386375663662477272456194998778133078680667155946493669685357010760183536524214612700764856909824000000000000000000000000000000000000000000000000000000000000000000000000000000000000000000000000000000000000000000000000000000000, 413720005936215472645328694990910053092998181796495599902250646294453372475719493574828560860814682921937169016061188552785920000000000000000000000000000000000000000000000000000000000000000000000000000000000000000000000000000000000000000000000000000000000, 33097600474897237811626295599272804247439854543719647992180051703556269798057559485986284868865174633754973521284895084222873600000000000000000000000000000000000000000000000000000000000000000000000000000000000000000000000000000000000000000000000000000000000, 2647808037991779024930103647941824339795188363497571839374404136284501583844604758878902789509213970700397881702791606737829888000000000000000000000000000000000000000000000000000000000000000000000000000000000000000000000000000000000000000000000000000000000000, 211824643039342321994408291835345947183615069079805747149952330902760126707568380710312223160737117656031830536223328539026391040000000000000000000000000000000000000000000000000000000000000000000000000000000000000000000000000000000000000000000000000000000000000, 16945971443147385759552663346827675774689205526384459771996186472220810136605470456824977852858969412482546442897866283122111283200000000000000000000000000000000000000000000000000000000000000000000000000000000000000000000000000000000000000000000000000000000000000, 1355677715451790860764213067746214061975136442110756781759694917777664810928437636545998228228717552998603715431829302649768902656000000000000000000000000000000000000000000000000000000000000000000000000000000000000000000000000000000000000000000000000000000000000000, 108454217236143268861137045419697124958010915368860542540775593422213184874275010923679858258297404239888297234546344211981512212480000000000000000000000000000000000000000000000000000000000000000000000000000000000000000000000000000000000000000000000000000000000000000, 8676337378891461508890963633575769996640873229508843403262047473777054789942000873894388660663792339191063778763707536958520976998400000000000000000000000000000000000000000000000000000000000000000000000000000000000000000000000000000000000000000000000000000000000000000, 694106990311316920711277090686061599731269858360707472260963797902164383195360069911551092853103387135285102301096602956681678159872000000000000000000000000000000000000000000000000000000000000000000000000000000000000000000000000000000000000000000000000000000000000000000, 55528559224905353656902167254884927978501588668856597780877103832173150655628805592924087428248270970822808184087728236534534252789760000000000000000000000000000000000000000000000000000000000000000000000000000000000000000000000000000000000000000000000000000000000000000000, 4442284737992428292552173380390794238280127093508527822470168306573852052450304447433926994259861677665824654727018258922762740223180800000000000000000000000000000000000000000000000000000000000000000000000000000000000000000000000000000000000000000000000000000000000000000000, 355382779039394263404173870431263539062410167480682225797613464525908164196024355794714159540788934213265972378161460713821019217854464000000000000000000000000000000000000000000000000000000000000000000000000000000000000000000000000000000000000000000000000000000000000000000000, 28430622323151541072333909634501083124992813398454578063809077162072653135681948463577132763263114737061277790252916857105681537428357120000000000000000000000000000000000000000000000000000000000000000000000000000000000000000000000000000000000000000000000000000000000000000000000, 2274449785852123285786712770760086649999425071876366245104726172965812250854555877086170621061049178964902223220233348568454522994268569600000000000000000000000000000000000000000000000000000000000000000000000000000000000000000000000000000000000000000000000000000000000000000000000, 181955982868169862862937021660806931999954005750109299608378093837264980068364470166893649684883934317192177857618667885476361839541485568000000000000000000000000000000000000000000000000000000000000000000000000000000000000000000000000000000000000000000000000000000000000000000000000, 14556478629453589029034961732864554559996320460008743968670247506981198405469157613351491974790714745375374228609493430838108947163318845440000000000000000000000000000000000000000000000000000000000000000000000000000000000000000000000000000000000000000000000000000000000000000000000000, 1164518290356287122322796938629164364799705636800699517493619800558495872437532609068119357983257179630029938288759474467048715773065507635200000000000000000000000000000000000000000000000000000000000000000000000000000000000000000000000000000000000000000000000000000000000000000000000000, 93161463228502969785823755090333149183976450944055961399489584044679669795002608725449548638660574370402395063100757957363897261845240610816000000000000000000000000000000000000000000000000000000000000000000000000000000000000000000000000000000000000000000000000000000000000000000000000000, 7452917058280237582865900407226651934718116075524476911959166723574373583600208698035963891092845949632191605048060636589111780947619248865280000000000000000000000000000000000000000000000000000000000000000000000000000000000000000000000000000000000000000000000000000000000000000000000000000, 596233364662419006629272032578132154777449286041958152956733337885949886688016695842877111287427675970575328403844850927128942475809539909222400000000000000000000000000000000000000000000000000000000000000000000000000000000000000000000000000000000000000000000000000000000000000000000000000000, 47698669172993520530341762606250572382195942883356652236538667030875990935041335667430168902994214077646026272307588074170315398064763192737792000000000000000000000000000000000000000000000000000000000000000000000000000000000000000000000000000000000000000000000000000000000000000000000000000000, 3815893533839481642427341008500045790575675430668532178923093362470079274803306853394413512239537126211682101784607045933625231845181055419023360000000000000000000000000000000000000000000000000000000000000000000000000000000000000000000000000000000000000000000000000000000000000000000000000000000, 305271482707158531394187280680003663246054034453482574313847468997606341984264548271553080979162970096934568142768563674690018547614484433521868800000000000000000000000000000000000000000000000000000000000000000000000000000000000000000000000000000000000000000000000000000000000000000000000000000000, 24421718616572682511534982454400293059684322756278605945107797519808507358741163861724246478333037607754765451421485093975201483809158754681749504000000000000000000000000000000000000000000000000000000000000000000000000000000000000000000000000000000000000000000000000000000000000000000000000000000000, 1953737489325814600922798596352023444774745820502288475608623801584680588699293108937939718266643008620381236113718807518016118704732700374539960320000000000000000000000000000000000000000000000000000000000000000000000000000000000000000000000000000000000000000000000000000000000000000000000000000000000, 156298999146065168073823887708161875581979665640183078048689904126774447095943448715035177461331440689630498889097504601441289496378616029963196825600000000000000000000000000000000000000000000000000000000000000000000000000000000000000000000000000000000000000000000000000000000000000000000000000000000000, 12503919931685213445905911016652950046558373251214646243895192330141955767675475897202814196906515255170439911127800368115303159710289282397055746048000000000000000000000000000000000000000000000000000000000000000000000000000000000000000000000000000000000000000000000000000000000000000000000000000000000000, 1000313594534817075672472881332236003724669860097171699511615386411356461414038071776225135752521220413635192890224029449224252776823142591764459683840000000000000000000000000000000000000000000000000000000000000000000000000000000000000000000000000000000000000000000000000000000000000000000000000000000000000, 80025087562785366053797830506578880297973588807773735960929230912908516913123045742098010860201697633090815431217922355937940222145851407341156774707200000000000000000000000000000000000000000000000000000000000000000000000000000000000000000000000000000000000000000000000000000000000000000000000000000000000000, 6402007005022829284303826440526310423837887104621898876874338473032681353049843659367840868816135810647265234497433788475035217771668112587292541976576000000000000000000000000000000000000000000000000000000000000000000000000000000000000000000000000000000000000000000000000000000000000000000000000000000000000000, 512160560401826342744306115242104833907030968369751910149947077842614508243987492749427269505290864851781218759794703078002817421733449006983403358126080000000000000000000000000000000000000000000000000000000000000000000000000000000000000000000000000000000000000000000000000000000000000000000000000000000000000000, 40972844832146107419544489219368386712562477469580152811995766227409160659518999419954181560423269188142497500783576246240225393738675920558672268650086400000000000000000000000000000000000000000000000000000000000000000000000000000000000000000000000000000000000000000000000000000000000000000000000000000000000000000, 3277827586571688593563559137549470937004998197566412224959661298192732852761519953596334524833861535051399800062686099699218031499094073644693781492006912000000000000000000000000000000000000000000000000000000000000000000000000000000000000000000000000000000000000000000000000000000000000000000000000000000000000000000, 262226206925735087485084731003957674960399855805312977996772903855418628220921596287706761986708922804111984005014887975937442519927525891575502519360552960000000000000000000000000000000000000000000000000000000000000000000000000000000000000000000000000000000000000000000000000000000000000000000000000000000000000000000, 20978096554058806998806778480316613996831988464425038239741832308433490257673727703016540958936713824328958720401191038074995401594202071326040201548844236800000000000000000000000000000000000000000000000000000000000000000000000000000000000000000000000000000000000000000000000000000000000000000000000000000000000000000000, 1678247724324704559904542278425329119746559077154003059179346584674679220613898216241323276714937105946316697632095283045999632127536165706083216123907538944000000000000000000000000000000000000000000000000000000000000000000000000000000000000000000000000000000000000000000000000000000000000000000000000000000000000000000000, 134259817945976364792363382274026329579724726172320244734347726773974337649111857299305862137194968475705335810567622643679970570202893256486657289912603115520000000000000000000000000000000000000000000000000000000000000000000000000000000000000000000000000000000000000000000000000000000000000000000000000000000000000000000000, 10740785435678109183389070581922106366377978093785619578747818141917947011928948583944468970975597478056426864845409811494397645616231460518932583193008249241600000000000000000000000000000000000000000000000000000000000000000000000000000000000000000000000000000000000000000000000000000000000000000000000000000000000000000000000, 859262834854248734671125646553768509310238247502849566299825451353435760954315886715557517678047798244514149187632784919551811649298516841514606655440659939328000000000000000000000000000000000000000000000000000000000000000000000000000000000000000000000000000000000000000000000000000000000000000000000000000000000000000000000000, 68741026788339898773690051724301480744819059800227965303986036108274860876345270937244601414243823859561131935010622793564144931943881347321168532435252795146240000000000000000000000000000000000000000000000000000000000000000000000000000000000000000000000000000000000000000000000000000000000000000000000000000000000000000000000000, 5499282143067191901895204137944118459585524784018237224318882888661988870107621674979568113139505908764890554800849823485131594555510507785693482594820223611699200000000000000000000000000000000000000000000000000000000000000000000000000000000000000000000000000000000000000000000000000000000000000000000000000000000000000000000000000, 439942571445375352151616331035529476766841982721458977945510631092959109608609733998365449051160472701191244384067985878810527564440840622855478607585617888935936000000000000000000000000000000000000000000000000000000000000000000000000000000000000000000000000000000000000000000000000000000000000000000000000000000000000000000000000000, 35195405715630028172129306482842358141347358617716718235640850487436728768688778719869235924092837816095299550725438870304842205155267249828438288606849431114874880000000000000000000000000000000000000000000000000000000000000000000000000000000000000000000000000000000000000000000000000000000000000000000000000000000000000000000000000000, 2815632457250402253770344518627388651307788689417337458851268038994938301495102297589538873927427025287623964058035109624387376412421379986275063088547954489189990400000000000000000000000000000000000000000000000000000000000000000000000000000000000000000000000000000000000000000000000000000000000000000000000000000000000000000000000000000, 225250596580032180301627561490191092104623095153386996708101443119595064119608183807163109914194162023009917124642808769950990112993710398902005047083836359135199232000000000000000000000000000000000000000000000000000000000000000000000000000000000000000000000000000000000000000000000000000000000000000000000000000000000000000000000000000000, 18020047726402574424130204919215287368369847612270959736648115449567605129568654704573048793135532961840793369971424701596079209039496831912160403766706908730815938560000000000000000000000000000000000000000000000000000000000000000000000000000000000000000000000000000000000000000000000000000000000000000000000000000000000000000000000000000000, 1441603818112205953930416393537222989469587808981676778931849235965408410365492376365843903450842636947263469597713976127686336723159746552972832301336552698465275084800000000000000000000000000000000000000000000000000000000000000000000000000000000000000000000000000000000000000000000000000000000000000000000000000000000000000000000000000000000, 115328305448976476314433311482977839157567024718534142314547938877232672829239390109267512276067410955781077567817118090214906937852779724237826584106924215877222006784000000000000000000000000000000000000000000000000000000000000000000000000000000000000000000000000000000000000000000000000000000000000000000000000000000000000000000000000000000000, 9226264435918118105154664918638227132605361977482731385163835110178613826339151208741400982085392876462486205425369447217192555028222377939026126728553937270177760542720000000000000000000000000000000000000000000000000000000000000000000000000000000000000000000000000000000000000000000000000000000000000000000000000000000000000000000000000000000000, 738101154873449448412373193491058170608428958198618510813106808814289106107132096699312078566831430116998896434029555777375404402257790235122090138284314981614220843417600000000000000000000000000000000000000000000000000000000000000000000000000000000000000000000000000000000000000000000000000000000000000000000000000000000000000000000000000000000000, 59048092389875955872989855479284653648674316655889480865048544705143128488570567735944966285346514409359911714722364462190032352180623218809767211062745198529137667473408000000000000000000000000000000000000000000000000000000000000000000000000000000000000000000000000000000000000000000000000000000000000000000000000000000000000000000000000000000000000, 4723847391190076469839188438342772291893945332471158469203883576411450279085645418875597302827721152748792937177789156975202588174449857504781376885019615882331013397872640000000000000000000000000000000000000000000000000000000000000000000000000000000000000000000000000000000000000000000000000000000000000000000000000000000000000000000000000000000000000, 377907791295206117587135075067421783351515626597692677536310686112916022326851633510047784226217692219903434974223132558016207053955988600382510150801569270586481071829811200000000000000000000000000000000000000000000000000000000000000000000000000000000000000000000000000000000000000000000000000000000000000000000000000000000000000000000000000000000000000, 30232623303616489406970806005393742668121250127815414202904854889033281786148130680803822738097415377592274797937850604641296564316479088030600812064125541646918485746384896000000000000000000000000000000000000000000000000000000000000000000000000000000000000000000000000000000000000000000000000000000000000000000000000000000000000000000000000000000000000000, 2418609864289319152557664480431499413449700010225233136232388391122662542891850454464305819047793230207381983835028048371303725145318327042448064965130043331753478859710791680000000000000000000000000000000000000000000000000000000000000000000000000000000000000000000000000000000000000000000000000000000000000000000000000000000000000000000000000000000000000000, 193488789143145532204613158434519953075976000818018650898591071289813003431348036357144465523823458416590558706802243869704298011625466163395845197210403466540278308776863334400000000000000000000000000000000000000000000000000000000000000000000000000000000000000000000000000000000000000000000000000000000000000000000000000000000000000000000000000000000000000000]
len(predicted_full) = 200, len(input_sequence + seq_pred) = 200
is_manual_check: False
