test results being evaluated: data/test_linrec15.tsv
csv file used: ../linear_database_newbl.csv
The sequence ID inspected: A244866
csv results file used: ../linear_database_newbl.csv
Results we are looking at now:
('Could you give me a recursive equation in a form of a Python code for the following number sequence: 1,18,114,438,1263,3024,6356,12132,21501,35926,57222,87594,129675,186564,261864', 'Certainly, the Python code is the following: lambda a_n: ( a_n[-1] + 9 * n * n ) + 9 * isqrt( n ) // -3')

Experiment type: Evaluation of the results of llms.
Ground truth: 
[1, 18, 114, 438, 1263, 3024, 6356, 12132, 21501, 35926, 57222, 87594, 129675, 186564, 261864, 359720, 484857, 642618, 839002, 1080702, 1375143, 1730520, 2155836, 2660940, 3256565, 3954366, 4766958, 5707954, 6792003, 8034828, 9453264, 11065296, 12890097, 14948066, 17260866, 19851462, 22744159, 25964640, 29540004, 33498804, 37871085, 42688422, 47983958, 53792442, 60150267, 67095508, 74667960, 82909176, 91862505, 101573130, 112088106, 123456398, 135728919, 148958568, 163200268, 178511004, 194949861, 212578062, 231459006, 251658306, 273243827, 296285724, 320856480, 347030944, 374886369, 404502450, 435961362, 469347798, 504749007, 542254832, 581957748, 623952900, 668338141, 715214070, 764684070, 816854346, 871833963, 929734884, 990672008, 1054763208, 1122129369, 1192894426, 1267185402, 1345132446, 1426868871, 1512531192, 1602259164, 1696195820, 1794487509, 1897283934, 2004738190, 2117006802, 2234249763, 2356630572, 2484316272, 2617477488, 2756288465, 2900927106, 3051575010, 3208417510, 3371643711, 3541446528, 3718022724, 3901572948, 4092301773, 4290417734, 4496133366, 4709665242, 4931234011, 5161064436, 5399385432, 5646430104, 5902435785, 6167644074, 6442300874, 6726656430, 7020965367, 7325486728, 7640484012, 7966225212, 8302982853, 8651034030, 9010660446, 9382148450, 9765789075, 10161878076, 10570715968, 10992608064, 11427864513, 11876800338, 12339735474, 12816994806, 13308908207, 13815810576, 14338041876, 14875947172, 15429876669, 16000185750, 16587235014, 17191390314, 17813022795, 18452508932, 19110230568, 19786574952, 20481934777, 21196708218, 21931298970, 22686116286, 23461575015, 24258095640, 25076104316, 25916032908, 26778319029, 27663406078, 28571743278, 29503785714, 30459994371, 31440836172, 32446784016, 33478316816, 34535919537, 35620083234, 36731305090, 37870088454, 39036942879, 40232384160, 41456934372, 42711121908, 43995481517, 45310554342, 46656887958, 48035036410, 49445560251, 50889026580, 52366009080, 53877088056, 55422850473, 57003889994, 58620807018, 60274208718, 61964709079, 63692928936, 65459496012, 67265044956, 69110217381, 70995661902, 72922034174, 74889996930, 76900220019, 78953380444, 81050162400, 83191257312, 85377363873, 87609188082, 89887443282, 92212850198, 94586136975, 97008039216, 99479300020, 102000670020]
Predicted:    
[1, 18, 114, 438, 1263, 3024, 6356, 12132, 21501, 35926, 57222, 87594, 129675, 186564, 261864, 263880, 266172, 268761, 271665, 274902, 278490, 282447, 286791, 291540, 296712, 302322, 308391, 314937, 321978, 329532, 337617, 346251, 355452, 365238, 375627, 386637, 398283, 410586, 423564, 437235, 451617, 466728, 482586, 499209, 516615, 534822, 553848, 573711, 594429, 616017, 638496, 661884, 686199, 711459, 737682, 764886, 793089, 822309, 852564, 883872, 916251, 949719, 984294, 1019994, 1056834, 1094835, 1134015, 1174392, 1215984, 1258809, 1302885, 1348230, 1394862, 1442799, 1492059, 1542660, 1594620, 1647957, 1702689, 1758834, 1816410, 1875432, 1935921, 1997895, 2061372, 2126370, 2192907, 2261001, 2330670, 2401932, 2474805, 2549307, 2625456, 2703270, 2782767, 2863965, 2946882, 3031536, 3117945, 3206127, 3296097, 3387876, 3481482, 3576933, 3674247, 3773442, 3874536, 3977547, 4082493, 4189392, 4298262, 4409121, 4521987, 4636878, 4753812, 4872807, 4993881, 5117052, 5242338, 5369757, 5499327, 5631063, 5764986, 5901114, 6039465, 6180057, 6322908, 6468036, 6615459, 6765195, 6917262, 7071678, 7228461, 7387629, 7549200, 7713192, 7879623, 8048511, 8219874, 8393730, 8570097, 8748993, 8930436, 9114444, 9301032, 9490221, 9682029, 9876474, 10073574, 10273347, 10475811, 10680984, 10888884, 11099529, 11312937, 11529126, 11748114, 11969919, 12194559, 12422052, 12652416, 12885669, 13121829, 13360914, 13602942, 13847931, 14095899, 14346864, 14600844, 14857854, 15117915, 15381045, 15647262, 15916584, 16189029, 16464615, 16743360, 17025282, 17310399, 17598729, 17890290, 18185100, 18483177, 18784539, 19089204, 19397190, 19708515, 20023197, 20341254, 20662704, 20987565, 21315855, 21647592, 21982794, 22321479, 22663665, 23009367, 23358606, 23711400, 24067767]
len(predicted_full) = 200, len(input_sequence + seq_pred) = 200
is_manual_check: False
