test results being evaluated: data/test_linrec15.tsv
csv file used: ../linear_database_newbl.csv
The sequence ID inspected: A245804
csv results file used: ../linear_database_newbl.csv
Results we are looking at now:
('Could you give me a recursive equation in a form of a Python code for the following number sequence: -1,0,6,30,114,390,1266,3990,12354,37830,115026,348150,1050594,3164070,9516786', 'Certainly, the Python code is the following: lambda a_n: n - -6 - -6 * a_n[-1] - 8 - n')

Experiment type: Evaluation of the results of llms.
Ground truth: 
[-1, 0, 6, 30, 114, 390, 1266, 3990, 12354, 37830, 115026, 348150, 1050594, 3164070, 9516786, 28599510, 85896834, 257887110, 774054546, 2322950070, 6970423074, 20914414950, 62749536306, 188261191830, 564808741314, 1694476555590, 5083530330066, 15250792316790, 45752779603554, 137259144117030, 411779042963826, 1235340350116950, 3706027492801794, 11118095363307270, 33354311859725586, 100062987118784310, 300189064435568034, 900567399465134310, 2701702610712263346, 8105108656770510870, 24315327619578974274, 72945986157271806150, 218837965068885185106, 656513908400795088630, 1969541751590664332514, 5908625307548551130790, 17725876028198769658866, 53177628295702541509590, 159532885309320089594754, 478598656772385198916230, 1435795972006005457012626, 4307387919395716091565750, 12922163764942547715752994, 38766491308338442029370470, 116299473952036923852334386, 348898421910153967085449110, 1046695265838548292313239234, 3140085797731817659053501510, 9420257393627798541388072146, 28260772181748086752619351670, 84782316546973642514768325474, 254346949644379692058125517350, 763040848940056605202017633906, 2289122546834004873661335065430, 6867367640529684737094569523714, 20602102921644394443504837225990, 61806308765043863794956768987666, 185418926295352952313754821582390, 556256778886501578799033493985954, 1668770336660390180112638540435430, 5006311009982941427768991738261426, 15018933029952366058169127448694550, 45056799089864181724231686813904194, 135170397269606712272143669377353670, 405511191808848471015328226003343186, 1216533575426602081443779113752593910, 3649600726279919581126926212742910434, 10948802178839985416971956381198988710, 32846406536520409598098224629537480946, 98539219609562135488659384860493472470, 295617658828688219854707576525242476674, 886852976486068286341581573463251548550, 2660558929458212112579662408164802882706, 7981676788374650844848822600044505122230, 23945030365123981548766138551233708314914, 71835091095372002674737757155901510841190, 215505273286116124081091954472105304316466, 646515819858348604357033229425117456535190, 1939547459575046277298614420292955456777154, 5818642378725139760350872724914072544674630, 17455927136175421137962677102812629982710226, 52367781408526267127708149164578714645503350, 157103344225578808810764683206017793331255394, 471310032676736441287574521042616678783256870, 1413930098030209353573284505976976633928751986, 4241790294090628120140975403629183096944218710, 12725370882271884479265169982284055681148581634, 38176112646815653675479997489645179824077595910, 114528337940446961501808967554521565033496489746, 343585013821340885456164852834736746223016873270, 1030755041464022658269970458846554340914105427874, 3092265124392067978612863177224351227232425899750, 9276795373176203943444493133042430090677496931506, 27830386119528611845545286601866043089992929259030, 83491158358585835567059474211075634905899664706114, 250473475075757506762025651444181915989540747976390, 751420425227272520407771411954455770512305751645266, 2254261275681817561466703151107187356624284270367990, 6762783827045452684886887283809202160047586841968354, 20288351481136358055634217512402886660492228587633830, 60865054443409074168849763859159220342175621886359026, 182595163330227222510443514221378781747924737905992150, 547785489990681667539118987951938586686569958211806594, 1643356469972045002632933854431420242945301363623080070, 4930069409916135007929955344445469694607087068844560786, 14790208229748405023852173595638827015363627162484323510, 44370624689245215071681135911521316909175613399354252834, 133111874067735645215292637983773622453696304021865323110, 399335622203206935646376374449740210813427839713201098546, 1198006866609620806940126044346059319344961374434813554070, 3594020599828862420822371975031855331844239833894861179074, 10782061799486587262471103609082920743151430922865424570950, 32346185398459761787421286195223471724691715610957955780306, 97038556195379285362279809321619834164549992517597231475830, 291115668586137856086871329436758340474599668922238422697314, 873347005758413568260677791254072697385698389505608724631590, 2620041017275240704782160979649813444080893933994613086974066, 7860123051825722114346738150724631036090279332939413087080790, 23580369155477166343040724875724274515966033060729386913559554, 70741107466431499029123195474273586363288489306010456045313030, 212223322399294497087371628117022284720646248165675958745207826, 636669967197883491262118967739469905423500304992317057454160950, 1910009901593650473786365069995215818793624035967529534799557794, 5730029704780951421359111543539259661427118349883745329272823270, 17190089114342854264077367297725003394373847533613549437566769586, 51570267343028562792232167227389459003306527568765275212196908310, 154710802029085688376696632350597274650289552642145079435583924034, 464132406087257065130090158388649619231608597798133745904738170310, 1392397218261771195390270997839664448256305673137798252910187307346, 4177191654785313586170814038866424525891876778900188789122507514870, 12531574964355940758512444207294135939921549855674154428151413730274, 37594724893067822275537336803272132544256488604969639406022023562150, 112784174679203466826612018772595847081753143890803270461201635429106, 338352524037610400479836073043346440143226787824198515869876035772630, 1015057572112831201439508252581157118225615075776172956582170366288514, 3045172716338493604318524824645706950268714651935673687691595616806790, 9135518149015480812955574607741592041989882805021330698964955886302866, 27406554447046442438866724090833718508337126113492611368675205730673590, 82219663341139327316600172807719040289746333737335072649586293335550754, 246658990023417981949800519493592890398708912005719695035880232293712230, 739976970070253945849401560621650210255066557604588039281883401455256626, 2219930910210761837548204686146693708883079315988622026194135613514009750, 6659792730632285512644614067003567282884997234315581895279377658838508994, 19979378191896856537933842218137674161126510275646177319232074613108486470, 59938134575690569613801526688666967108322567972337395224484107112511378386, 179814403727071708841404580134508790574853778207809912207028087883905973110, 539443211181215126524213740540542150224333483205025189688235796744461595234, 1618329633543645379572641221895658007672544746778266475199010456418872137510, 4854988900630936138717923666235037137016722834661181237865637501627591116146, 14564966701892808416153770999801237639048345692636307338134124769624722755670, 43694900105678425248461313001595965373141391455214449263476798838358067081474, 131084700317035275745383939009172401031416883120254402288579245574041998873350, 393254100951105827236151817036286212918236066869985315862035434840061591877906, 1179762302853317481708455451126396658402679035628400165578701700756055966149430, 3539286908559952445125366353414266014503978776922088932721295894739910279479714, 10617860725679857335376099060312950122103819670840043670134269269163215600501990, 31853582177039572006128297181079154523495225692667684754343570977376616325631666, 95560746531118716018384891543518071884853210438298161750912239271903788025146390, 286682239593356148055154674631115432283294698035484700228499770495259242171941954, 860046718780068444165464023894468730107354227547634530637025416844873482708831430, 2580140156340205332496392071685651056837002949525264451814128461252811960512505426, 7740420469020615997489176215061442903540889382340515075248489805194818906309538550, 23221261407061847992467528645193308176682429214550988665357678258457222768472660194, 69663784221185543977402585935597883462166809778711852875297452461117200404506069670, 208991352663556631932207757806829568250739473606253332384341192754842665411694387186, 626974057990669895796623273420560540480696509358995544669921249007510124631435517910, 1880922173972009687389869820261825292899045705157457729043559088508494630687011266434, 5642766521916029062169609460785763221611049469633315377198267948497412405646443224710, 16928299565748087186508828382357864350660973117221830511729985211436094244110148524946, 50784898697244261559526485147074742423638568768309260295460318366195996786672083276470, 152354696091732784678579455441226526014227005138215318406921680562363418468699525232674, 457064088275198354035738366323684175529303613081221030261846492614641111623465126504550, 1371192264825595062107215098971061721561156034576813240867702379699025047305128481126706, 4113576794476785186321645296913203554629958494396740022767432942807278566784851646606230, 12340730383430355558964935890739647443782856264522820668630950435842242550093487346270914, 37022191150291066676894807672219015891134530356233663206550154522367541349758326851717190, 111066573450873200030684423016657194792975514194031392020965069996784251448230710180960466, 333199720352619600092053269049971878618070388832754980865524422849716009142603589794499190, 999599161057858800276159807149916224332498858999586552201831694267874537023633687886733154, 2998797483173576400828479421449749849954071962001402875816011934241076630262546900666670630, 8996392449520729202485438264349251903775366656009495065869069505598135929170932376012954226, 26989177348562187607456314793047760419152401508039058074449275922544219864279380476064747350, 80967532045686562822368944379143290673109807604138319977031962579132283746371308124246011394, 242902596137059688467106833137429890850634628972457251438464157360396099546180257764841572870, 728707788411179065401320499412289710214514299237456337330129011327186795252673440078731795986, 2186123365233537196203961498236869205968763722352538178019860112473557378986285653804609542710, 6558370095700611588611884494710607768556732816337952866118526494404666123415387628550656937634, 19675110287101834765835653484131823606971081747574535262473471797181986343159224219925627431910, 59025330861305504297506960452395471423515011839844959115656200019481934975303795328324195533746, 177075992583916512892520881357186415475748568713777584003440169314317756817563631322067213077270]
Predicted:    
[-1, 0, 6, 30, 114, 390, 1266, 3990, 12354, 37830, 115026, 348150, 1050594, 3164070, 9516786, 57100714, 342604282, 2055625690, 12333754138, 74002524826, 444015148954, 2664090893722, 15984545362330, 95907272173978, 575443633043866, 3452661798263194, 20715970789579162, 124295824737474970, 745774948424849818, 4474649690549098906, 26847898143294593434, 161087388859767560602, 966524333158605363610, 5799145998951632181658, 34794875993709793089946, 208769255962258758539674, 1252615535773552551238042, 7515693214641315307428250, 45094159287847891844569498, 270564955727087351067416986, 1623389734362524106404501914, 9740338406175144638427011482, 58442030437050867830562068890, 350652182622305206983372413338, 2103913095733831241900234480026, 12623478574402987451401406880154, 75740871446417924708408441280922, 454445228678507548250450647685530, 2726671372071045289502703886113178, 16360028232426271737016223316679066, 98160169394557630422097339900074394, 588961016367345782532584039400446362, 3533766098204074695195504236402678170, 21202596589224448171173025418416069018, 127215579535346689027038152510496414106, 763293477212080134162228915062978484634, 4579760863272480804973373490377870907802, 27478565179634884829840240942267225446810, 164871391077809308979041445653603352680858, 989228346466855853874248673921620116085146, 5935370078801135123245492043529720696510874, 35612220472806810739472952261178324179065242, 213673322836840864436837713567069945074391450, 1282039937021045186621026281402419670446348698, 7692239622126271119726157688414518022678092186, 46153437732757626718356946130487108136068553114, 276920626396545760310141676782922648816411318682, 1661523758379274561860850060697535892898467912090, 9969142550275647371165100364185215357390807472538, 59814855301653884226990602185111292144344844835226, 358889131809923305361943613110667752866069069011354, 2153334790859539832171661678664006517196414414068122, 12920008745157238993029970071984039103178486484408730, 77520052470943433958179820431904234619070918906452378, 465120314825660603749078922591425407714425513438714266, 2790721888953963622494473535548552446286553080632285594, 16744331333723781734966841213291314677719318483793713562, 100465988002342690409801047279747888066315910902762281370, 602795928014056142458806283678487328397895465416573688218, 3616775568084336854752837702070923970387372792499442129306, 21700653408506021128517026212425543822324236754996652775834, 130203920451036126771102157274553262933945420529979916655002, 781223522706216760626612943647319577603672523179879499930010, 4687341136237300563759677661883917465622035139079276999580058, 28124046817423803382558065971303504793732210834475661997480346, 168744280904542820295348395827821028762393265006853971984882074, 1012465685427256921772090374966926172574359590041123831909292442, 6074794112563541530632542249801557035446157540246742991455754650, 36448764675381249183795253498809342212676945241480457948734527898, 218692588052287495102771520992856053276061671448882747692407167386, 1312155528313724970616629125957136319656370028693296486154443004314, 7872933169882349823699774755742817917938220172159778916926658025882, 47237599019294098942198648534456907507629321032958673501559948155290, 283425594115764593653191891206741445045775926197752041009359688931738, 1700553564694587561919151347240448670274655557186512246056158133590426, 10203321388167525371514908083442692021647933343119073476336948801542554, 61219928329005152229089448500656152129887600058714440858021692809255322, 367319569974030913374536691003936912779325600352286645148130156855531930, 2203917419844185480247220146023621476675953602113719870888780941133191578, 13223504519065112881483320876141728860055721612682319225332685646799149466, 79341027114390677288899925256850373160334329676093915351996113880794896794, 476046162686344063733399551541102238962005978056563492111976683284769380762, 2856276976118064382400397309246613433772035868339380952671860099708616284570, 17137661856708386294402383855479680602632215210036285716031160598251697707418, 102825971140250317766414303132878083615793291260217714296186963589510186244506, 616955826841501906598485818797268501694759747561306285777121781537061117467034, 3701734961049011439590914912783611010168558485367837714662730689222366704802202, 22210409766294068637545489476701666061011350912207026287976384135334200228813210, 133262458597764411825272936860209996366068105473242157727858304812005201372879258, 799574751586586470951637621161259978196408632839452946367149828872031208237275546, 4797448509519518825709825726967559869178451797036717678202898973232187249423653274, 28784691057117112954258954361805359215070710782220306069217393839393123496541919642, 172708146342702677725553726170832155290424264693321836415304363036358740979251517850, 1036248878056216066353322357024992931742545588159931018491826178218152445875509107098, 6217493268337296398119934142149957590455273528959586110950957069308914675253054642586, 37304959610023778388719604852899745542731641173757516665705742415853488051518327855514, 223829757660142670332317629117398473256389847042545099994234454495120928309109967133082, 1342978545960856021993905774704390839538339082255270599965406726970725569854659802798490, 8057871275765136131963434648226345037230034493531623599792440361824353419127958816790938, 48347227654590816791780607889358070223380206961189741598754642170946120514767752900745626, 290083365927544900750683647336148421340281241767138449592527853025676723088606517404473754, 1740500195565269404504101884016890528041687450602830697555167118154060338531639104426842522, 10443001173391616427024611304101343168250124703616984185331002708924362031189834626561055130, 62658007040349698562147667824608059009500748221701905111986016253546172187139007759366330778, 375948042242098191372886006947648354057004489330211430671916097521277033122834046556197984666, 2255688253452589148237316041685890124342026935981268584031496585127662198737004279337187907994, 13534129520715534889423896250115340746052161615887611504188979510765973192422025676023127447962, 81204777124293209336543377500692044476312969695325669025133877064595839154532154056138764687770, 487228662745759256019260265004152266857877818171954014150803262387575034927192924336832588126618, 2923371976474555536115561590024913601147266909031724084904819574325450209563157546020995528759706, 17540231858847333216693369540149481606883601454190344509428917445952701257378945276125973172558234, 105241391153083999300160217240896889641301608725142067056573504675716207544273671656755839035349402, 631448346918503995800961303445381337847809652350852402339441028054297245265642029940535034212096410, 3788690081511023974805767820672288027086857914105114414036646168325783471593852179643210205272578458, 22732140489066143848834606924033728162521147484630686484219877009954700829563113077859261231635470746, 136392842934396863093007641544202368975126884907784118905319262059728204977378678467155567389812824474, 818357057606381178558045849265214213850761309446704713431915572358369229864272070802933404338876946842, 4910142345638287071348275095591285283104567856680228280591493434150215379185632424817600426033261681050, 29460854073829722428089650573547711698627407140081369683548960604901292275113794548905602556199570086298, 176765124442978334568537903441286270191764442840488218101293763629407753650682767293433615337197420517786, 1060590746657870007411227420647717621150586657042929308607762581776446521904096603760601692023184523106714, 6363544479947220044467364523886305726903519942257575851646575490658679131424579622563610152139107138640282, 38181266879683320266804187143317834361421119653545455109879452943952074788547477735381660912834642831841690, 229087601278099921600825122859907006168526717921272730659276717663712448731284866412289965477007856991050138, 1374525607668599529604950737159442037011160307527636383955660305982274692387709198473739792862047141946300826, 8247153646011597177629704422956652222066961845165818303733961835893648154326255190842438757172282851677804954, 49482921876069583065778226537739913332401771070994909822403771015361888925957531145054632543033697110066829722, 296897531256417498394669359226439479994410626425969458934422626092171333555745186870327795258202182660400978330, 1781385187538504990368016155358636879966463758555816753606535756553028001334471121221966771549213095962405869978, 10688311125231029942208096932151821279798782551334900521639214539318168008006826727331800629295278575774435219866, 64129866751386179653248581592910927678792695308009403129835287235909008048040960363990803775771671454646611319194, 384779200508317077919491489557465566072756171848056418779011723415454048288245762183944822654630028727879667915162, 2308675203049902467516948937344793396436537031088338512674070340492724289729474573103668935927780172367278007490970, 13852051218299414805101693624068760378619222186530031076044422042956345738376847438622013615566681034203668044945818, 83112307309796488830610161744412562271715333119180186456266532257738074430261084631732081693400086205222008269674906, 498673843858778932983660970466475373630291998715081118737599193546428446581566507790392490160400517231332049618049434, 2992043063152673597901965822798852241781751992290486712425595161278570679489399046742354940962403103387992297708296602, 17952258378916041587411794936793113450690511953742920274553570967671424076936394280454129645774418620327953786249779610, 107713550273496249524470769620758680704143071722457521647321425806028544461618365682724777874646511721967722717498677658, 646281301640977497146824617724552084224858430334745129883928554836171266769710194096348667247879070331806336304992065946, 3877687809845864982880947706347312505349150582008470779303571329017027600618261164578092003487274421990838017829952395674, 23266126859075189897285686238083875032094903492050824675821427974102165603709566987468552020923646531945028106979714374042, 139596761154451139383714117428503250192569420952304948054928567844612993622257401924811312125541879191670168641878286244250, 837580566926706836302284704571019501155416525713829688329571407067677961733544411548867872753251275150021011851269717465498, 5025483401560241017813708227426117006932499154282978129977428442406067770401266469293207236519507650900126071107618304792986, 30152900409361446106882249364556702041594994925697868779864570654436406622407598815759243419117045905400756426645709828757914, 180917402456168676641293496187340212249569969554187212679187423926618439734445592894555460514702275432404538559874258972547482, 1085504414737012059847760977124041273497419817325123276075124543559710638406673557367332763088213652594427231359245553835284890, 6513026488422072359086565862744247640984518903950739656450747261358263830440041344203996578529281915566563388155473323011709338, 39078158930532434154519395176465485845907113423704437938704483568149582982640248065223979471175691493399380328932839938070256026, 234468953583194604927116371058792915075442680542226627632226901408897497895841488391343876827054148960396281973597039628421536154, 1406813721499167629562698226352757490452656083253359765793361408453384987375048930348063260962324893762377691841582237770529216922, 8440882328995005777376189358116544942715936499520158594760168450720309924250293582088379565773949362574266151049493426623175301530, 50645293973970034664257136148699269656295618997120951568561010704321859545501761492530277394643696175445596906296960559739051809178, 303871763843820207985542816892195617937773713982725709411366064225931157273010568955181664367862177052673581437781763358434310855066, 1823230583062921247913256901353173707626642283896354256468196385355586943638063413731089986207173062316041488626690580150605865130394, 10939383498377527487479541408119042245759853703378125538809178312133521661828380482386539917243038373896248931760143480903635190782362, 65636300990265164924877248448714253474559122220268753232855069872801129970970282894319239503458230243377493590560860885421811144694170, 393817805941590989549263490692285520847354733321612519397130419236806779825821697365915437020749381460264961543365165312530866868165018, 2362906835649545937295580944153713125084128399929675116382782515420840678954930184195492622124496288761589769260190991875185201208990106, 14177441013897275623773485664922278750504770399578050698296695092525044073729581105172955732746977732569538615561145951251111207253940634, 85064646083383653742640913989533672503028622397468304189780170555150264442377486631037734396481866395417231693366875707506667243523643802, 510387876500301922455845483937202035018171734384809825138681023330901586654264919786226406378891198372503390160201254245040003461141862810, 3062327259001811534735072903623212210109030406308858950832086139985409519925589518717358438273347190235020340961207525470240020766851176858, 18373963554010869208410437421739273260654182437853153704992516839912457119553537112304150629640083141410122045767245152821440124601107061146, 110243781324065215250462624530435639563925094627118922229955101039474742717321222673824903777840498848460732274603470916928640747606642366874, 661462687944391291502775747182613837383550567762713533379730606236848456303927336042949422667042993090764393647620825501571844485639854201242, 3968776127666347749016654483095683024301303406576281200278383637421090737823564016257696536002257958544586361885724953009431066913839125207450, 23812656765998086494099926898574098145807820439457687201670301824526544426941384097546179216013547751267518171314349718056586401483034751244698, 142875940595988518964599561391444588874846922636746123210021810947159266561648304585277075296081286507605109027886098308339518408898208507468186, 857255643575931113787597368348667533249081535820476739260130865682955599369889827511662451776487719045630654167316589850037110453389251044809114, 5143533861455586682725584210092005199494489214922860435560785194097733596219338965069974710658926314273783925003899539100222662720335506268854682, 30861203168733520096353505260552031196966935289537162613364711164586401577316033790419848263953557885642703550023397234601335976322013037613128090, 185167219012401120578121031563312187181801611737222975680188266987518409463896202742519089583721347313856221300140383407608015857932078225678768538, 1111003314074406723468726189379873123090809670423337854081129601925110456783377216455114537502328083883137327800842300445648095147592469354072611226, 6666019884446440340812357136279238738544858022540027124486777611550662740700263298730687225013968503298823966805053802673888570885554816124435667354, 39996119306678642044874142817675432431269148135240162746920665669303976444201579792384123350083811019792943800830322816043331425313328896746614004122, 239976715840071852269244856906052594587614888811440976481523994015823858665209478754304740100502866118757662804981936896259988551879973380479684024730, 1439860295040431113615469141436315567525689332868645858889143964094943151991256872525828440603017196712545976829891621377559931311279840282878104148378, 8639161770242586681692814848617893405154135997211875153334863784569658911947541235154970643618103180275275860979349728265359587867679041697268624890266]
len(predicted_full) = 200, len(input_sequence + seq_pred) = 200
is_manual_check: False
