test results being evaluated: data/test_linrec15.tsv
csv file used: ../linear_database_newbl.csv
The sequence ID inspected: A248098
csv results file used: ../linear_database_newbl.csv
Results we are looking at now:
('Could you give me a recursive equation in a form of a Python code for the following number sequence: 1,1,1,4,7,13,25,46,85,157,289,532,979,1801,3313', 'Certainly, the Python code is the following: lambda a_n: a_n[-1] + a_n[-1] + ( n + -1 )')

Experiment type: Evaluation of the results of llms.
Ground truth: 
[1, 1, 1, 4, 7, 13, 25, 46, 85, 157, 289, 532, 979, 1801, 3313, 6094, 11209, 20617, 37921, 69748, 128287, 235957, 433993, 798238, 1468189, 2700421, 4966849, 9135460, 16802731, 30905041, 56843233, 104551006, 192299281, 353693521, 650543809, 1196536612, 2200773943, 4047854365, 7445164921, 13693793230, 25186812517, 46325770669, 85206376417, 156718959604, 288251106691, 530176442713, 975146509009, 1793574058414, 3298897010137, 6067617577561, 11160088646113, 20526603233812, 37754309457487, 69441001337413, 127721914028713, 234917224823614, 432080140189741, 794719279042069, 1461716644055425, 2688516063287236, 4944951986384731, 9095184693727393, 16728652743399361, 30768789423511486, 56592626860638241, 104090069027549089, 191451485311698817, 352134181199886148, 647675735539134055, 1191261402050719021, 2191071318789739225, 4030008456379592302, 7412341177220050549, 13633420952389382077, 25075770585989024929, 46121532715598457556, 84830724253976864563, 156028027555564347049, 286980284525139669169, 527839036334680880782, 970847348415384897001, 1785666669275205446953, 3284353054025271224737, 6040867071715861568692, 11110886795016338240383, 20436106920757471033813, 37587860787489670842889, 69134854503263480117086, 127158822211510621993789, 233881537502263772953765, 430175214217037875064641, 791215573930812270012196, 1455272325650113918030603, 2676663113797964063107441, 4923151013378890251150241, 9055086452826968232288286, 16654900580003822546545969, 30633138046209681029984497, 56343125079040471808818753, 103631163705253975385349220, 190607426830504128224152471, 350581715614798575418320445, 644820306150556679027822137, 1186009448595859382670295054, 2181411470361214637116437637, 4012241225107630698814554829, 7379662144064704718601287521, 13573314839533550054532279988, 24965218208705885471948122339, 45918195192304140245081689849, 84456728240543575771562092177, 155340141641553601488591904366, 285715065074401317505235686393, 525511934956498494765389682937, 966567141672453413759217273697, 1777794141703353226029842643028, 3269873218332305134554449599663, 6014234501708111774343509516389, 11061901861743770134927801759081, 20346009581784187043825760875134, 37422145945236068953097072150605, 68830057388764026131850634784821, 126598212915784282128773467810561, 232850416249784377213721174745988, 428278686554332685474345277341371, 787727315719901344816839919897921, 1448856418524018407504906371985281, 2664862420798252437796091569224574, 4901446155042172190117837861107777, 9015164994364443035418835802317633, 16581473570204867663332765232649985, 30498084719611482888869438896075396, 56094723284180793587621039931043015, 103174281573997144139823244059768397, 189767089577789420616313722886886809, 349036094435967358343758006877698222, 641977465587753923099894973824353429, 1180780649601510702059966703588938461, 2171794209625231983503619684290990113, 3994552324814496608663481361704282004, 7347127184041239294227067749584210579, 13513473718480967886394168795579482697, 24855153227336703789284717906867975281, 45715754129858910969905954452031668558, 84084381075676582645584841154479126537, 154655288432872197404775513513378770377, 284455423638407691020266309119889565473, 523195093146956471070626663787747462388, 962305805218236359495668486421015798239, 1769956322003600521586561459328652826101, 3255457220368793352152856609537416086729, 5987719347590630233235086555287084711070, 11013132889963024106974504624153153623901, 20256309457922447692362447788977654421701, 37257161695476102032572038968417892756673, 68526604043361573831908991381548700802276, 126040075196760123556843478138944247980651, 231823840935597799421324508488910841539601, 426390520175719496810076978009403790322529, 784254436308077419788244964637258879842782, 1442468797419394716019646451135573511704913, 2653113753903191632617968393782236181870225, 4879836987630663768425859809555068573417921, 8975419538953250117063474654472878266993060, 16508370280487105518107302857810183022281207, 30363626807071019403596637321838129862692189, 55847416626511375038767414834121191151966457, 102719413714069499960471355013769504036939854, 188930457147651894402835407169728825051598501, 347497287488232769402074177017619520240504813, 639147158349954163765380939201117849329043169, 1175574902985838827570290523388466194621146484, 2162219348824025760737745639607203564190694467, 3976941410159818752073417102196787608140884121, 7314735661969683340381453265192457366952725073, 13453896420953527853192616006996448539284303662, 24745573493083029945647486374385693514377912857, 45514205576006241139221555646574599420614941593, 83713675490042798938061658027956741474277158113, 153973454559132070022930700048917034409270012564, 283201335625181110100213913723448375304162112271, 520888465674355979061206271800322151187709282949, 958063255858669159184350885572687560901141407785, 1762153057158206248345771071096458087393012803006, 3241104778691231386591328228469467799481863493741, 5961321091708106794121450185138613447776017704533, 10964578927557544429058549484704539334650894001281, 20167004797956882609771327898312620581908775199556, 37092904817222533832951327568155773364335686905371, 68224488542736960871781204951172933280895356106209, 125484398157916377314503860417641327227139818211137, 230801791517875872019236392936970033872370861222718, 424510678218529210205521458305784294380406035540065, 780796867894321459539261711660395655479916714973921, 1436109337630726541764019562903149983732693611736705, 2641416883743577211508802732869329933593016362250692, 4858323089268625212812084007432875572805626688961319, 8935849310642928966084906303205355490131336662948717, 16435589283655131390405793043507560996529979714160729, 30229761683566685569302783354145792059466943066070766]
Predicted:    
[1, 1, 1, 4, 7, 13, 25, 46, 85, 157, 289, 532, 979, 1801, 3313, 6640, 13295, 26606, 53229, 106476, 212971, 425962, 851945, 1703912, 3407847, 6815718, 13631461, 27262948, 54525923, 109051874, 218103777, 436207584, 872415199, 1744830430, 3489660893, 6979321820, 13958643675, 27917287386, 55834574809, 111669149656, 223338299351, 446676598742, 893353197525, 1786706395092, 3573412790227, 7146825580498, 14293651161041, 28587302322128, 57174604644303, 114349209288654, 228698418577357, 457396837154764, 914793674309579, 1829587348619210, 3659174697238473, 7318349394477000, 14636698788954055, 29273397577908166, 58546795155816389, 117093590311632836, 234187180623265731, 468374361246531522, 936748722493063105, 1873497444986126272, 3746994889972252607, 7493989779944505278, 14987979559889010621, 29975959119778021308, 59951918239556042683, 119903836479112085434, 239807672958224170937, 479615345916448341944, 959230691832896683959, 1918461383665793367990, 3836922767331586736053, 7673845534663173472180, 15347691069326346944435, 30695382138652693888946, 61390764277305387777969, 122781528554610775556016, 245563057109221551112111, 491126114218443102224302, 982252228436886204448685, 1964504456873772408897452, 3929008913747544817794987, 7858017827495089635590058, 15716035654990179271180201, 31432071309980358542360488, 62864142619960717084721063, 125728285239921434169442214, 251456570479842868338884517, 502913140959685736677769124, 1005826281919371473355538339, 2011652563838742946711076770, 4023305127677485893422153633, 8046610255354971786844307360, 16093220510709943573688614815, 32186441021419887147377229726, 64372882042839774294754459549, 128745764085679548589508919196, 257491528171359097179017838491, 514983056342718194358035677082, 1029966112685436388716071354265, 2059932225370872777432142708632, 4119864450741745554864285417367, 8239728901483491109728570834838, 16479457802966982219457141669781, 32958915605933964438914283339668, 65917831211867928877828566679443, 131835662423735857755657133358994, 263671324847471715511314266718097, 527342649694943431022628533436304, 1054685299389886862045257066872719, 2109370598779773724090514133745550, 4218741197559547448181028267491213, 8437482395119094896362056534982540, 16874964790238189792724113069965195, 33749929580476379585448226139930506, 67499859160952759170896452279861129, 134999718321905518341792904559722376, 269999436643811036683585809119444871, 539998873287622073367171618238889862, 1079997746575244146734343236477779845, 2159995493150488293468686472955559812, 4319990986300976586937372945911119747, 8639981972601953173874745891822239618, 17279963945203906347749491783644479361, 34559927890407812695498983567288958848, 69119855780815625390997967134577917823, 138239711561631250781995934269155835774, 276479423123262501563991868538311671677, 552958846246525003127983737076623343484, 1105917692493050006255967474153246687099, 2211835384986100012511934948306493374330, 4423670769972200025023869896612986748793, 8847341539944400050047739793225973497720, 17694683079888800100095479586451946995575, 35389366159777600200190959172903893991286, 70778732319555200400381918345807787982709, 141557464639110400800763836691615575965556, 283114929278220801601527673383231151931251, 566229858556441603203055346766462303862642, 1132459717112883206406110693532924607725425, 2264919434225766412812221387065849215450992, 4529838868451532825624442774131698430902127, 9059677736903065651248885548263396861804398, 18119355473806131302497771096526793723608941, 36238710947612262604995542193053587447218028, 72477421895224525209991084386107174894436203, 144954843790449050419982168772214349788872554, 289909687580898100839964337544428699577745257, 579819375161796201679928675088857399155490664, 1159638750323592403359857350177714798310981479, 2319277500647184806719714700355429596621963110, 4638555001294369613439429400710859193243926373, 9277110002588739226878858801421718386487852900, 18554220005177478453757717602843436772975705955, 37108440010354956907515435205686873545951412066, 74216880020709913815030870411373747091902824289, 148433760041419827630061740822747494183805648736, 296867520082839655260123481645494988367611297631, 593735040165679310520246963290989976735222595422, 1187470080331358621040493926581979953470445191005, 2374940160662717242080987853163959906940890382172, 4749880321325434484161975706327919813881780764507, 9499760642650868968323951412655839627763561529178, 18999521285301737936647902825311679255527123058521, 37999042570603475873295805650623358511054246117208, 75998085141206951746591611301246717022108492234583, 151996170282413903493183222602493434044216984469334, 303992340564827806986366445204986868088433968938837, 607984681129655613972732890409973736176867937877844, 1215969362259311227945465780819947472353735875755859, 2431938724518622455890931561639894944707471751511890, 4863877449037244911781863123279789889414943503023953, 9727754898074489823563726246559579778829887006048080, 19455509796148979647127452493119159557659774012096335, 38911019592297959294254904986238319115319548024192846, 77822039184595918588509809972476638230639096048385869, 155644078369191837177019619944953276461278192096771916, 311288156738383674354039239889906552922556384193544011, 622576313476767348708078479779813105845112768387088202, 1245152626953534697416156959559626211690225536774176585, 2490305253907069394832313919119252423380451073548353352, 4980610507814138789664627838238504846760902147096706887, 9961221015628277579329255676477009693521804294193413958, 19922442031256555158658511352954019387043608588386828101, 39844884062513110317317022705908038774087217176773656388, 79689768125026220634634045411816077548174434353547312963, 159379536250052441269268090823632155096348868707094626114, 318759072500104882538536181647264310192697737414189252417, 637518145000209765077072363294528620385395474828378505024, 1275036290000419530154144726589057240770790949656757010239, 2550072580000839060308289453178114481541581899313514020670, 5100145160001678120616578906356228963083163798627028041533, 10200290320003356241233157812712457926166327597254056083260, 20400580640006712482466315625424915852332655194508112166715, 40801161280013424964932631250849831704665310389016224333626, 81602322560026849929865262501699663409330620778032448667449, 163204645120053699859730525003399326818661241556064897335096]
len(predicted_full) = 200, len(input_sequence + seq_pred) = 200
is_manual_check: False
