test results being evaluated: data/test_linrec15.tsv
csv file used: ../linear_database_newbl.csv
The sequence ID inspected: A248572
csv results file used: ../linear_database_newbl.csv
Results we are looking at now:
('Could you give me a recursive equation in a form of a Python code for the following number sequence: 1,30,59,88,117,146,175,204,233,262,291,320,349,378,407', 'Certainly, the Python code is the following: lambda a_n: -6 * -5 * n - -1')

Experiment type: Evaluation of the results of llms.
Ground truth: 
[1, 30, 59, 88, 117, 146, 175, 204, 233, 262, 291, 320, 349, 378, 407, 436, 465, 494, 523, 552, 581, 610, 639, 668, 697, 726, 755, 784, 813, 842, 871, 900, 929, 958, 987, 1016, 1045, 1074, 1103, 1132, 1161, 1190, 1219, 1248, 1277, 1306, 1335, 1364, 1393, 1422, 1451, 1480, 1509, 1538, 1567, 1596, 1625, 1654, 1683, 1712, 1741, 1770, 1799, 1828, 1857, 1886, 1915, 1944, 1973, 2002, 2031, 2060, 2089, 2118, 2147, 2176, 2205, 2234, 2263, 2292, 2321, 2350, 2379, 2408, 2437, 2466, 2495, 2524, 2553, 2582, 2611, 2640, 2669, 2698, 2727, 2756, 2785, 2814, 2843, 2872, 2901, 2930, 2959, 2988, 3017, 3046, 3075, 3104, 3133, 3162, 3191, 3220, 3249, 3278, 3307, 3336, 3365, 3394, 3423, 3452, 3481, 3510, 3539, 3568, 3597, 3626, 3655, 3684, 3713, 3742, 3771, 3800, 3829, 3858, 3887, 3916, 3945, 3974, 4003, 4032, 4061, 4090, 4119, 4148, 4177, 4206, 4235, 4264, 4293, 4322, 4351, 4380, 4409, 4438, 4467, 4496, 4525, 4554, 4583, 4612, 4641, 4670, 4699, 4728, 4757, 4786, 4815, 4844, 4873, 4902, 4931, 4960, 4989, 5018, 5047, 5076, 5105, 5134, 5163, 5192, 5221, 5250, 5279, 5308, 5337, 5366, 5395, 5424, 5453, 5482, 5511, 5540, 5569, 5598, 5627, 5656, 5685, 5714, 5743, 5772]
Predicted:    
[1, 30, 59, 88, 117, 146, 175, 204, 233, 262, 291, 320, 349, 378, 407, 451, 481, 511, 541, 571, 601, 631, 661, 691, 721, 751, 781, 811, 841, 871, 901, 931, 961, 991, 1021, 1051, 1081, 1111, 1141, 1171, 1201, 1231, 1261, 1291, 1321, 1351, 1381, 1411, 1441, 1471, 1501, 1531, 1561, 1591, 1621, 1651, 1681, 1711, 1741, 1771, 1801, 1831, 1861, 1891, 1921, 1951, 1981, 2011, 2041, 2071, 2101, 2131, 2161, 2191, 2221, 2251, 2281, 2311, 2341, 2371, 2401, 2431, 2461, 2491, 2521, 2551, 2581, 2611, 2641, 2671, 2701, 2731, 2761, 2791, 2821, 2851, 2881, 2911, 2941, 2971, 3001, 3031, 3061, 3091, 3121, 3151, 3181, 3211, 3241, 3271, 3301, 3331, 3361, 3391, 3421, 3451, 3481, 3511, 3541, 3571, 3601, 3631, 3661, 3691, 3721, 3751, 3781, 3811, 3841, 3871, 3901, 3931, 3961, 3991, 4021, 4051, 4081, 4111, 4141, 4171, 4201, 4231, 4261, 4291, 4321, 4351, 4381, 4411, 4441, 4471, 4501, 4531, 4561, 4591, 4621, 4651, 4681, 4711, 4741, 4771, 4801, 4831, 4861, 4891, 4921, 4951, 4981, 5011, 5041, 5071, 5101, 5131, 5161, 5191, 5221, 5251, 5281, 5311, 5341, 5371, 5401, 5431, 5461, 5491, 5521, 5551, 5581, 5611, 5641, 5671, 5701, 5731, 5761, 5791, 5821, 5851, 5881, 5911, 5941, 5971]
len(predicted_full) = 200, len(input_sequence + seq_pred) = 200
is_manual_check: False
