test results being evaluated: data/test_linrec15.tsv
csv file used: ../linear_database_newbl.csv
The sequence ID inspected: A254641
csv results file used: ../linear_database_newbl.csv
Results we are looking at now:
('Could you give me a recursive equation in a form of a Python code for the following number sequence: 1,131,2577,23723,141694,636426,2331462,7323954,20396871,51550213,120271151,262391493,540659756,1060489444,1992739932', 'Certainly, the Python code is the following: lambda a_n: a_n[-1] * 9 - 5 - -4 * ( 6 * n ) + -4 + 8')

Experiment type: Evaluation of the results of llms.
Ground truth: 
[1, 131, 2577, 23723, 141694, 636426, 2331462, 7323954, 20396871, 51550213, 120271151, 262391493, 540659756, 1060489444, 1992739932, 3605846676, 6310148349, 10717864983, 17722868317, 28605158351, 45165823626, 69899222030, 106210179010, 158685165990, 233427698595, 338469587001, 484271184411, 684325419337, 955882168088, 1320811430664, 1806625821176, 2447685077992, 3286607644089, 4375916869611, 5779952051433, 7577077353651, 9862224653398, 12749809533266, 16377062999934, 20907825053402, 26536849967551, 33494677075629, 42053124988743, 52531471516557, 65303386112196, 80804686432876, 99541995599060, 122102381953020, 149164068567605, 181508305442815, 220032503256501, 265764733711191, 319879707946722, 383716351173078, 458797098624634, 546849045150926, 649827088245147, 769939212074849, 909674068124851, 1071831016395153, 1259552799721776, 1476361032710928, 1726194696001776, 2013451836105424, 2343034680912497, 2720398391124051, 3151603678345409, 3643373531395003, 4203154303525422, 4839181424736666, 5560550015187126, 6377290687881090, 7300450841337655, 8342181755829845, 9515831820029535, 10836046228508501, 12318873504533596, 13981879216959732, 15844267274773068, 17927009197973604, 20252981779016301, 22847113564957927, 25736540606788109, 28950771939162591, 32521865270909498, 36484613384250526, 40876741758673458, 45739117953815286, 51115973304571539, 57055137500942217, 63608286644863051, 70831205396457689, 78784063842786888, 87531709743269912, 97143976827516136, 107696009843336376, 119268607075208745, 131948581076457915, 145829138381874585, 161010278991458755, 177599216440421126, 195710819295526626, 215468074943317742, 237002576561718058, 260455034192993199, 285975810863042301, 313725484719513207, 343875438189283869, 376608475184435956, 412119467414969468, 450616030896174276, 492319233768790988, 537464336580864421, 586301566211523279, 639096924648814437, 696133033866184551, 757710018075240594, 824146424666039398, 895780185180359402, 972969617698200606, 1056094472053146251, 1145557019328207025, 1241783187120360675, 1345223742099201825, 1456355521422933600, 1575682714613369376, 1703738197530674656, 1841084920128270752, 1988317349708648673, 2146062971441808419, 2314983847949650801, 2495778239801910987, 2689182288812140254, 2895971766065819946, 3116963886656934438, 3353019193154243026, 3605043509864079143, 3873989970002774181, 4160861117938757519, 4466711088712029157, 4792647867087041676, 5139835628444069124, 5509497163863886908, 5902916391811043892, 6321440958872180701, 6766484932057741751, 7239531585228047805, 7742136282258045935, 8275929459609139690, 8842619711031329070, 9443996977174462626, 10081935842943727686, 10758398945491584387, 11475440495796189913, 12235209916834966139, 13039955601421341801, 13892028792832854392, 14793887591419732264, 15748101090444798936, 16757353644468054408, 17824449273652597401, 18952316207432662923, 20144011571049466441, 21402726218526274259, 22731789715720664502, 24134675477159309426, 25615006060428802654, 27176558621965079418, 28823270538153839007, 30559245195725081421, 32388757955496419751, 34316262293592231085, 36346396124338966820, 38483988309111063180, 40734065355476879540, 43101858311069950876, 45592809856687576341, 48212581603196383647, 50967061596903013653, 53862372038127466359, 56904877217796943426, 60101191676959218422, 63458188594196669274, 66983008406005122926, 70683067665285595003, 74566068143181862401, 78640006179582589203, 82913182287693441201, 87394211018172276624, 92092031088409095472, 97015915782621972176, 102175483628530691184, 107580709356461257553, 113241935146826869747, 119169882172024324641, 125375662438879180251, 131870790937868334990, 138667198105444998330, 145777242605888331670, 153213724439198335010]
Predicted:    
[1, 131, 2577, 23723, 141694, 636426, 2331462, 7323954, 20396871, 51550213, 120271151, 262391493, 540659756, 1060489444, 1992739932, 17934659747, 161411938106, 1452707443361, 13074366990680, 117669302916575, 1059023726249654, 9531213536247389, 85780921826227028, 772028296436043803, 6948254667924394802, 62534292011319553817, 562808628101875984976, 5065277652916883865431, 45587498876251954789550, 410287489886267593106645, 3692587408976408337960524, 33233286680787675041645459, 299099580127089075374809898, 2691896221143801678373289873, 24227065990294215105359609672, 218043593912647935948236487887, 1962392345213831423534128391846, 17661531106924482811807155527501, 158953779962320345306264399748420, 1430584019660883107756379597736715, 12875256176947947969807416379631394, 115877305592531531728266747416683529, 1042895750332783785554400726750152768, 9386061752995054069989606540751375943, 84474555776955486629906458866762384542, 760271001992599379669158129800861461957, 6842439017933394417022423168207753158716, 61581951161400549753201808513869778429571, 554237560452604947778816276624828005867290, 4988138044073444530009346489623452052806785, 44893242396661000770084118406611068475262264, 404039181569949006930757065659499616277361599, 3636352634129541062376813590935496546496255638, 32727173707165869561391322318419468918466302013, 294544563364492826052521900865775220266196719412, 2650901070280435434472697107791976982395770476027, 23858109632523918910254273970127792841561934285586, 214722986692715270192288465731150135574057408571641, 1932506880234437431730596191580351220166516677146160, 17392561922109936885575365724223160981498650094316855, 156533057298989431970178291518008448833487850848853134, 1408797515690904887731604623662076039501390657639679669, 12679177641218143989584441612958684355512515918757118508, 114112598770963295906259974516628159199612643268814068083, 1027013388938669663156339770649653432796513789419326614282, 9243120500448026968407057935846880895168624104773939530097, 83188084504032242715663521422621928056517616942965455772456, 748692760536290184440971692803597352508658552486689101953711, 6738234844826611659968745235232376172577926972380201917585030, 60644113603439504939718707117091385553201342751421817258266925, 545797022430955544457468364053822469978812084762796355324404004, 4912173201878599900117215276484402229809308762865167197919637739, 44209558816907399101054937488359620068283778865786504781276741378, 397886029352166591909494437395236580614554009792078543031490674153, 3580974264169499327185449936557129225530986088128706887283416069152, 32228768377525493944669049429014163029778874793158361985550744624167, 290058915397729445502021444861127467268009873138425257869956701619326, 2610530238579565009518193003750147205412088858245827320829610314575781, 23494772147216085085663737033751324848708799724212445887466492831183900, 211452949324944765770973633303761923638379197517912012987198435480656995, 1903076543924502891938762699733857312745412777661208116884785919325914874, 17127688895320526027448864297604715814708714998950873051963073273933235809, 154149200057884734247039778678442442332378434990557857467667659465399124248, 1387342800520962608223358008105981980991405914915020717209008935188592120223, 12486085204688663474010222072953837828922653234235186454881080416697329084022, 112374766842197971266091998656584540460303879108116678093929723750275961758237, 1011372901579781741394827987909260864142734911973050102845367513752483655826196, 9102356114218035672553451891183347777284614207757450925608307623772352902437851, 81921205027962321052981067020650129995561527869817058330474768613951176121942770, 737290845251660889476829603185851169960053750828353524974272917525560585097487065, 6635617607264948005291466428672660529640483757455181724768456257730045265877385744, 59720558465384532047623197858053944766764353817096635522916106319570407392896473879, 537485026188460788428608780722485502900879184353869719706244956876133666536068267118, 4837365235696147095857479026502369526107912659184827477356204611885202998824614406293, 43536287121265323862717311238521325734971213932663447296205841506966826989421529658892, 391826584091387914764455801146691931614740925393971025665852573562701442904793766932307, 3526439256822491232880102210320227384532668328545739230992673162064312986143143902393066, 31737953311402421095920919892882046460794014956911653078934058458578816875288295121539921, 285641579802621789863288279035938418147146134612204877710406526127209351877594656093861640, 2570774218223596108769594511323445763324315211509843899393658735144884166898351904844757135, 23136967964012364978926350601911011869918836903588595094542928616303957502085167143602816614, 208232711676111284810337155417199106829269532132297355850886357546735617518766504292425351949, 1874094405085001563293034398754791961463425789190676202657977217920620557668898538631828169988, 16866849645765014069637309588793127653170832102716085823921794961285585019020086847686453532363, 151801646811885126626735786299138148878537488924444772415296154651570265171180781629178081793762, 1366214821306966139640622076692243339906837400320002951737665391864132386540627034662602736146377, 12295933391762695256765598690230190059161536602880026565638988526777191478865643311963424625319936, 110663400525864257310890388212071710532453829425920239090750896740994723309790789807670821627881991, 995970604732778315798013493908645394792084464833282151816758070668952509788117108269037394650940510, 8963735442595004842182121445177808553128760183499539366350822636020572588093053974421336551858467205, 80673618983355043579639093006600276978158841651495854297157403724185153292837485769792028966726207484, 726062570850195392216751837059402492803429574863462688674416633517666379635537371928128260700535870019, 6534563137651758529950766533534622435230866173771164198069749701658997416719836347353154346304822832858, 58811068238865826769556898801811601917077795563940477782627747314930976750478527126178389116743405498433, 529299614149792440926012089216304417253700160075464300043649725834378790754306744135605502050690649488632, 4763696527348131968334108802946739755283301440679178700392847532509409116788760697220449518456215845400447, 42873268746133187715006979226520657797549712966112608303535627792584682051098846274984045666105942608606806, 385859418715198689435062813038685920177947416695013474731820650133262138459889616474856410994953483477464061, 3472734768436788204915565317348173281601526750255121272586385851199359246139006548273707698954581351297179380, 31254612915931093844240087856133559534413740752296091453277472660794233215251058934463369290591232161674617275, 281291516243379844598160790705202035809723666770664823079497253947148098937259530410170323615321089455071558354, 2531623646190418601383447116346818322287513000935983407715475285524332890435335773691532912537889805095644028089, 22784612815713767412451024047121364900587617008423850669439277569718996013918021963223796212841008245860796255728, 205061515341423906712059216424092284105288553075814656024953498127470964125262197669014165915569074212747166304503, 1845553638072815160408532947816830556947596977682331904224581483147238677127359779021127493240121667914724496743502, 16609982742655336443676796530351475012528372799140987138021233348325148094146238011190147439161095011232520470694517, 149489844683898027993091168773163275112755355192268884242191100134926332847316142100711326952449855101092684236253676, 1345408602155082251937820518958469476014798196730419958179719901214336995625845278906401942572048695909834158126286131, 12108677419395740267440384670626225284133183770573779623617479110929032960632607510157617483148438263188507423136578250, 108978096774561662406963462035636027557198653935164016612557311998361296645693467591418557348335944368696566808229207345, 980802870971054961662671158320724248014787885416476149513015807985251669811241208322767016135023499318269101274062869224, 8827225838739494654964040424886518232133090968748285345617142271867265028301170874904903145215211493864421911466565826159, 79445032548655451894676363823978664089197818718734568110554280446805385254710537874144128306936903444779797203199092438598, 715005292937899067052087274415807976802780368468611112994988524021248467292394840867297154762432131003018174828791831950573, 6435047636441091603468785469742271791225023316217500016954896716191236205631553567805674392861889179027163573459126487558372, 57915428727969824431219069227680446121025209845957500152594070445721125850683982110251069535757002611244472161132138388028587, 521238858551728419880971623049124015089226888613617501373346634011490132656155838992259625821813023501200249450189245492260546, 4691149726965555778928744607442116135803041997522557512360119706103411193905402550930336632396317211510802245051703209430348201, 42220347542690002010358701466979045222227377977703017611241077354930700745148622958373029691566854903597220205465328884873137120, 379983127884210018093228313202811407000046401799327158501169696194376306706337606625357267224101694132374981849187959963858237415, 3419848150957890162839054818825302663000417616193944426510527265749386760357038459628215405016915247191374836642691639674724140094, 30778633358621011465551493369427723967003758545745499838594745391744480843213346136653938645152237224722373529784224757072517264229, 277007700227589103189963440324849515703033826911709498547352708525700327588920115229885447806370135022501361768058022813652655381468, 2493069302048301928709670962923645641327304442205385486926174376731302948300281037068969030257331215202512255912522205322873898436643, 22437623718434717358387038666312810771945739979848469382335569390581726534702529333620721272315980936822610303212699847905865085933242, 201938613465912456225483347996815296947511659818636224441020124515235538812322764002586491450843828431403492728914298631152785773402657, 1817447521193212106029350131971337672527604938367726019969181120637119849310904876023278423057594455882631434560228687680375071960627416, 16357027690738908954264151187742039052748444445309534179722630085734078643798143884209505807518350102943682911042058189123375647645650271, 147213249216650180588377360689678351474736000007785807617503670771606707794183294957885552267665150926493146199378523702110380828810855990, 1324919242949851625295396246207105163272624000070072268557533036944460370147649654620969970408986358338438315794406713318993427459297707485, 11924273186548664627658566215863946469453616000630650417017797332500143331328846891588729733680877225045944842149660419870940847133679370964, 107318458678937981648927095942775518225082544005675853753160175992501289981959622024298567603127895025413503579346943778838467624203114342299, 965866128110441834840343863484979664025742896051082683778441583932511609837636598218687108428151055228721532214122494009546208617828029084338, 8692795152993976513563094771364816976231686064459744154005974255392604488538729383968183975853359497058493789927102446085915877560452261762713, 78235156376945788622067852942283352786085174580137697386053768298533440396848564455713655782680235473526444109343922014773242898044070355868112, 704116407392512097598610676480550175074766571221239276474483914686800963571637080101422902044122119261737996984095298132959186082396633202816727, 6337047666532608878387496088324951575672899140991153488270355232181208672144733720912806118397099073355641972856857683196632674741569698825354286, 57033428998793479905487464794924564181056092268920381394433197089630878049302603488215255065573891660200777755711719148769694072674127289428192341, 513300860989141319149387183154321077629504830420283432549898773806677902443723431393937295590165024941806999801405472338927246654067145604853734860, 4619707748902271872344484648388889698665543473782550892949088964260101121993510882545435660311485224476262998212649251050345219886604310443683617555, 41577369740120446851100361835500007287989891264042958036541800678340910097941597942908920942803367020286366983913843259453106978979438793993152561834, 374196327661084021659903256519500065591909021376386622328876206105068190881474381486180288485230303182577302855224589335077962810814949145938373060369, 3367766948949756194939129308675500590327181192387479600959885854945613717933269433375622596367072728643195725697021304015701665297334542313445357547208, 30309902540547805754452163778079505312944630731487316408638972694510523461399424900380603367303654557788761531273191736141314987676010880821008217928783, 272789122864930251790069474002715547816501676583385847677750754250594711152594824103425430305732891020098853781458725625271834889084097927389073961362982, 2455102105784372266110625266024439930348515089250472629099756788255352400373353416930828872751596019180889684033128530627446514001756881346501665652270797, 22095918952059350394995627394219959373136635803254253661897811094298171603360180752377459854764364172628007156298156775647018626015811932118514990870441156, 198863270568534153554960646547979634358229722229288282957080299848683544430241626771397138692879277553652064406683410980823167634142307389066634917833974411, 1789769435116807381994645818931816709224067500063594546613722698638151899872174640942574248235913497982868579660150698827408508707280766501599714260505773730, 16107924916051266437951812370386350383016607500572350919523504287743367098849571768483168234123221481845817216941356289446676578365526898514397428344551967625, 144971324244461397941566311333477153447149467505151158275711538589690303889646145916348514107108993336612354952472206605020089205289742086629576855100967712704, 1304741918200152581474096802001294381024345207546360424481403847307212735006815313247136626963980940029511194572249859445180802847607678779666191695908709418439, 11742677263801373233266871218011649429219106867917243820332634625764914615061337819224229642675828460265600751150248735006627225628469109016995725263178384770078, 105684095374212359099401840962104844862971961811255194382993711631884231535552040373018066784082456142390406760352238615059645030656221981152961527368605462934853, 951156858367911231894616568658943603766747656301296749446943404686958083819968363357162601056742105281513660843170147535536805275905997830376653746317449166417852, 8560411725311201087051549117930492433900728906711670745022490642182622754379715270214463409510678947533622947588531327819831247483153980473389883716857042497764867, 77043705527800809783463942061374431905106560160405036705202415779643604789417437431930170685596110527802606528296781950378481227348385824260508953451713382479888026, 693393349750207288051175478552369887145959041443645330346821742016792443104756936887371536170364994750223458754671037553406331046135472418344580581065420442318996481, 6240540147751865592460579306971328984313631372992807973121395678151131987942812431986343825533284952752011128792039337980656979415219251765101225229588783980870972600, 56164861329766790332145213762741960858822682356935271758092561103360187891485311887877094429799564574768100159128354041825912814736973265885911027066299055827838757695, 505483751967901112989306923864677647729404141212417445822833049930241691023367806990893849868196081172912901432155186376433215332632759392973199243596691502450548823574, 4549353767711110016903762314782098829564637270911757012405497449372175219210310262918044648813764730556216112889396677387898937993694834536758793192370223522054939416509, 40944183909399990152133860833038889466081735438205813111649477044349576972892792366262401839323882575005945016004570096491090441943253510830829138731332011698494454752948, 368497655184599911369204747497350005194735618943852318004845293399146192756035131296361616553914943175053505144041130868419813977489281597477462248581988105286450092780923, 3316478896661399202322842727476150046752620570494670862043607640592315734804316181667254548985234488575481546296370177815778325797403534377297160237237892947578050835032722, 29848310069952592820905584547285350420773585134452037758392468765330841613238845635005290940867110397179333916667331600342004932176631809395674442135141036528202457515298937, 268634790629573335388150260925568153786962266210068339825532218887977574519149610715047618467803993574614005250005984403078044389589686284561069979216269328753822117637694896, 2417713115666160018493352348330113384082660395890615058429789969991798170672346496435428566210235942171526047250053859627702399506307176561049629812946423958784399058739258551, 21759418040995440166440171134971020456743943563015535525868109729926183536051118467918857095892123479543734425250484736649321595556764589049446668316517815629059591528653331470, 195834762368958961497961540214739184110695492067139819732812987569335651824460066211269713863029111315893609827254362629843894360010881301445020014848660340661536323757879987765, 1762512861320630653481653861932652656996259428604258377595316888124020866420140595901427424767262001843042488445289263668595049240097931713005180133637943065953826913820919894444, 15862615751885675881334884757393873912966334857438325398357851993116187797781265363112846822905358016587382396007603373017355443160881385417046621202741487593584442224388279054579, 142763541766971082932013962816544865216697013716944928585220667938045690180031388268015621406148222149286441564068430357156198988447932468753419590824673388342259980019494511495818, 1284871875902739746388125665348903786950273123452504357266986011442411211620282494412140592655333999343577974076615873214405790896031392218780776317422060495080339820175450603466993, 11563846883124657717493130988140134082552458111072539215402874102981700904582542449709265333898005994092201766689542858929652118064282529969026986856798544455723058381579055431207592, 104074621948121919457438178893261206742972122999652852938625866926835308141242882047383388005082053946829815900205885730366869062578542769721242881711186900101507525434211498880873007, 936671597533097275116943610039350860686749106996875676447632802341517773271185938426450492045738485521468343101852971573301821563206884927491185935400682100913567728907903489927861766, 8430044377797875476052492490354157746180741962971881088028695221073659959440673445838054428411646369693215087916676744159716394068861964347420673418606138908222109560171131409350760621, 75870399400180879284472432413187419715626677666746929792258256989662939634966061012542489855704817327238935791250090697437447546619757679126786060767455250173998986041540182684156850340, 682833594601627913560251891718686777440640099000722368130324312906966456714694549112882408701343355945150422121250816276937027919577819112141074546907097251565990874373861644157411657835]
len(predicted_full) = 200, len(input_sequence + seq_pred) = 200
is_manual_check: False
