test results being evaluated: data/test_linrec15.tsv
csv file used: ../linear_database_newbl.csv
The sequence ID inspected: A254659
csv results file used: ../linear_database_newbl.csv
Results we are looking at now:
('Could you give me a recursive equation in a form of a Python code for the following number sequence: 1,9,77,661,5673,48689,417877,3586461,30781073,264180889,2267352477', 'Certainly, the Python code is the following: lambda a_n: 2 - a_n[-1] * -8')

Experiment type: Evaluation of the results of llms.
Ground truth: 
[1, 9, 77, 661, 5673, 48689, 417877, 3586461, 30781073, 264180889, 2267352477, 19459724261, 167014556473, 1433415073089, 12302393367077, 105586222302061, 906201745251873, 7777545073525289, 66751369314461677, 572898679883319861, 4916946285638867273, 42200063684527537489, 362185240904414636277, 3108482245657954777661, 26678784169785711402673, 228972684586575465109689, 1965175397541532277890877, 16866266603265135548675461, 144756009813828745778858073, 1242379411526955643974241889, 10662815341284788880688225477, 91514419787913089265377013261, 785429435009728658526457233473, 6741007579017394714538542934089, 57855207807187801008940629640077, 496546700352589381644217751791061, 4261649641856654058198445162528873, 36575930636616179373808650059186289, 313915693302212705281461426286134677, 2694205199600782539120734660585008861, 23123220063317323839373184416110744273, 198456786504542503410589148631810998489, 1703270392352926646481579111135041709277, 14618447071346125688905578632239388666661, 125463928532533638743652524613590317879673, 1076803663616999738393748090069919486370689, 9241748951598666100868247343627307480363877, 79318009930874327498914719199368057274764461, 680752824204987950495658990313080995599935073, 5842612643294275241459845518501488251173302889, 50144665267379141684157059099577310987386098477, 430370385355504509680555700389125929154955302261, 3693686409180931785865230898610893988176572910473, 31701343200224976835324625690832781551187359795089, 272079177647704473611923160019716722350381742913077, 2335140137182760673072008408611897686558990742280061, 20041516985700607752635683068993765104223834652805873, 172007836571518665386445506595009609266585630933847289, 1476270277500652361854742468105045699653804220734807677, 12670201402862812221770167277815413643563361920547697861, 108742962610405759583435050563048537646775916468055621273, 933294707897560137776331240893465369392024141347183459489, 8010072476232509900127825179962965643370072713117745782277, 68747053349347879889904257644171051993920702411677883555661, 590026789175945588619873187053183244168215982859011797356673, 5063949580154304108408506784646321213315331374930483796631689, 43461730587114160810367420212436485927363730913738929359836877, 373013592597684807024981895622723493485486504184563853861853461, 3201417393717049260251692266043970377520710688045205477694012073, 27476407112724818117138447606465380487593118025284463090861363889, 235818343870383791238366042181942895788348497642501732115360971477, 2023928786526694420492620575487870068744753571266436172377194591261, 17370522011565474320132794814812675028899771058343998039594361587473, 149083820025157266663525461395940750574921936323084165178640865656089, 1279523170259085504908867665241589379743874345876393311627098733186077, 10981604462198470372588568628912418790825604448626567318909994193769061, 94250451548883190505252887357507297225324207318394505109415447216082873, 808911634702057875904965942004620471756721680790288877469873548697508289, 6942545335360878959765991972824500260180394482914283545306065625660480677, 59584920856397321057652765492619104440226764267265712749797892748771386861, 511392093527982963260052083805075336822716086552697119724913470118473498273, 4389061352505850311368680497903698216782862513757905521548297224691644920489, 37669451287686717307249704402254962418376480542826729771010945148125526855277, 323300917064022990014841037707558190430926156911403365775829047308462439444661, 2774754592950617506654976823671740335539291658005360575061687104208327149833673, 23814541328925055003314019777911713636468964048599901429372642070208929395892689, 204390103596153527559787042341652410769448170678826014310289572082713070916309877, 1754193535413853495494866437622777854337930185673607621629179787012749214309942461, 15055498801291595601757866712690484888550682338782991044584886156515559069061089073, 129214958087402032291537265889637768380095109638631966464824988187188218624038424889, 1108997158705674236341087460680554571483514288802970686941524336280083544337612844477, 9518052060082404052186386014892625413768589858616925327856319631176609447821094880261, 81689402274187603599196525422543776167566290312950256057558178730813293304256823264473, 701105478493912849054504133454813336409373271796686675099747028002389393673160060517089, 6017290839322240810432015694751225572112817625938244681085767117673181615906564600459077, 51643854107047490728728646225283871258949407366489390824184872081397399895618317106258061, 443237287052991129881989248276027097932159347061606349998907812239545107244479359852359873, 3804117566959166492699557217334636139752021813325297754112186858323347857433926464350169289, 32649126970938287591006403980057224607676971241910413782892033927784508395693808514063153677, 280213603602302133191549017927130977560175879001909799033697205713892806452720100434256075861, 2404954463673108503487424163317333943519791888224830461184037815350064993600229846044364375273, 20640703727396378693857138396174326435959214500808192684640788551369983981065439270526195381489, 177150402137536572068294227985981281205272675447589693783046497487710196816524663394431384928277, 1520406735737274470015639515868721881821977476084758513687575922658531494437524503508082056333661, 13049005896585878620466587266879681460602183185916016578415839868706802939582819345036813375310673, 111994080851373401313810895714381061093927352867751925195764598562947080988850177277834917284153689, 961197676293916603612820102049446896054429738871595484458195987847110662608715514947863405149782877, 8249551814608199835471615294967480473905074675311523501644390895591620705813975005972081827619031461, 70802402898335181701837022869987078271512746096850165435446107103968518959555377622515971646701166073, 607666982259722452792054259434734028541627342151358940991790811309706255205512896009988182311704485889, 5215347872569455530845619189827807619690582467695122355111557025997492636441880056192485316727141717477, 44761117891854256510725224815796131100232796452317773545851410264528472367562604929589823445375656169261, 384165682497681329740029894475508086900315283957017800142369067246215242122710239717681014146640957941473, 3297131049440721920473865279883045350703686253917731268868209589292364298819494942389397230400005944378089, 28297876808014182012491071711441903240131066451126939151657522050569990601169510737703582913933252344732077, 242868669711317065702297900090950452674566962878604169557601224351021746303453560613575649463466048479747061, 2084438741730607435680838559284813137597191035284468052219097405061023923433476038597123110277394649561636873, 17889853282401444813958197974733257364150363096668765265540785362243300118985076111844863129536487438891830289, 153541019967864595690069776594290124601188859949772462385421769923251520569047989087744520587678872758942826677, 1317777426154923989590349202627987283630262695081523525411078086197228665147309293261180480349113419266001764861, 11309924509078714895173142503995348892048045860401050515215733539194086924023714291528166445731301717922728252273, 97068283203404339109336886045102727554535680358616021748781258744538838717926260798531233967595980839711834842489, 833095888172628287350560800880798564896525672170933426566328737652281144363528657845890703969424355307308320001277, 7150108521398047994351170837271902156944883779160547521274536194940943348497860566759781801593374746657025734222661, 61366347612047525391562170702579210080041698594139047303027933247788952509800527823307707932594119749792747473787673, 526681323503370443104253219806993191425058007648915116030596146957016336820893525420260572468719831731627108461414689, 4520282326087201171791836611968841581800672554162016164759908841895075457116150842478623119412729252601980605060255877, 38795665226214461589855958994785698611530670471540704898232251469945685341033674366930287817645433179473980382789120461, 332966733440151698577806855018129796801248726543135720009657555969040860013850149147835418138227111698801746087614243073, 2857712193652285896571734635118966867467643164702789284568421705102055306815969565017334784194044059487783870614859546889, 24526531216419045665462911356042383923747388950337992876595661420661646754597007265877855364243488034396279695356947590477, 210500810699613794806561964023933905727317327426217889435607399890803450570855905952109516834918124572609156915929878458261, 1806639141679005586779810268971683165437275564161433079867837506229735838339832283946265411500562436752854653804223765618473, 15505617186930113668271291971893134852134791150422554086120737049291903959572937801330670876179090116885883015013439517239089, 133078133203835937280069387120003494644264707024187598088305083925483910868282663830376694066935533118851337389128634966005077, 1142153151565338066581911556819493631414791611945613555137044356650330806744125999649666906916379715535240114188096277314236061, 9802615878541884219055639390155966524539656430685846431537880272830066008294421316349218725665715389876177600450413393343913873, 84131692786161764085354672905345200353391209505214839227988263965892182100076000529042084339907621696685621374543788533322491289, 722066621682003533778115580193541435449827958195147945981595513091287786842080110814082768347589550522865858998602375233299499677, 6197191437386837090651698006075057485365579713087257763992705424559763205237020889157872568480254512666354978861537944533008453861, 53187864607504714394104161949568167060173777495673801841849620961934544576106567667333394389579983853945169125885315432430565129273, 456488874046971900606091785626920623908218118530826703554760494818275172635037645784456517959041143394893127901390213182109563303489, 3917850315413298776819255094763205826566613835724982637647332063355874103960834004612319115620229066428870868840548282619029332074277, 33625246893541249717584499686240249732074001278453994618952458980938368694861860265820835514757038248405432590231337326862782473111661, 288591226725396491624772272963738026989425079406256870139856332164286320078699052149628279696157451319387815066053440027997406445264673, 2476856048270878181586100682141105464575770641642324934213612952218982404103901718526130415143044801797129683479584206858293163927675689, 21257804519794007910812666821947533851553290530169883824408185278573290833224709008957184719625145670973976543166940855006332343647728877, 182446716399706454194431837986285798135305177449570695266333546989681238686317180664288129832716389376777460762733447874342124568820209461, 1565862753796621673109518038000024054340207872247414981252709302310316363656660990359090962259856843369089568817702287269768658268800320073, 13439135612371505655848303493931621425398188865227173326353342153430937102684873826194168347242436693836603854355285537529859888994503607889, 115342398667955153612334018141453091674886550283054461517090283738999078639762295561348801589238777767538278678930795736587722403300030463477, 989934867405498757177913662601282840526083346590571558768488980679147314631522733621761254450122405609489248703222793580351078671372761747261, 8496190932583765825484979391517528182583099524139844777733363264128173910250993346780834043547173133713605383020436327325747241387482246295473, 72919201797697620389769403445146639663295212926071616015709351016421127855165560442355478620627997097756289307679604586507733324456721779100089, 625834569044499792245580124518760758219277201029272152014341624452009892392579450272747999182759842450618341376539018328690602802591185464278077, 5371272561344486439913488013375819264070693672864535296193279750698184778416463404393761386565218725093728177550710169562063489043013092609725061, 46099353335978390480535804729600357903661935388062643129617946127845527689294604486513831088435549013002917127288376448139960926357060668199190873, 395651189494549556043853877903681959549648951468823821517909967776255145406439152914079455640310485729491977906060562432930004856071550808642152289, 3395706282636288400753510046877457465915501288690903787791369472849268801697986245745204800564661630900950408884926381704139843480357709810133172677, 29143906208563054986247349764538069525072255066871349409920505621675426140616085730532035682718845475855063160609713865797768772123219432524276142861, 250129781081685881893746348350691843530155546978425314218320892337649753133418617072982309464574071961345257329302342834902849394387544009244875006273, 2146757779696302330081207535628225095866605651161759260796169666809575155770429365236518654130186803070037374437467312008211639015716449236580380764489, 18424711142978848050118392026779259984583622944186200657460961796164850011830528007257060780364364784367025282146250210240207359097669313938867421147277, 158131478042312296051353173892375205356002011809298401563668542703366675873496370884239079513565852290286389129357338241962717067859936757693841273000661, 1357175380053392608661417351272897942770934209195318215796653150607757657047123607110197940010348642244126239445589956986902773338367840631245067289741673, 11648060430638702349548104679645059568947483732609037734191567918378894635744470711302778917650618399404441861211506347105035772046242408838429744682936689, 99970360345376581839691924193524966265434540906848892952515809100069945371191383725973221041256690406456166086920000561774800043061778473863663293912201877, 858003184916206166465275916946425027968213745917836332291084312392454036148253423364299662918306615248671538001417536229723579204725439835101455074712298461, 7363877281056532240920666956539025055072882671876935123091253544639982016041984305544263408552736374021653134445940292646662633853112411050129957067259397073, 63201034173033288759691715237044325580424130104604662646185449919082126309077141561175605583013424068416582765574610022321918966848526487576546931911636668889, 542427659789548971282137056679049729918757454196221976784939867075856920552827054017126161706871074417440927796826581641808664904053773955863025240629390336477, 4655426449181558214055555029617619467252180284092799127510446186202265995968002139942887321570035715681610336202485703246078914066672824084786936584593306036261, 39955549892400210568855125520336204387611229543723502904008268824997412570508152389628729381094641097540087328604018534177674637053651462457610618879893399972473, 342921531385109475621118779310777732437150737770252018869618381530990630543905229816744271656607307358728750309844576789651791666762575820084819633962113729961089, 2943150000542876857813225862087902881435262049880633665476988396372912107203782600482097820158331664357530439121776706988102706519368863872966610166096376839551077, 25259807661268562240611400793257111713667850087896329418163999078638250010349786952940503919549689851653887264523436539853080610488763790084156979498581583366214061, 216794211292862882213957335656496408116519110952573803672696934610970560618817208625934520457189177135018750311796375853765158416506954640038088886819134551127467873, 1860652728649245868914715689218256823500492138060072076472395472280955735002286603772178683255261866338419438816988189529386670384499456070725495992045984325850813289, 15969192885658281362387512192028536628586532659243445630142648451302498683112378873307102068328040816382449262094887395503919155158530421765994412370463547362443845677, 137056806728512480243673675982319577146194721964247925423503164971824768139910464005317709962900635862751691290844040111678286593190740654481582778923938300528804831861, 1176300418256391248761326968818699300312490439010200631538738562031110638534845606409077190044845290983925776637226757870945888521318577344682634293243824141042657883273, 10095687379693692391308984130461192288230897121902844679427424321108008948978317171299206070173265507185164669552034263525958541136502322029868988240570284630985287225489, 86647001128831495374278507887783034807409629170273760593113087379019624784500765402439034511610350512400946239602407897562397771698611462962365077390781397753095587220277, 743654445929120424950772983754570239900431518971704308142041820637697043020897709076008306443749131635133393264579434498128974879271403313848265560329102605179691133889661, 6382470573077120876477576409475477093240500297625003268101900001996674468089685499620261624108044805643071877314647515472843787892664283825597949869586727830203007007218673, 54778036814262569136574476194576667945426159975858547685525409119161880959821972542342134525083104103320241984840077296273395177537671287174024926758339335667522511727197689, 470136647379486157474983691603990729029611781294993397824712772963278420019024207836838384321205056854777295265293855947551380359764691716520189163414648324491195128853674877, 4034983363107202105482741913804809171964025050239239921025329229302036764951303525406417747195055975354819572046551234061778018765805890168031637941108883274267173589465387461, 34630550141755047631236853768458427020860259308388886357326197699232686219705549242435533899166473087112443052698879152231981051925270579926854049345944307816593364359991474073, 297219317949576391577308539716691462026702199718307290463736227740371673582400911566516359929307064573673642281823789388164738509231194090254990584473098878904082782827258729889, 2550907294305386370774652586575823831317918894288402755496520810419136819757735038744308548930288882024951353518084710866477813333475905621674194922514512570315629084418027209477, 21893354944190972924083763391190047960676862152898758496290847622054952925973884867787050191088846379067979039553796633872646199213963215424668512302481594957045446589480511325261, 187901376025054715246543370062399502842004491694632081747809385028535307506579754136017944273362215442668589084020796625313558660379085251505719073032425322507941718137934226649473, 1612677782921392586592765777455146262539420244321550446463929318338557224682507457427078805142341955436688607869935356171871700279102498089169095145771810554848760978050876369822089, 13840929143496414268974843069953167614525384413045563980450481471851134334992958430096720162505546720706851808379586832501541395534715410970881356531336611051329796415096682091824077, 118790822062578277084762573446901072228900176525972264075923498366501860803356204727909155325756083542838257506386371440871689665673235778212896327979551941184882176211027838583703061, 1019531222218108288022974802924974415903828334273005932509640394291270558101814429973756843418576401946240319092988905689481224303059463280557577406493098584735706391763706119128744873, 8750203888057757689607611290634300688375127556813908780456740646162673768831296463429600523977391633284113840275843102720208242752841885135525100891842548383810062015164788145948474289, 75099287215552602956975764339699277586520162125876299906202127140757742941159443857305588408912015076004112317671689350209072063538032397486988694167205879994159028080136835763231518677, 644545317164709612103844171170765724134036934791079943151900720356875312373432033175592709891183078774453467742752730315273617722068468605573535057796859781872322534716918626835594520861]
Predicted:    
[1, 9, 77, 661, 5673, 48689, 417877, 3586461, 30781073, 264180889, 2267352477, 18138819818, 145110558546, 1160884468370, 9287075746962, 74296605975698, 594372847805586, 4754982782444690, 38039862259557522, 304318898076460178, 2434551184611681426, 19476409476893451410, 155811275815147611282, 1246490206521180890258, 9971921652169447122066, 79775373217355576976530, 638202985738844615812242, 5105623885910756926497938, 40844991087286055411983506, 326759928698288443295868050, 2614079429586307546366944402, 20912635436690460370935555218, 167301083493523682967484441746, 1338408667948189463739875533970, 10707269343585515709919004271762, 85658154748684125679352034174098, 685265237989473005434816273392786, 5482121903915784043478530187142290, 43856975231326272347828241497138322, 350855801850610178782625931977106578, 2806846414804881430261007455816852626, 22454771318439051442088059646534821010, 179638170547512411536704477172278568082, 1437105364380099292293635817378228544658, 11496842915040794338349086539025828357266, 91974743320326354706792692312206626858130, 735797946562610837654341538497653014865042, 5886383572500886701234732307981224118920338, 47091068580007093609877858463849792951362706, 376728548640056748879022867710798343610901650, 3013828389120453991032182941686386748887213202, 24110627112963631928257463533491093991097705618, 192885016903709055426059708267928751928781644946, 1543080135229672443408477666143430015430253159570, 12344641081837379547267821329147440123442025276562, 98757128654699036378142570633179520987536202212498, 790057029237592291025140565065436167900289617699986, 6320456233900738328201124520523489343202316941599890, 50563649871205906625608996164187914745618535532799122, 404509198969647253004871969313503317964948284262392978, 3236073591757178024038975754508026543719586274099143826, 25888588734057424192311806036064212349756690192793150610, 207108709872459393538494448288513698798053521542345204882, 1656869678979675148307955586308109590384428172338761639058, 13254957431837401186463644690464876723075425378710093112466, 106039659454699209491709157523719013784603403029680744899730, 848317275637593675933673260189752110276827224237445959197842, 6786538205100749407469386081518016882214617793899567673582738, 54292305640805995259755088652144135057716942351196541388661906, 434338445126447962078040709217153080461735538809572331109295250, 3474707561011583696624325673737224643693884310476578648874362002, 27797660488092669572994605389897797149551074483812629190994896018, 222381283904741356583956843119182377196408595870501033527959168146, 1779050271237930852671654744953459017571268766964008268223673345170, 14232402169903446821373237959627672140570150135712066145789386761362, 113859217359227574570985903677021377124561201085696529166315094090898, 910873738873820596567887229416171016996489608685572233330520752727186, 7286989910990564772543097835329368135971916869484577866644166021817490, 58295919287924518180344782682634945087775334955876622933153328174539922, 466367354303396145442758261461079560702202679647012983465226625396319378, 3730938834427169163542066091688636485617621437176103867721813003170555026, 29847510675417353308336528733509091884940971497408830941774504025364440210, 238780085403338826466692229868072735079527771979270647534196032202915521682, 1910240683226710611733537838944581880636222175834165180273568257623324173458, 15281925465813684893868302711556655045089777406673321442188546060986593387666, 122255403726509479150946421692453240360718219253386571537508368487892747101330, 978043229812075833207571373539625922885745754027092572300066947903141976810642, 7824345838496606665660570988317007383085966032216740578400535583225135814485138, 62594766707972853325284567906536059064687728257733924627204284665801086515881106, 500758133663782826602276543252288472517501826061871397017634277326408692127048850, 4006065069310262612818212346018307780140014608494971176141074218611269537016390802, 32048520554482100902545698768146462241120116867959769409128593748890156296131126418, 256388164435856807220365590145171697928960934943678155273028749991121250369049011346, 2051105315486854457762924721161373583431687479549425242184229999928970002952392090770, 16408842523894835662103397769290988667453499836395401937473839999431760023619136726162, 131270740191158685296827182154327909339627998691163215499790719995454080188953093809298, 1050165921529269482374617457234623274717023989529305723998325759963632641511624750474386, 8401327372234155858996939657876986197736191916234445791986606079709061132092998003795090, 67210618977873246871975517263015889581889535329875566335892848637672489056743984030360722, 537684951822985974975804138104127116655116282639004530687142789101379912453951872242885778, 4301479614583887799806433104833016933240930261112036245497142312811039299631614977943086226, 34411836916671102398451464838664135465927442088896289963977138502488314397052919823544689810, 275294695333368819187611718709313083727419536711170319711817108019906515176423358588357518482, 2202357562666950553500893749674504669819356293689362557694536864159252121411386868706860147858, 17618860501335604428007149997396037358554850349514900461556294913274016971291094949654881182866, 140950884010684835424057199979168298868438802796119203692450359306192135770328759597239049462930, 1127607072085478683392457599833346390947510422368953629539602874449537086162630076777912395703442, 9020856576683829467139660798666771127580083378951629036316822995596296689301040614223299165627538, 72166852613470635737117286389334169020640667031613032290534583964770373514408324913786393325020306, 577334820907765085896938291114673352165125336252904258324276671718162988115266599310291146600162450, 4618678567262120687175506328917386817321002690023234066594213373745303904922132794482329172801299602, 36949428538096965497404050631339094538568021520185872532753706989962431239377062355858633382410396818, 295595428304775723979232405050712756308544172161486980262029655919699449915016498846869067059283174546, 2364763426438205791833859240405702050468353377291895842096237247357595599320131990774952536474265396370, 18918107411505646334670873923245616403746827018335166736769897978860764794561055926199620291794123170962, 151344859292045170677366991385964931229974616146681333894159183830886118356488447409596962334352985367698, 1210758874336361365418935931087719449839796929173450671153273470647088946851907579276775698674823882941586, 9686070994690890923351487448701755598718375433387605369226187765176711574815260634214205589398591063532690, 77488567957527127386811899589614044789747003467100842953809502121413692598522085073713644715188728508261522, 619908543660217019094495196716912358317976027736806743630476016971309540788176680589709157721509828066092178, 4959268349281736152755961573735298866543808221894453949043808135770476326305413444717673261772078624528737426, 39674146794253889222047692589882390932350465775155631592350465086163810610443307557741386094176628996229899410, 317393174354031113776381540719059127458803726201245052738803720689310484883546460461931088753413031969839195282, 2539145394832248910211052325752473019670429809609960421910429765514483879068371683695448710027304255758713562258, 20313163158657991281688418606019784157363438476879683375283438124115871032546973469563589680218434046069708498066, 162505305269263930253507348848158273258907507815037467002267504992926968260375787756508717441747472368557667984530, 1300042442154111442028058790785266186071260062520299736018140039943415746083006302052069739533979778948461343876242, 10400339537232891536224470326282129488570080500162397888145120319547325968664050416416557916271838231587690751009938, 83202716297863132289795762610257035908560644001299183105160962556378607749312403331332463330174705852701526008079506, 665621730382905058318366100882056287268485152010393464841287700451028861994499226650659706641397646821612208064636050, 5324973843063240466546928807056450298147881216083147718730301603608230895955993813205277653131181174572897664517088402, 42599790744505923732375430456451602385183049728665181749842412828865847167647950505642221225049449396583181316136707218, 340798325956047389859003443651612819081464397829321453998739302630926777341183604045137769800395595172665450529093657746, 2726386607648379118872027549212902552651715182634571631989914421047414218729468832361102158403164761381323604232749261970, 21811092861187032950976220393703220421213721461076573055919315368379313749835750658888817267225318091050588833861994095762, 174488742889496263607809763149625763369709771688612584447354522947034509998686005271110538137802544728404710670895952766098, 1395909943115970108862478105197006106957678173508900675578836183576276079989488042168884305102420357827237685367167622128786, 11167279544927760870899824841576048855661425388071205404630689468610208639915904337351074440819362862617901482937340977030290, 89338236359422086967198598732608390845291403104569643237045515748881669119327234698808595526554902900943211863498727816242322, 714705890875376695737588789860867126762331224836557145896364125991053352954617877590468764212439223207545694907989822529938578, 5717647127003013565900710318886937014098649798692457167170913007928426823636943020723750113699513785660365559263918580239508626, 45741177016024108527205682551095496112789198389539657337367304063427414589095544165790000909596110285282924474111348641916069010, 365929416128192868217645460408763968902313587116317258698938432507419316712764353326320007276768882282263395792890789135328552082, 2927435329025542945741163683270111751218508696930538069591507460059354533702114826610560058214151058258107166343126313082628416658, 23419482632204343565929309466160894009748069575444304556732059680474836269616918612884480465713208466064857330745010504661027333266, 187355861057634748527434475729287152077984556603554436453856477443798690156935348903075843725705667728518858645960084037288218666130, 1498846888461077988219475805834297216623876452828435491630851819550389521255482791224606749805645341828150869167680672298305749329042, 11990775107688623905755806446674377732991011622627483933046814556403116170043862329796853998445162734625206953341445378386445994632338, 95926200861508991246046451573395021863928092981019871464374516451224929360350898638374831987561301877001655626731563027091567957058706, 767409606892071929968371612587160174911424743848158971714996131609799434882807189106998655900490415016013245013852504216732543656469650, 6139276855136575439746972900697281399291397950785271773719969052878395479062457512855989247203923320128105960110820033733860349251757202, 49114214841092603517975783205578251194331183606282174189759752423027163832499660102847913977631386561024847680886560269870882794014057618, 392913718728740828143806265644626009554649468850257393518078019384217310659997280822783311821051092488198781447092482158967062352112460946, 3143309749829926625150450125157008076437195750802059148144624155073738485279978246582266494568408739905590251576739857271736498816899687570, 25146477998639413001203601001256064611497566006416473185156993240589907882239825972658131956547269919244722012613918858173891990535197500562, 201171823989115304009628808010048516891980528051331785481255945924719263057918607781265055652378159353957776100911350865391135924281580004498, 1609374591912922432077030464080388135135844224410654283850047567397754104463348862250120445219025274831662208807290806923129087394252640035986, 12874996735303379456616243712643105081086753795285234270800380539182032835706790898000963561752202198653297670458326455385032699154021120287890, 102999973882427035652929949701144840648694030362281874166403044313456262685654327184007708494017617589226381363666611643080261593232168962303122, 823999791059416285223439597609158725189552242898254993331224354507650101485234617472061667952140940713811050909332893144642092745857351698424978, 6591998328475330281787516780873269801516417943186039946649794836061200811881876939776493343617127525710488407274663145157136741966858813587399826, 52735986627802642254300134246986158412131343545488319573198358688489606495055015518211946748937020205683907258197305161257093935734870508699198610, 421887893022421138034401073975889267297050748363906556585586869507916851960440124145695573991496161645471258065578441290056751485878964069593588882, 3375103144179369104275208591807114138376405986911252452684694956063334815683520993165564591931969293163770064524627530320454011887031712556748711058, 27000825153434952834201668734456913107011247895290019621477559648506678525468167945324516735455754345310160516197020242563632095096253700453989688466, 216006601227479622673613349875655304856089983162320156971820477188053428203745343562596133883646034762481284129576161940509056760770029603631917507730, 1728052809819836981388906799005242438848719865298561255774563817504427425629962748500769071069168278099850273036609295524072454086160236829055340061842, 13824422478558695851111254392041939510789758922388490046196510540035419405039701988006152568553346224798802184292874364192579632689281894632442720494738, 110595379828469566808890035136335516086318071379107920369572084320283355240317615904049220548426769798390417474342994913540637061514255157059541763957906, 884763038627756534471120281090684128690544571032863362956576674562266841922540927232393764387414158387123339794743959308325096492114041256476334111663250, 7078104309022052275768962248725473029524356568262906903652613396498134735380327417859150115099313267096986718357951674466600771936912330051810672893306002, 56624834472176418206151697989803784236194852546103255229220907171985077883042619342873200920794506136775893746863613395732806175495298640414485383146448018, 452998675777411345649213583918430273889558820368826041833767257375880623064340954742985607366356049094207149974908907165862449403962389123315883065171584146, 3623989406219290765193708671347442191116470562950608334670138059007044984514727637943884858930848392753657199799271257326899595231699112986527064521372673170, 28991915249754326121549669370779537528931764503604866677361104472056359876117821103551078871446787142029257598394170058615196761853592903892216516170981385362, 231935321998034608972397354966236300231454116028838933418888835776450879008942568828408630971574297136234060787153360468921574094828743231137732129367851082898, 1855482575984276871779178839729890401851632928230711467351110686211607032071540550627269047772594377089872486297226883751372592758629945849101857034942808663186, 14843860607874214974233430717839123214813063425845691738808885489692856256572324405018152382180755016718979890377815070010980742069039566792814856279542469305490, 118750884862993719793867445742712985718504507406765533910471083917542850052578595240145219057446040133751839123022520560087845936552316534342518850236339754443922, 950007078903949758350939565941703885748036059254124271283768671340342800420628761921161752459568321070014712984180164480702767492418532274740150801890718035551378, 7600056631231598066807516527533631085984288474032994170270149370722742403365030095369294019676546568560117703873441315845622139939348258197921206415125744284411026, 60800453049852784534460132220269048687874307792263953362161194965781939226920240762954352157412372548480941630987530526764977119514786065583369651321005954275288210, 486403624398822276275681057762152389502994462338111626897289559726255513815361926103634817259298980387847533047900244214119816956118288524666957210568047634202305682, 3891228995190578210205448462097219116023955698704893015178316477810044110522895408829078538074391843102780264383201953712958535648946308197335657684544381073618445458, 31129831961524625681643587696777752928191645589639144121426531822480352884183163270632628304595134744822242115065615629703668285191570465578685261476355048588947563666, 249038655692197005453148701574222023425533164717113152971412254579842823073465306165061026436761077958577936920524925037629346281532563724629482091810840388711580509330, 1992309245537576043625189612593776187404265317736905223771298036638742584587722449320488211494088623668623495364199400301034770252260509797035856734486723109692644074642, 15938473964300608349001516900750209499234122541895241790170384293109940676701779594563905691952708989348987962913595202408278162018084078376286853875893784877541152597138, 127507791714404866792012135206001675993872980335161934321363074344879525413614236756511245535621671914791903703308761619266225296144672627010294831007150279020329220777106, 1020062333715238934336097081648013407950983842681295474570904594759036203308913894052089964284973375318335229626470092954129802369157381016082358648057202232162633766216850, 8160498669721911474688776653184107263607870741450363796567236758072289626471311152416719714279787002546681837011760743633038418953259048128658869184457617857301070129734802, 65283989357775291797510213225472858108862965931602910372537894064578317011770489219333757714238296020373454696094085949064307351626072385029270953475660942858408561037878418, 522271914862202334380081705803782864870903727452823282980303152516626536094163913754670061713906368162987637568752687592514458813008579080234167627805287542867268488303027346, 4178175318897618675040653646430262918967229819622586263842425220133012288753311310037360493711250945303901100550021500740115670504068632641873341022442300342938147906424218770, 33425402551180949400325229171442103351737838556980690110739401761064098310026490480298883949690007562431208804400172005920925364032549061134986728179538402743505183251393750162, 267403220409447595202601833371536826813902708455845520885915214088512786480211923842391071597520060499449670435201376047367402912260392489079893825436307221948041466011150001298, 2139225763275580761620814666972294614511221667646764167087321712708102291841695390739128572780160483995597363481611008378939223298083139912639150603490457775584331728089200010386, 17113806106204646092966517335778356916089773341174113336698573701664818334733563125913028582241283871964778907852888067031513786384665119301113204827923662204674653824713600083090, 136910448849637168743732138686226855328718186729392906693588589613318546677868505007304228657930270975718231262823104536252110291077320954408905638623389297637397230597708800664722, 1095283590797097349949857109489814842629745493835143253548708716906548373422948040058433829263442167805745850102584836290016882328618567635271245108987114381099177844781670405317778]
len(predicted_full) = 200, len(input_sequence + seq_pred) = 200
is_manual_check: False
