test results being evaluated: data/test_linrec15.tsv
csv file used: ../linear_database_newbl.csv
The sequence ID inspected: A255185
csv results file used: ../linear_database_newbl.csv
Results we are looking at now:
('Could you give me a recursive equation in a form of a Python code for the following number sequence: 0,1,26,75,148,245,366,511,680,873,1090,1331,1596,1885,2198', 'Certainly, the Python code is the following: lambda a_n: 4 * ( n * n ) * 5 + n + a_n[-1]')

Experiment type: Evaluation of the results of llms.
Ground truth: 
[0, 1, 26, 75, 148, 245, 366, 511, 680, 873, 1090, 1331, 1596, 1885, 2198, 2535, 2896, 3281, 3690, 4123, 4580, 5061, 5566, 6095, 6648, 7225, 7826, 8451, 9100, 9773, 10470, 11191, 11936, 12705, 13498, 14315, 15156, 16021, 16910, 17823, 18760, 19721, 20706, 21715, 22748, 23805, 24886, 25991, 27120, 28273, 29450, 30651, 31876, 33125, 34398, 35695, 37016, 38361, 39730, 41123, 42540, 43981, 45446, 46935, 48448, 49985, 51546, 53131, 54740, 56373, 58030, 59711, 61416, 63145, 64898, 66675, 68476, 70301, 72150, 74023, 75920, 77841, 79786, 81755, 83748, 85765, 87806, 89871, 91960, 94073, 96210, 98371, 100556, 102765, 104998, 107255, 109536, 111841, 114170, 116523, 118900, 121301, 123726, 126175, 128648, 131145, 133666, 136211, 138780, 141373, 143990, 146631, 149296, 151985, 154698, 157435, 160196, 162981, 165790, 168623, 171480, 174361, 177266, 180195, 183148, 186125, 189126, 192151, 195200, 198273, 201370, 204491, 207636, 210805, 213998, 217215, 220456, 223721, 227010, 230323, 233660, 237021, 240406, 243815, 247248, 250705, 254186, 257691, 261220, 264773, 268350, 271951, 275576, 279225, 282898, 286595, 290316, 294061, 297830, 301623, 305440, 309281, 313146, 317035, 320948, 324885, 328846, 332831, 336840, 340873, 344930, 349011, 353116, 357245, 361398, 365575, 369776, 374001, 378250, 382523, 386820, 391141, 395486, 399855, 404248, 408665, 413106, 417571, 422060, 426573, 431110, 435671, 440256, 444865, 449498, 454155, 458836, 463541, 468270, 473023]
Predicted:    
[0, 1, 26, 75, 148, 245, 366, 511, 680, 873, 1090, 1331, 1596, 1885, 2198, 6713, 11849, 17646, 24144, 31383, 39403, 48244, 57946, 68549, 80093, 92618, 106164, 120771, 136479, 153328, 171358, 190609, 211121, 232934, 256088, 280623, 306579, 333996, 362914, 393373, 425413, 459074, 494396, 531419, 570183, 610728, 653094, 697321, 743449, 791518, 841568, 893639, 947771, 1004004, 1062378, 1122933, 1185709, 1250746, 1318084, 1387763, 1459823, 1534304, 1611246, 1690689, 1772673, 1857238, 1944424, 2034271, 2126819, 2222108, 2320178, 2421069, 2524821, 2631474, 2741068, 2853643, 2969239, 3087896, 3209654, 3334553, 3462633, 3593934, 3728496, 3866359, 4007563, 4152148, 4300154, 4451621, 4606589, 4765098, 4927188, 5092899, 5262271, 5435344, 5612158, 5792753, 5977169, 6165446, 6357624, 6553743, 6753843, 6957964, 7166146, 7378429, 7594853, 7815458, 8040284, 8269371, 8502759, 8740488, 8982598, 9229129, 9480121, 9735614, 9995648, 10260263, 10529499, 10803396, 11081994, 11365333, 11653453, 11946394, 12244196, 12546899, 12854543, 13167168, 13484814, 13807521, 14135329, 14468278, 14806408, 15149759, 15498371, 15852284, 16211538, 16576173, 16946229, 17321746, 17702764, 18089323, 18481463, 18879224, 19282646, 19691769, 20106633, 20527278, 20953744, 21386071, 21824299, 22268468, 22718618, 23174789, 23637021, 24105354, 24579828, 25060483, 25547359, 26040496, 26539934, 27045713, 27557873, 28076454, 28601496, 29133039, 29671123, 30215788, 30767074, 31325021, 31889669, 32461058, 33039228, 33624219, 34216071, 34814824, 35420518, 36033193, 36652889, 37279646, 37913504, 38554503, 39202683, 39858084, 40520746, 41190709, 41868013, 42552698, 43244804, 43944371, 44651439, 45366048, 46088238, 46818049, 47555521, 48300694, 49053608, 49814303, 50582819, 51359196, 52143474, 52935693]
len(predicted_full) = 200, len(input_sequence + seq_pred) = 200
is_manual_check: False
