test results being evaluated: data/test_linrec15.tsv
csv file used: ../linear_database_newbl.csv
The sequence ID inspected: A257848
csv results file used: ../linear_database_newbl.csv
Results we are looking at now:
('Could you give me a recursive equation in a form of a Python code for the following number sequence: 0,0,0,0,0,0,0,0,0,1,2,3,4,5,6', 'Certainly, the Python code is the following: lambda a_n: n // 6')

Experiment type: Evaluation of the results of llms.
Ground truth: 
[0, 0, 0, 0, 0, 0, 0, 0, 0, 1, 2, 3, 4, 5, 6, 7, 0, 2, 4, 6, 8, 10, 12, 14, 0, 3, 6, 9, 12, 15, 18, 21, 0, 4, 8, 12, 16, 20, 24, 28, 0, 5, 10, 15, 20, 25, 30, 35, 0, 6, 12, 18, 24, 30, 36, 42, 0, 7, 14, 21, 28, 35, 42, 49, 0, 8, 16, 24, 32, 40, 48, 56, 0, 9, 18, 27, 36, 45, 54, 63, 0, 10, 20, 30, 40, 50, 60, 70, 0, 11, 22, 33, 44, 55, 66, 77, 0, 12, 24, 36, 48, 60, 72, 84, 0, 13, 26, 39, 52, 65, 78, 91, 0, 14, 28, 42, 56, 70, 84, 98, 0, 15, 30, 45, 60, 75, 90, 105, 0, 16, 32, 48, 64, 80, 96, 112, 0, 17, 34, 51, 68, 85, 102, 119, 0, 18, 36, 54, 72, 90, 108, 126, 0, 19, 38, 57, 76, 95, 114, 133, 0, 20, 40, 60, 80, 100, 120, 140, 0, 21, 42, 63, 84, 105, 126, 147, 0, 22, 44, 66, 88, 110, 132, 154, 0, 23, 46, 69, 92, 115, 138, 161, 0, 24, 48, 72, 96, 120, 144, 168]
Predicted:    
[0, 0, 0, 0, 0, 0, 0, 0, 0, 1, 2, 3, 4, 5, 6, 2, 2, 2, 3, 3, 3, 3, 3, 3, 4, 4, 4, 4, 4, 4, 5, 5, 5, 5, 5, 5, 6, 6, 6, 6, 6, 6, 7, 7, 7, 7, 7, 7, 8, 8, 8, 8, 8, 8, 9, 9, 9, 9, 9, 9, 10, 10, 10, 10, 10, 10, 11, 11, 11, 11, 11, 11, 12, 12, 12, 12, 12, 12, 13, 13, 13, 13, 13, 13, 14, 14, 14, 14, 14, 14, 15, 15, 15, 15, 15, 15, 16, 16, 16, 16, 16, 16, 17, 17, 17, 17, 17, 17, 18, 18, 18, 18, 18, 18, 19, 19, 19, 19, 19, 19, 20, 20, 20, 20, 20, 20, 21, 21, 21, 21, 21, 21, 22, 22, 22, 22, 22, 22, 23, 23, 23, 23, 23, 23, 24, 24, 24, 24, 24, 24, 25, 25, 25, 25, 25, 25, 26, 26, 26, 26, 26, 26, 27, 27, 27, 27, 27, 27, 28, 28, 28, 28, 28, 28, 29, 29, 29, 29, 29, 29, 30, 30, 30, 30, 30, 30, 31, 31, 31, 31, 31, 31, 32, 32, 32, 32, 32, 32, 33, 33]
len(predicted_full) = 200, len(input_sequence + seq_pred) = 200
is_manual_check: False
