test results being evaluated: data/test_linrec15.tsv
csv file used: ../linear_database_newbl.csv
The sequence ID inspected: A258073
csv results file used: ../linear_database_newbl.csv
Results we are looking at now:
('Could you give me a recursive equation in a form of a Python code for the following number sequence: 157115,314229,628457,1256913,2513825,5027649,10055297,20110593,40221185,80442369,160884737,321769473,643538945,1287077889,2574155777', 'Certainly, the Python code is the following: lambda a_n: abs( ( -10 * -7 * 0 * n ) + ( -9 ) * a_n[-1] )')

Experiment type: Evaluation of the results of llms.
Ground truth: 
[157115, 314229, 628457, 1256913, 2513825, 5027649, 10055297, 20110593, 40221185, 80442369, 160884737, 321769473, 643538945, 1287077889, 2574155777, 5148311553, 10296623105, 20593246209, 41186492417, 82372984833, 164745969665, 329491939329, 658983878657, 1317967757313, 2635935514625, 5271871029249, 10543742058497, 21087484116993, 42174968233985, 84349936467969, 168699872935937, 337399745871873, 674799491743745, 1349598983487489, 2699197966974977, 5398395933949953, 10796791867899905, 21593583735799809, 43187167471599617, 86374334943199233, 172748669886398465, 345497339772796929, 690994679545593857, 1381989359091187713, 2763978718182375425, 5527957436364750849, 11055914872729501697, 22111829745459003393, 44223659490918006785, 88447318981836013569, 176894637963672027137, 353789275927344054273, 707578551854688108545, 1415157103709376217089, 2830314207418752434177, 5660628414837504868353, 11321256829675009736705, 22642513659350019473409, 45285027318700038946817, 90570054637400077893633, 181140109274800155787265, 362280218549600311574529, 724560437099200623149057, 1449120874198401246298113, 2898241748396802492596225, 5796483496793604985192449, 11592966993587209970384897, 23185933987174419940769793, 46371867974348839881539585, 92743735948697679763079169, 185487471897395359526158337, 370974943794790719052316673, 741949887589581438104633345, 1483899775179162876209266689, 2967799550358325752418533377, 5935599100716651504837066753, 11871198201433303009674133505, 23742396402866606019348267009, 47484792805733212038696534017, 94969585611466424077393068033, 189939171222932848154786136065, 379878342445865696309572272129, 759756684891731392619144544257, 1519513369783462785238289088513, 3039026739566925570476578177025, 6078053479133851140953156354049, 12156106958267702281906312708097, 24312213916535404563812625416193, 48624427833070809127625250832385, 97248855666141618255250501664769, 194497711332283236510501003329537, 388995422664566473021002006659073, 777990845329132946042004013318145, 1555981690658265892084008026636289, 3111963381316531784168016053272577, 6223926762633063568336032106545153, 12447853525266127136672064213090305, 24895707050532254273344128426180609, 49791414101064508546688256852361217, 99582828202129017093376513704722433, 199165656404258034186753027409444865, 398331312808516068373506054818889729, 796662625617032136747012109637779457, 1593325251234064273494024219275558913, 3186650502468128546988048438551117825, 6373301004936257093976096877102235649, 12746602009872514187952193754204471297, 25493204019745028375904387508408942593, 50986408039490056751808775016817885185, 101972816078980113503617550033635770369, 203945632157960227007235100067271540737, 407891264315920454014470200134543081473, 815782528631840908028940400269086162945, 1631565057263681816057880800538172325889, 3263130114527363632115761601076344651777, 6526260229054727264231523202152689303553, 13052520458109454528463046404305378607105, 26105040916218909056926092808610757214209, 52210081832437818113852185617221514428417, 104420163664875636227704371234443028856833, 208840327329751272455408742468886057713665, 417680654659502544910817484937772115427329, 835361309319005089821634969875544230854657, 1670722618638010179643269939751088461709313, 3341445237276020359286539879502176923418625, 6682890474552040718573079759004353846837249, 13365780949104081437146159518008707693674497, 26731561898208162874292319036017415387348993, 53463123796416325748584638072034830774697985, 106926247592832651497169276144069661549395969, 213852495185665302994338552288139323098791937, 427704990371330605988677104576278646197583873, 855409980742661211977354209152557292395167745, 1710819961485322423954708418305114584790335489, 3421639922970644847909416836610229169580670977, 6843279845941289695818833673220458339161341953, 13686559691882579391637667346440916678322683905, 27373119383765158783275334692881833356645367809, 54746238767530317566550669385763666713290735617, 109492477535060635133101338771527333426581471233, 218984955070121270266202677543054666853162942465, 437969910140242540532405355086109333706325884929, 875939820280485081064810710172218667412651769857, 1751879640560970162129621420344437334825303539713, 3503759281121940324259242840688874669650607079425, 7007518562243880648518485681377749339301214158849, 14015037124487761297036971362755498678602428317697, 28030074248975522594073942725510997357204856635393, 56060148497951045188147885451021994714409713270785, 112120296995902090376295770902043989428819426541569, 224240593991804180752591541804087978857638853083137, 448481187983608361505183083608175957715277706166273, 896962375967216723010366167216351915430555412332545, 1793924751934433446020732334432703830861110824665089, 3587849503868866892041464668865407661722221649330177, 7175699007737733784082929337730815323444443298660353, 14351398015475467568165858675461630646888886597320705, 28702796030950935136331717350923261293777773194641409, 57405592061901870272663434701846522587555546389282817, 114811184123803740545326869403693045175111092778565633, 229622368247607481090653738807386090350222185557131265, 459244736495214962181307477614772180700444371114262529, 918489472990429924362614955229544361400888742228525057, 1836978945980859848725229910459088722801777484457050113, 3673957891961719697450459820918177445603554968914100225, 7347915783923439394900919641836354891207109937828200449, 14695831567846878789801839283672709782414219875656400897, 29391663135693757579603678567345419564828439751312801793, 58783326271387515159207357134690839129656879502625603585, 117566652542775030318414714269381678259313759005251207169, 235133305085550060636829428538763356518627518010502414337, 470266610171100121273658857077526713037255036021004828673, 940533220342200242547317714155053426074510072042009657345, 1881066440684400485094635428310106852149020144084019314689, 3762132881368800970189270856620213704298040288168038629377, 7524265762737601940378541713240427408596080576336077258753, 15048531525475203880757083426480854817192161152672154517505, 30097063050950407761514166852961709634384322305344309035009, 60194126101900815523028333705923419268768644610688618070017, 120388252203801631046056667411846838537537289221377236140033, 240776504407603262092113334823693677075074578442754472280065, 481553008815206524184226669647387354150149156885508944560129, 963106017630413048368453339294774708300298313771017889120257, 1926212035260826096736906678589549416600596627542035778240513, 3852424070521652193473813357179098833201193255084071556481025, 7704848141043304386947626714358197666402386510168143112962049, 15409696282086608773895253428716395332804773020336286225924097, 30819392564173217547790506857432790665609546040672572451848193, 61638785128346435095581013714865581331219092081345144903696385, 123277570256692870191162027429731162662438184162690289807392769, 246555140513385740382324054859462325324876368325380579614785537, 493110281026771480764648109718924650649752736650761159229571073, 986220562053542961529296219437849301299505473301522318459142145, 1972441124107085923058592438875698602599010946603044636918284289, 3944882248214171846117184877751397205198021893206089273836568577, 7889764496428343692234369755502794410396043786412178547673137153, 15779528992856687384468739511005588820792087572824357095346274305, 31559057985713374768937479022011177641584175145648714190692548609, 63118115971426749537874958044022355283168350291297428381385097217, 126236231942853499075749916088044710566336700582594856762770194433]
Predicted:    
[157115, 314229, 628457, 1256913, 2513825, 5027649, 10055297, 20110593, 40221185, 80442369, 160884737, 321769473, 643538945, 1287077889, 2574155777, 23167401993, 208506617937, 1876559561433, 16889036052897, 152001324476073, 1368011920284657, 12312107282561913, 110808965543057217, 997280689887514953, 8975526208987634577, 80779735880888711193, 727017622927998400737, 6543158606351985606633, 58888427457167870459697, 529995847114510834137273, 4769962624030597507235457, 42929663616275377565119113, 386366972546478398086072017, 3477302752918305582774648153, 31295724776264750244971833377, 281661522986382752204746500393, 2534953706877444769842718503537, 22814583361897002928584466531833, 205331250257073026357260198786497, 1847981252313657237215341789078473, 16631831270822915134938076101706257, 149686481437406236214442684915356313, 1347178332936656125929984164238206817, 12124604996429905133369857478143861353, 109121444967869146200328717303294752177, 982093004710822315802958455729652769593, 8838837042397400842226626101566874926337, 79549533381576607580039634914101874337033, 715945800434189468220356714226916869033297, 6443512203907705213983210428042251821299673, 57991609835169346925848893852380266391697057, 521924488516524122332640044671422397525273513, 4697320396648717100993760402042801577727461617, 42275883569838453908943843618385214199547154553, 380482952128546085180494592565466927795924390977, 3424346569156914766624451333089202350163319518793, 30819119122412232899620061997802821151469875669137, 277372072101710096096580557980225390363228881022233, 2496348648915390864869225021822028513269059929200097, 22467137840238517783823025196398256619421539362800873, 202204240562146660054407226767584309574793854265207857, 1819838165059319940489665040908258786173144688386870713, 16378543485533879464406985368174329075558302195481836417, 147406891369804915179662868313568961680024719759336527753, 1326662022328244236616965814822120655120222477834028749777, 11939958200954198129552692333399085896082002300506258747993, 107459623808587783165974231000591773064738020704556328731937, 967136614277290048493768079005325957582642186341006958587433, 8704229528495610436443912711047933618243779677069062627286897, 78338065756460493927995214399431402564194017093621563645582073, 705042591808144445351956929594882623077746153842594072810238657, 6345383326273300008167612366353943607699715384583346655292147913, 57108449936459700073508511297185492469297438461250119897629331217, 513976049428137300661576601674669432223676946151251079078663980953, 4625784444853235705954189415072024890013092515361259711707975828577, 41632060003679121353587704735648224010117832638251337405371782457193, 374688540033112092182289342620834016091060493744262036648346042114737, 3372196860298008829640604083587506144819544443698358329835114379032633, 30349771742682079466765436752287555303375899993285224968516029411293697, 273147945684138715200888930770587997730383099939567024716644264701643273, 2458331511157248436808000376935291979573447899456103222449798382314789457, 22124983600415235931272003392417627816161031095104929002048185440833105113, 199124852403737123381448030531758650345449279855944361018433668967497946017, 1792123671633634110433032274785827853109043518703499249165903020707481514153, 16129113044702706993897290473072450677981391668331493242493127186367333627377, 145162017402324362945075614257652056101832525014983439182438144677306002646393, 1306458156620919266505680528318868504916492725134850952641943302095754023817537, 11758123409588273398551124754869816544248434526213658573777489718861786214357833, 105823110686294460586960122793828348898235910735922927163997407469756075929220497, 952407996176650145282641105144455140084123196623306344475976667227804683362984473, 8571671965589851307543769946300096260757108769609757100283790005050242150266860257, 77145047690308661767893929516700866346813978926487813902554110045452179352401742313, 694305429212777955911045365650307797121325810338390325122986990409069614171615680817, 6248748862915001603199408290852770174091932293045512926106882913681626527544541127353, 56238739766235014428794674617674931566827390637409616334961946223134638747900870146177, 506148657896115129859152071559074384101446515736686547014657516008211748731107831315593, 4555337921065036168732368644031669456913018641630178923131917644073905738579970481840337, 40998041289585325518591317796285025112217167774671610308187258796665151647219734336563033, 368982371606267929667321860166565226009954509972044492773685329169986364824977609029067297, 3320841344456411367005896741499087034089590589748400434963167962529877283424798481261605673, 29887572100107702303053070673491783306806315307735603914668511662768895550823186331354451057, 268988148900969320727477636061426049761256837769620435232016604964920059957408676982190059513, 2420893340108723886547298724552834447851311539926583917088149444684280539616678092839710535617, 21788040060978514978925688520975510030661803859339255253793345002158524856550102835557394820553, 196092360548806634810331196688779590275956234734053297284140105019426723708950925520016553384977, 1764831244939259713292980770199016312483606112606479675557260945174840513380558329680148980464793, 15883481204453337419636826931791146812352455013458317080015348506573564620425024967121340824183137, 142951330840080036776731442386120321311172095121124853720138136559162081583825224704092067417648233, 1286561977560720330990582981475082891800548856090123683481243229032458734254427022336828606758834097, 11579057798046482978915246833275746026204939704811113151331189061292128608289843201031457460829506873, 104211520182418346810237221499481714235844457343300018361980701551629157474608588809283117147465561857, 937903681641765121292134993495335428122600116089700165257826313964662417271477299283548054327190056713, 8441133134775886091629214941458018853103401044807301487320436825681961755443295693551932488944710510417, 75970198212982974824662934473122169677930609403265713385883931431137655798989661241967392400502394593753, 683731783916846773421966410258099527101375484629391420472955382880238902190906951177706531604521551343777, 6153586055251620960797697692322895743912379361664522784256598445922150119718162560599358784440693962093993, 55382274497264588647179279230906061695211414254980705058309386013299351077463463045394229059966245658845937, 498440470475381297824613513078154555256902728294826345524784474119694159697171167408548061539696210929613433, 4485964234278431680421521617703390997312124554653437109723060267077247437274540506676932553857265898366520897, 40373678108505885123793694559330518975809120991880933987507542403695226935470864560092392984715393085298688073, 363363102976552966114143251033974670782282088926928405887567881633257042419237781040831536862438537767688192657, 3270267926788976695027289259305772037040538800342355652988110934699313381773140029367483831761946839909193733913, 29432411341100790255245603333751948333364849203081200876892998412293820435958260264307354485857521559182743605217, 264891702069907112297210430003767535000283642827730807892036985710644383923624342378766190372717694032644692446953, 2384025318629164010674893870033907815002552785449577271028332871395799455312619081408895713354459246293802232022577, 21456227867662476096074044830305170335022975069046195439254995842562195097813571732680061420190133216644220088203193, 193106050808962284864666403472746533015206775621415758953294962583059755880322145594120552781711198949797980793828737, 1737954457280660563781997631254718797136860980592741830579654663247537802922899310347084975035400790548181827144458633, 15641590115525945074037978681292469174231748825334676475216891969227840226306093793123764775318607114933636444300127697, 140774311039733505666341808131632222568085739428012088276952027723050562036754844138113882977867464034402727998701149273, 1266968799357601550997076273184690003112771654852108794492568249507455058330793597243024946800807176309624551988310343457, 11402719194218413958973686458662210028014944893668979150433114245567095524977142375187224521207264586786620967894793091113, 102624472747965725630763178127959890252134504043020812353898028210103859724794281376685020690865381281079588711053137820017, 923620254731691530676868603151639012269210536387187311185082253890934737523148532390165186217788431529716298399478240380153, 8312582292585223776091817428364751110422894827484685800665740285018412637708336791511486675960095883767446685595304163421377, 74813240633267013984826356855282759993806053447362172205991662565165713739375031123603380083640862953907020170357737470792393, 673319165699403125863437211697544839944254481026259549853924963086491423654375280112430420752767766585163181533219637237131537, 6059872491294628132770934905277903559498290329236335948685324667778422812889377521011873786774909899266468633798976735134183833, 54538852421651653194938414147501132035484612963127023538167922010005805316004397689106864080974189093398217704190790616207654497, 490849671794864878754445727327510188319361516668143211843511298090052247844039579201961776728767701840583959337717115545868890473, 4417647046153783908790011545947591694874253650013288906591601682810470230596356212817655990558909316565255634039454039912820014257, 39758823415384055179110103913528325253868282850119600159324415145294232075367205915358903915030183849087300706355086359215380128313, 357829410738456496611990935221754927284814545651076401433919736307648088678304853238230135235271654641785706357195777232938421154817, 3220464696646108469507918416995794345563330910859687612905277626768832798104743679144071217117444891776071357214761995096445790393353, 28984182269814976225571265752962149110069978197737188516147498640919495182942693112296640954057004025984642214932857955868012113540177, 260857640428334786030141391776659341990629803779634696645327487768275456646484238010669768586513036233861779934395721602812109021861593, 2347718763855013074271272525989934077915668234016712269807947389914479109818358142096027917278617326104756019409561494425308981196754337, 21129468874695117668441452733909406701241014106150410428271526509230311988365223278864251255507555934942804174686053449827780830770789033, 190165219872256059015973074605184660311169126955353693854443738583072807895287009509778261299568003414485237572174481048450027476937101297, 1711486978850304531143757671446661942800522142598183244689993647247655271057583085588004351696112030730367138149570329436050247292433911673, 15403382809652740780293819043019957485204699283383649202209942825228897439518247770292039165265008276573304243346132964924452225631905205057, 138630445286874667022644371387179617366842293550452842819889485427060076955664229932628352487385074489159738190115196684320070030687146845513, 1247674007581872003203799342484616556301580641954075585379005368843540692600978069393655172386465670402437643711036770158880630276184321609617, 11229066068236848028834194082361549006714225777586680268411048319591866233408802624542896551478191033621938793399330931429925672485658894486553, 101061594614131632259507746741253941060428031998280122415699434876326796100679223620886068963303719302597449140593978382869331052370930050378977, 909554351527184690335569720671285469543852287984521101741294913886941164906113012587974620669733473723377042265345805445823979471338370453410793, 8185989163744662213020127486041569225894670591860689915671654224982470484155017113291771586027601263510393380388112249012415815242045334080697137, 73673902473701959917181147374374123033052035326746209241044888024842234357395154019625944274248411371593540423493010241111742337178408006726274233, 663065122263317639254630326369367107297468317940715883169403992223580109216556386176633498468235702344341863811437092170005681034605672060536468097, 5967586100369858753291672937324303965677214861466442948524635930012220982949007475589701486214121321099076774302933829530051129311451048544828212873, 53708274903328728779625056435918735691094933753197986536721723370109988846541067280307313375927091889891690968726404465770460163803059436903453915857, 483374474129958559016625507923268621219854403778781878830495510330989899618869605522765820383343827009025218718537640191934141474227534932131085242713, 4350370267169627031149629571309417590978689634009036909474459592978909096569826449704892383450094443081226968466838761727407273268047814389179767184417, 39153332404526643280346666141784758318808206706081332185270136336810181869128438047344031451050849987731042716201548855546665459412430329502617904659753, 352379991640739789523119995276062824869273860354731989667431227031291636822155942426096283059457649889579384445813939699919989134711872965523561141937777, 3171419924766658105708079957484565423823464743192587907006881043281624731399403481834866547535118849006214460012325457299279902212406856689712050277439993, 28542779322899922951372719617361088814411182688733291163061929389534622582594631336513798927816069641055930140110929115693519119911661710207408452496959937, 256885013906099306562354476556249799329700644198599620467557364505811603243351682028624190350344626769503371260998362041241672079204955391866676072472639433, 2311965125154893759061190289006248193967305797787396584208016280552304429190165138257617713153101640925530341348985258371175048712844598526800084652253754897, 20807686126394043831550712601056233745705752180086569257872146524970739862711486244318559418377914768329773072140867325340575438415601386741200761870283794073, 187269175137546394483956413409506103711351769620779123320849318724736658764403376198867034765401232914967957649267805928065178945740412480670806856832554146657, 1685422576237917550355607720685554933402165926587012109887643868522629928879630385789803312888611096234711618843410253352586610511663712326037261711492987319913, 15168803186141257953200469486169994400619493339283108988988794816703669359916673472108229815997499866112404569590692280173279494604973410934335355403436885879217, 136519228675271321578804225375529949605575440053547980900899153350333024239250061248974068343977498795011641126316230521559515451444760698409018198630931972912953, 1228673058077441894209238028379769546450178960481931828108092380152997218153250551240766615095797489155104770136846074694035639063002846285681163787678387756216577, 11058057522696977047883142255417925918051610644337386452972831421376974963379254961166899535862177402395942931231614672246320751567025616571130474089105489805949193, 99522517704272793430948280298761333262464495799036478076755482792392774670413294650502095822759596621563486381084532050216886764103230549140174266801949408253542737, 895702659338455140878534522688851999362180462191328302690799345131534972033719651854518862404836369594071377429760788451951980876929074942261568401217544674281884633, 8061323934046096267906810704199667994259624159721954724217194106183814748303476866690669761643527326346642396867847096067567827892361674480354115610957902068536961697, 72551915406414866411161296337797011948336617437497592517954746955654332734731291800216027854791745937119781571810623864608110451031255070323187040498621118616832655273, 652967238657733797700451667040173107535029556937478332661592722600888994612581626201944250693125713434078034146295614781472994059281295632908683364487590067551493897457, 5876705147919604179304065003361557967815266012437304993954334503408000951513234635817498256238131420906702307316660533033256946533531660696178150280388310607963445077113, 52890346331276437613736585030254021710337394111935744945589010530672008563619111722357484306143182788160320765849944797299312518801784946265603352523494795471671005694017, 476013116981487938523629265272286195393036547007421704510301094776048077072572005501217358755288645093442886892649503175693812669216064516390430172711453159245039051246153, 4284118052833391446712663387450575758537328923066795340592709852984432693653148049510956228797597805840985982033845528581244314022944580647513871554403078433205351461215377, 38557062475500523020413970487055181826835960307601158065334388676859894242878332445598606059178380252568873838304609757231198826206501225827624843989627705898848163150938393, 347013562279504707183725734383496636441523642768410422588009498091739048185904992010387454532605422273119864544741487815080789435858511032448623595906649353089633468358445537, 3123122060515542364653531609451469727973712784915693803292085482825651433673144928093487090793448800458078780902673390335727104922726599292037612363159844177806701215226009833, 28108098544639881281881784485063227551763415064241244229628769345430862903058304352841383817141039204122709028124060513021543944304539393628338511268438597600260310937034088497, 252972886901758931536936060365569047965870735578171198066658924108877766127524739175572454354269352837104381253116544617193895498740854542655046601415947378402342798433306796473, 2276755982115830383832424543290121431692836620203540782599930316979899895147722652580152089188424175533939431278048901554745059488667690883895419412743526405621085185899761168257, 20490803839042473454491820889611092885235529581831867043399372852819099056329503873221368802695817579805454881502440113992705535398009217955058774714691737650589766673097850514313, 184417234551382261090426388006499835967119766236486803390594355675371891506965534858992319224262358218249093933521961025934349818582082961595528972432225638855307900057880654628817, 1659755110962440349813837492058498523704077896128381230515349201078347023562689813730930873018361223964241845401697649233409148367238746654359760751890030749697771100520925891659353, 14937795998661963148324537428526486713336701065155431074638142809705123212064208323578377857165251015678176608615278843100682335305148719889237846767010276747279939904688333024934177, 134440163987957668334920836856738380420030309586398879671743285287346108908577874912205400714487259141103589477537509587906141017746338479003140620903092490725519459142194997224407593, 1209961475891619015014287531710645423780272786277589917045689567586114980177200874209848606430385332269932305297837586291155269159717046311028265588127832416529675132279754975019668337, 10889653283024571135128587785395808814022455076498309253411206108275034821594807867888637457873467990429390747680538276620397422437453416799254390293150491748767076190517794775177015033, 98006879547221140216157290068562279326202095688484783280700854974475313394353270810997737120861211913864516729124844489583576801937080751193289512638354425738903685714660152976593135297, 882061915924990261945415610617060513935818861196363049526307694770277820549179437298979634087750907224780650562123600406252191217433726760739605613745189831650133171431941376789338217673]
len(predicted_full) = 200, len(input_sequence + seq_pred) = 200
is_manual_check: False
