test results being evaluated: data/test_linrec15.tsv
csv file used: ../linear_database_newbl.csv
The sequence ID inspected: A267437
csv results file used: ../linear_database_newbl.csv
Results we are looking at now:
('Could you give me a recursive equation in a form of a Python code for the following number sequence: 11,23,67,151,275,487,963,2039,4211,8327,16291,32407,65363,131623,263043', 'Certainly, the Python code is the following: lambda a_n: a_n[-1] + 5 * n + a_n[-1]')

Experiment type: Evaluation of the results of llms.
Ground truth: 
[11, 23, 67, 151, 275, 487, 963, 2039, 4211, 8327, 16291, 32407, 65363, 131623, 263043, 524087, 1046579, 2095559, 4196707, 8394199, 16778003, 33544039, 67096899, 134226551, 268468211, 536886023, 1073691427, 2147403031, 4294987475, 8590116007, 17180010243, 34359516599, 68718972851, 137438893127, 274878854371, 549756882007, 1099510801043, 2199020292583, 4398045201603, 8796097638647, 17592193279859, 35184370091399, 70368727709347, 140737475881879, 281474997173843, 562949998831399, 1125899911326339, 2251799727348791, 4503599532066611, 9007199332110023, 18014398777458787, 36028797132202711, 72057593615213075, 144115187426663527, 288230376347949123, 576460753798045559, 1152921505708994291, 2305843007326597127, 4611686014335996451, 9223372036537578007, 18446744081575136723, 36893488155919083943, 73786976287607016963, 147573952565445262007, 295147905169584053939, 590295810397399181639, 1180591620775642377187, 2361183241415666620759, 4722366482734027080083, 9444732965641984265959, 18889465931652510960579, 37778931863325704138231, 75557863725935005636211, 151115727451112244198023, 302231454902899526602147, 604462909807989625559191, 1208925819616819747061075, 2417851639230098845355047, 4835703278454976050057603, 9671406556911811756996919, 19342813113835926452180531, 38685626227680436528784327, 77371252455344850805618531, 154742504910656512110440407, 309485009821311879223984403, 618970019642688992452665703, 1237940039285445508903821123, 2475880078570828073796738167, 4951760157141458155585592819, 9903520314282844207185110279, 19807040628566012294399912227, 39614081257132492676801666839, 79228162514264805681545792723, 158456325028528495515030359719, 316912650057056234526114575619, 633825300114113944244405458871, 1267650600228230876688879513011, 2535301200456461791193475006023, 5070602400912917643802528801507, 10141204801825829273389204432471, 20282409603651664409731398115475, 40564819207303346710847491822567, 81129638414606699587173700735683, 162259276829213369557056727378679, 324518553658426697165865346483571, 649037107316853411618063932878727, 1298074214633706924418957322216611, 2596148429267413915448077621069207, 5192296858534827695140659305856083, 10384593717069655121305496722157863, 20769187434139310245146163427326083, 41538374868278621030779140616771127, 83076749736557242596974755029640499, 166153499473114484648392356331141319, 332306998946228967680394611341946467, 664613997892457934835513428819836119, 1329227995784915872378531266416287763, 2658455991569831748515118529337304679, 5316911983139663495373284237626107459, 10633823966279326981573503661194254711, 21267647932558653957287848150427553011, 42535295865117307927062666757010070023, 85070591730234615878330622314097016867, 170141183460469231755892592515960982551, 340282366920938463462605955319535160275, 680564733841876926877569985151149618087, 1361129467683753853805856504239152143363, 2722258935367507707757713393390998598839, 5444517870735015415559994103820985695411, 10889035741470030830872554754855571264327, 21778071482940061661408541422846765406691, 43556142965880123322975381664401953944407, 87112285931760246646782198321241085263763, 174224571863520493294079233997502501640423, 348449143727040986587010435365150979643843, 696898287454081973171843163390407273424887, 1393796574908163946343804684700627908260979, 2787593149816327892692083142000858549658759, 5575186299632655785388403340761693109631907, 11150372599265311570772096193084156763304599, 22300745198530623141531007784209132050021203, 44601490397061246283058251943337541535372839, 89202980794122492566139109465512723459252099, 178405961588244985132308351760024532436349751, 356811923176489970264601625191372869613532211, 713623846352979940529127906396071372932206023, 1427247692705959881058210625462820770087888227, 2854495385411919762116526751569668296988969431, 5708990770823839524233249378442007302344179475, 11417981541647679048466483630898631799428213607, 22835963083295358096932560385206539376863800643, 45671926166590716193864744145793120142255265399, 91343852333181432387729925420147730117023448051, 182687704666362864775461041218096867289504485127, 365375409332725729550922398556872161969440724771, 730750818665451459101842732478819937218398026007, 1461501637330902918203682768081358632935449119443, 2923003274661805836407366968556284797810518153383, 5846006549323611672814740763258699610563350086403, 11692013098647223345629485487876394172189774123447, 23384026197294446691258961284819523265557994638259, 46768052394588893382517904955987791550168287766599, 93536104789177786765035811680190858277031981240547, 187072209578355573530071660355899501692654771208279, 374144419156711147060143354170886238170509539729043, 748288838313422294120286667809824140849037459316199, 1496577676626844588240573228169525476635693303865539, 2993155353253689176481146429952824819192968233247991, 5986310706507378352962293048419669114432281321546611, 11972621413014756705924586338125809973067744247110023, 23945242826029513411849172540510052738245980388135587, 47890485652059026823698344462705594780196089462153111, 95780971304118053647396688578579813279875323822357075, 191561942608236107294793378046957271671825535171001127, 383123885216472214589586757677374941016759668072187523, 766247770432944429179173515158614989482478158821986359, 1532495540865888858358347026954174291067697944861213491, 3064991081731777716716694050937562679340219871584445127, 6129982163463555433433388105630450831679780470596426851, 12259964326927110866866776220957798941949253704896354007, 24519928653854221733733552444101844216489518718641135123, 49039857307708443467467104870996140208390663218723696743, 98079714615416886934934209720412239527010929601191965763, 196159429230833773869868419453659534613428210803245650807, 392318858461667547739736838963314206565803566879863876339, 784637716923335095479473677956953439351741575831376888839, 1569275433846670190958947355832241630245723303187657764387, 3138550867693340381917894711522167959593417873756921243159, 6277101735386680763835789423065351115204326711845640227283, 12554203470773361527671578846436348028222201853259866766759, 25108406941546723055343157693136311462222970207424724363779, 50216813883093446110686315385924946734597410056617266933431, 100433627766186892221372630770974986467789156753192370412211, 200867255532373784442745261541770418313869710862806940958023, 401734511064747568885490523085111096008842145802120408958947, 803469022129495137770981046172151560642204220967902944693591, 1606938044258990275541962092343091971146722923146454962077075, 3213876088517980551083924184681114054906720468776234743292647, 6427752177035961102167848369359580522702086597614496160344003, 12855504354071922204335696738726653233066269610324369356169719]
Predicted:    
[11, 23, 67, 151, 275, 487, 963, 2039, 4211, 8327, 16291, 32407, 65363, 131623, 263043, 526161, 1052402, 2104889, 4209868, 8419831, 16839762, 33679629, 67359368, 134718851, 269437822, 538875769, 1077751668, 2155503471, 4311007082, 8622014309, 17244028768, 34488057691, 68976115542, 137952231249, 275904462668, 551808925511, 1103617851202, 2207235702589, 4414471405368, 8828942810931, 17657885622062, 35315771244329, 70631542488868, 141263084977951, 282526169956122, 565052339912469, 1130104679825168, 2260209359650571, 4520418719301382, 9040837438603009, 18081674877206268, 36163349754412791, 72326699508825842, 144653399017651949, 289306798035304168, 578613596070608611, 1157227192141217502, 2314454384282435289, 4628908768564870868, 9257817537129742031, 18515635074259484362, 37031270148518969029, 74062540297037938368, 148125080594075877051, 296250161188151754422, 592500322376303509169, 1185000644752607018668, 2370001289505214037671, 4740002579010428075682, 9480005158020856151709, 18960010316041712303768, 37920020632083424607891, 75840041264166849216142, 151680082528333698432649, 303360165056667396865668, 606720330113334793731711, 1213440660226669587463802, 2426881320453339174927989, 4853762640906678349856368, 9707525281813356699713131, 19415050563626713399426662, 38830101127253426798853729, 77660202254506853597707868, 155320404509013707195416151, 310640809018027414390832722, 621281618036054828781665869, 1242563236072109657563332168, 2485126472144219315126664771, 4970252944288438630253329982, 9940505888576877260506660409, 19881011777153754521013321268, 39762023554307509042026642991, 79524047108615018084053286442, 159048094217230036168106573349, 318096188434460072336213147168, 636192376868920144672426294811, 1272384753737840289344852590102, 2544769507475680578689705180689, 5089539014951361157379410361868, 10179078029902722314758820724231, 20358156059805444629517641448962, 40716312119610889259035282898429, 81432624239221778518070565797368, 162865248478443557036141131595251, 325730496956887114072282263191022, 651460993913774228144564526382569, 1302921987827548456289129052765668, 2605843975655096912578258105531871, 5211687951310193825156516211064282, 10423375902620387650313032422129109, 20846751805240775300626064844258768, 41693503610481550601252129688518091, 83387007220963101202504259377036742, 166774014441926202405008518754074049, 333548028883852404810017037508148668, 667096057767704809620034075016297911, 1334192115535409619240068150032596402, 2668384231070819238480136300065193389, 5336768462141638476960272600130387368, 10673536924283276953920545200260775331, 21347073848566553907841090400521551262, 42694147697133107815682180801043103129, 85388295394266215631364361602086206868, 170776590788532431262728723204172414351, 341553181577064862525457446408344829322, 683106363154129725050914892816689659269, 1366212726308259450101829785633379319168, 2732425452616518900203659571266758638971, 5464850905233037800407319142533517278582, 10929701810466075600814638285067034557809, 21859403620932151201629276570134069116268, 43718807241864302403258553140268138233191, 87437614483728604806517106280536276467042, 174875228967457209613034212561072552934749, 349750457934914419226068425122145105870168, 699500915869828838452136850244290211741011, 1399001831739657676904273700488580423482702, 2798003663479315353808547400977160846966089, 5596007326958630707617094801954321693932868, 11192014653917261415234189603908643387866431, 22384029307834522830468379207817286775733562, 44768058615669045660936758415634573551467829, 89536117231338091321873516831269147102936368, 179072234462676182643747033662538294205873451, 358144468925352365287494067325076588411747622, 716288937850704730574988134650153176823495969, 1432577875701409461149976269300306353646992668, 2865155751402818922299952538600612707293986071, 5730311502805637844599905077201225414587972882, 11460623005611275689199810154402450829175946509, 22921246011222551378399620308804901658351893768, 45842492022445102756799240617609803316703788291, 91684984044890205513598481235219606633407577342, 183369968089780411027196962470439213266815155449, 366739936179560822054393924940878426533630311668, 733479872359121644108787849881756853067260624111, 1466959744718243288217575699763513706134521249002, 2933919489436486576435151399527027412269042498789, 5867838978872973152870302799054054824538084998368, 11735677957745946305740605598108109649076169997531, 23471355915491892611481211196216219298152339995862, 46942711830983785222962422392432438596304679992529, 93885423661967570445924844784864877192609359985868, 187770847323935140891849689569729754385218719972551, 375541694647870281783699379139459508770437439945922, 751083389295740563567398758278919017540874879892669, 1502166778591481127134797516557838035081749759786168, 3004333557182962254269595033115676070163499519573171, 6008667114365924508539190066231352140326999039147182, 12017334228731849017078380132462704280653998078295209, 24034668457463698034156760264925408561307996156591268, 48069336914927396068313520529850817122615992313183391, 96138673829854792136627041059701634245231984626367642, 192277347659709584273254082119403268490463969252736149, 384554695319419168546508164238806536980927938505473168, 769109390638838337093016328477613073961855877010947211, 1538218781277676674186032656955226147923711754021895302, 3076437562555353348372065313910452295847423508043791489, 6152875125110706696744130627820904591694847016087583868, 12305750250221413393488261255641809183389694032175168631, 24611500500442826786976522511283618366779388064350338162, 49223001000885653573953045022567236733558776128700677229, 98446002001771307147906090045134473467117552257401355368, 196892004003542614295812180090268946934235104514802711651, 393784008007085228591624360180537893868470209029605424222, 787568016014170457183248720361075787736940418059210849369, 1575136032028340914366497440722151575473880836118421699668, 3150272064056681828732994881444303150947761672236843400271, 6300544128113363657465989762888606301895523344473686801482, 12601088256226727314931979525777212603791046688947373603909, 25202176512453454629863959051554425207582093377894747208768, 50404353024906909259727918103108850415164186755789494418491, 100808706049813818519455836206217700830328373511578988837942, 201617412099627637038911672412435401660656747023157977676849, 403234824199255274077823344824870803321313494046315955354668, 806469648398510548155646689649741606642626988092631910710311, 1612939296797021096311293379299483213285253976185263821421602, 3225878593594042192622586758598966426570507952370527642844189, 6451757187188084385245173517197932853141015904741055285689368, 12903514374376168770490347034395865706282031809482110571379731]
len(predicted_full) = 200, len(input_sequence + seq_pred) = 200
is_manual_check: False
