test results being evaluated: data/test_linrec15.tsv
csv file used: ../linear_database_newbl.csv
The sequence ID inspected: A268410
csv results file used: ../linear_database_newbl.csv
Results we are looking at now:
('Could you give me a recursive equation in a form of a Python code for the following number sequence: 5,7,9,21,37,67,125,229,421,775,1425,2621,4821,8867,16309', 'Certainly, the Python code is the following: lambda a_n: a_n[-3] * 2 + a_n[-1]')

Experiment type: Evaluation of the results of llms.
Ground truth: 
[5, 7, 9, 21, 37, 67, 125, 229, 421, 775, 1425, 2621, 4821, 8867, 16309, 29997, 55173, 101479, 186649, 343301, 631429, 1161379, 2136109, 3928917, 7226405, 13291431, 24446753, 44964589, 82702773, 152114115, 279781477, 514598365, 946493957, 1740873799, 3201966121, 5889333877, 10832173797, 19923473795, 36644981469, 67400629061, 123969084325, 228014694855, 419384408241, 771368187421, 1418767290517, 2609519886179, 4799655364117, 8827942540813, 16237117791109, 29864715696039, 54929776027961, 101031609515109, 185826101239109, 341787486782179, 628645197536397, 1156258785557685, 2126691469876261, 3911595452970343, 7194545708404289, 13232832631250893, 24338973792625525, 44766352132280707, 82338158556157125, 151443484481063357, 278547995169501189, 512329638206721671, 942321117857286217, 1733198751233509077, 3187849507297516965, 5863369376388312259, 10784417634919338301, 19835636518605167525, 36483423529912818085, 67103477683437323911, 123422537731955309521, 227009438945305451517, 417535454360698084949, 767967431037958845987, 1412512324343962382453, 2598015209742619313389, 4778494965124540541829, 8789022499211122237671, 16165532674078282092889, 29733050138413944872389, 54687605311703349202949, 100586188124195576168227, 185006843574312870243565, 340280637010211795614741, 625873668708720242026533, 1151161149293244907884839, 2117315455012176945526113, 3894350273014142095437485, 7162826877319563948848437, 13174492605345882989812035, 24231669755679589034097957, 44568989238345035972758429, 81975151599370507996668421, 150775810593395133003524807, 277319951431110676972951657, 510070913623876317973144885, 938166675648382127949621349, 1725557540703369122895717891, 3173795129975627568818484125, 5837519346327378819663823365, 10736872017006375511378025381, 19748186493309381899860332871, 36322577856643136230902181617, 66807636366958893642140539869, 122878400716911411772903054357, 226008614940513441645945775843, 415694652024383747060989370069, 764581667681808600479838200269, 1406284934646705789186773346181, 2586561254352898136727600916519, 4757427856681412526394212462969, 8750274045681016452308586725669, 16094263156715327115430400105157, 29601965059077756094133199293795, 54446502261474099661872186124621, 100142730477267182871435785523573, 184191197797819038627441170941989, 338780430536560321160749142590183, 623114358811646542659626099055745, 1146085987146025902447816412587917, 2107980776494232766268191654233845, 3877181122451905211375634165877507, 7131247886092163880091642232699269, 13116409785038301857735468052810621, 24124838793582370949202744451387397, 44372496464712836687029854736897287, 81613745043333509493968067241095305, 150111080301628717130200666429379989, 276097321809675063311198588407372581, 507822147154637289935367322077847875, 934030549265941070376766576914600445, 1717950018230253423623332487399820901, 3159802714650831783935466386392269221, 5811783282147026277935565450706690567, 10689536015028111485494364324498780689, 19661122011825969547365396161597740477, 36162441309001107310795325936803211733, 66513099335855188343655086422899732899, 122336662656682265201815808521300685109, 225012203301538560856266220881003629741, 413861965294076014401737115825204047749, 761210831252296840459819145227508362599, 1400084999847911415717822481933716040089, 2575157796394284270579378742986428450437, 4736453627494492526757020370147652853125, 8711696423736688213054221595067797343651, 16023307847625465010390620708201878647213, 29471457898856645750201862673417328843989, 54206462170218798973646704976687004834853, 99701227916700909734239188358306212326055, 183379147985776354458087756008410546004897, 337286838072696063165973649343403763165805, 620367213975173327358300593710120521496757, 1141033200033645744982361999061934830667459, 2098687252081515135506636242115459115330021, 3860087666090334207847298834887514467494237, 7099808118205495088336297076064908413491717, 13058583036377344431690232153067881996315975, 24018478820673173727873828064020304877301929, 44176869975256013247900357293153095287109621, 81253931832306531407464417510241282160727525, 149449280628235718383238602867414682325139075, 274880082435798263038603377670809059772976221, 505583294896340512829306398048465024258842821, 929912657960374494251148378586688766356958117, 1710376035292513270119058154305962850388777159, 3145871988149228277199512930941116641004578097, 5786160681402116041569719463833768257750313373, 10642408704843857588888290549080847749143668629, 19574441374395201907657522943855732647898560099, 36003010760641175538115532956770348654792542101, 66219860839880235034661346449706929051834770829, 121797312974916612480434402350333010354525873029, 224020184575438023053211281756810288061153185959, 412037358390234870568307030556850227467513829817, 757854855940589506101952714663993525883192888805, 1393912398906262399723471026977654041411859904581, 2563804613237086776393730772198497794762566623203, 4715571868083938682219154513840145362057619416589, 8673288880227287858336356313016297198232045944373, 15952665361548313316949241599054940355052231984165, 29341526109859539857504752425911382915341897345127, 53967480351635141032790350337982620468626175273665, 99261671823042994207244344362948943739020304602957, 182570678284537675097539447126842947122988377221749, 335799830459215810337574141827774511330634857098371, 617632180566796479642357933317566402192643538923077, 1136002689310549965077471522272183860646266773243197, 2089434700336562255057403597417524774169545169264645, 3843069570213908699777233053007275037008455481430919, 7068506959861020919912108172696983671824267423938761, 13001011230411491874746744823121783483002268074634325, 23912587760486421494436086048826042191834990980004005, 43982105950758934289094939044644809346661526478577091, 80895704941656847658277769916592635021498785533215421, 148790398652902203441808795010063486559995302991796517]
Predicted:    
[5, 7, 9, 21, 37, 67, 125, 229, 421, 775, 1425, 2621, 4821, 8867, 16309, 25951, 43685, 76303, 128205, 215575, 368181, 624591, 1055741, 1792103, 3041285, 5152767, 8736973, 14819543, 25125077, 42599023, 72238109, 122488263, 207686309, 352162527, 597139053, 1012511671, 1716836725, 2911114831, 4936138173, 8369811623, 14192041285, 24064317631, 40803940877, 69188023447, 117316658709, 198924540463, 337300587357, 571933904775, 969782985701, 1644384160415, 2788251969965, 4727817941367, 8016586262197, 13593090202127, 23048726084861, 39081898609255, 66268079013509, 112365531183231, 190529328401741, 323065486428759, 547796548795221, 928855205598703, 1574986178456221, 2670579276046663, 4528289687244069, 7678262044156511, 13019420596249837, 22075999970737975, 37432524059050997, 63471365251550671, 107623365193026621, 182488413311128615, 309431143814229957, 524677874200283199, 889654700822540429, 1508516988451000343, 2557872736851566741, 4337182138496647599, 7354216115398648285, 12469961589101781767, 21144325866095076965, 35852758096892373535, 60792681275095937069, 103081333007286090999, 174786849201070838069, 296372211751262712207, 502534877765834894205, 852108576167976570343, 1444852999670501994757, 2449922755202171783167, 4154139907538124923853, 7043845906879128913367, 11943691417283472479701, 20251971232359722327407, 34339663046117980154141, 58227045880684925113543, 98730988345404369768357, 167410314437640330076639, 283864406199010180303725, 481326382889818919840439, 816147011765099579993717, 1383875824163119940601167, 2346528589942757780282045, 3978822613472956940269479, 6746574261799196821471813, 11439631441684712382035903, 19397276668630626262574861, 32890425192229019905518487, 55769688075598444669590293, 94564241412859697194740015, 160345091797317737005776989, 271884467948514626344957575, 461012950774234020734437605, 781703134368869494745991583, 1325472070265898747435906733, 2247497971814366788904781943, 3810904240552105778396765109, 6461848381083903273268578575, 10956844324712636851078142461, 18578652805816848407871672679, 31502349567984654954408829829, 53416038217409928656565114751, 90573343829043625472308460109, 153578042965012935381126119767, 260410119399832792694256349269, 441556807057920043638873269487, 748712892987945914401125509021, 1269533131787611499789638207559, 2152646745903451587067384746533, 3650072531879343415869635764575, 6189138795454566415448912179693, 10494432287261469589583681672759, 17794577351020156421322953201909, 30172854941929289252220777561295, 51161719516452228431388140906813, 86750874218492541274034047310631, 147096584102351119778475602433221, 249420023135255576641251884246847, 422921771572240659189319978868109, 717114939776942898746271183734551, 1215954986047454052028774952228245, 2061798529191935370407414909964463, 3496028408745821167899957277433565, 5927938380840729271957507181890055, 10051535439224600012772337001818981, 17043592256716242348572251556686111, 28899469018397700892487265920466221, 49002539896846900918031939924104183, 83089724410279385615176443037476405, 140888662447074787400150974878408847, 238893742240768589236214854726617213, 405073191061327360466567740801570023, 686850515955476935266869690558387717, 1164638000437014113739299400011622143, 1974784382559668834672434881614762189, 3348485414470622705206174262731537623, 5677761415344650932684773062754781909, 9627330180463988602029642825984306287, 16324301009405234012441991351447381533, 27679823840094535877811537476956945351, 46934484201022513081870823128925557925, 79583086219832981106754805831820320991, 134942733900022052862377880785734211693, 228811702302067079026119527043585327543, 387977874741733041239629138707225969525, 657863342541777146964384900278694392911, 1115486747145911305016623954365865047997, 1891442496629377387495882231780316987047, 3207169181712931681424652032337705772869, 5438142676004754291457899941069435868863, 9221027669263509066449664404630069842957, 15635366032689372429298968469305481388695, 26511651384698881012214768351444353126421, 44953706723225899145114097160704492812335, 76224438788604644003712034099315455589725, 129247741558002406028141570802204161842567, 219155155004454204318369765123613147467237, 371604032581663492325793833322244058646687, 630099515697668304382076974926652382331821, 1068409825706576713018816505173878677266295, 1811617890869903697670404171818366794559669, 3071816922265240306434558121671671559223311, 5208636573678393732472191132019428913755901, 8831872355418201127812999475656162502875239, 14975506199948681740682115718999505621321861, 25392779347305469205626497983038363448833663, 43056524058141871461252496934350688454584141, 73007536458039234942616728372349699697227863, 123793095152650173353869724338426426594895189, 209906143268933916276374718207127803504063471, 355921216185012386161608174951827202898519197, 603507406490312732869347623628680056088309575, 1023319693028180565422097060042935663096436517, 1735162125398205337745313409946590068893474911, 2942176938378830803484008657203950181070094061, 4988816324435191934328202777289821507262967095, 8459140575231602609818829597183001645049916917, 14343494451989264216786846911590902007190105039, 24321127100859648085443252466170545021716039229, 41239408251322853305080911660536548311815873063]
len(predicted_full) = 200, len(input_sequence + seq_pred) = 200
is_manual_check: False
