test results being evaluated: data/test_linrec15.tsv
csv file used: ../linear_database_newbl.csv
The sequence ID inspected: A275447
csv results file used: ../linear_database_newbl.csv
Results we are looking at now:
('Could you give me a recursive equation in a form of a Python code for the following number sequence: 0,0,0,2,4,10,24,54,120,258,552,1164,2432,5042,10384', 'Certainly, the Python code is the following: lambda a_n: 4 * a_n[-3] + a_n[-1]')

Experiment type: Evaluation of the results of llms.
Ground truth: 
[0, 0, 0, 2, 4, 10, 24, 54, 120, 258, 552, 1164, 2432, 5042, 10384, 21268, 43344, 87962, 177840, 358358, 719964, 1442584, 2883504, 5751020, 11447164, 22743262, 45110096, 89334192, 176658732, 348875904, 688122336, 1355674528, 2667921660, 5245033102, 10301675696, 20215130990, 39634806368, 77647769834, 152003011144, 297347129654, 581272418300, 1135572665572, 2217089090008, 4326105696246, 8436624987944, 16444060296540, 32035270225080, 62378708923182, 121406532742004, 236185849669290, 459282371976232, 892744584393304, 1734615563344860, 3369104134829156, 6541344950343800, 12696001979142250, 24633141013879648, 47778306969429552, 92641347512927768, 179575401859383024, 347985540492868096, 674143240505096016, 1305641243017731512, 2528017555347412042, 4893555687527023452, 9470234007448619618, 18322804693451009000, 35442263373251774862, 68541285214172839576, 132521776085543849082, 256170575681880664976, 495086286385539954156, 956631674022290031728, 1848090637874318330506, 3569593586516390997184, 6893400664586022085460, 13309743083374633378720, 25693856704697055073042, 49592315878231492080248, 95703288987683998714222, 184658184292241771232628, 356238829993646276617448, 687142253800269172258184, 1325215184397071279520076, 2555418802871833674319860, 4926916831602449320711622, 9497893892708527658838576, 18307108500942080357684064, 35282059736071921839958468, 67987827927859584383447664, 130994404324807411069447520, 252359642410683187104303344, 486109201437765176519810356, 936258381885502479563996246, 1803045373400021602321415688, 3471904244101501893944760262, 6684670714618991714125358768, 12868991521219791340488744514, 24772065134687678887783816552, 47679761141881123512658383022, 91761608095597493062616457956, 176580989974527381593606094020, 339768989387712202932882638920, 653704141575482858563745280846, 1257584754950301812038342028120, 2419093306466538787310130482460, 4652946722352535415432904295688, 8948791672382235601987891512102, 17209264388860328464600326472124, 33091962152885997026309986488642, 63627627092055397165712707009600, 122329895582029801061569303764392, 235171022974744145781103881949108, 452064053570823184476047016731332, 868923866324287991550440596764912, 1670050739093162693869868361802706, 3209551760170852612121636264375232, 6167745617023823731577008119178080, 11851584932190394129647604857931056, 22771669291559711762263978801769952, 43750426271078928522593317343085312, 84050289409076006239172801903917728, 161460445280414356139274132181517424, 310144139547765666823842901722598802, 595706026225706953404253829086455988, 1144120737609970325650568564965204666, 2197271022993790039821953485532523192, 4219565695533642267508515432456179430, 8102604986200641461137283101958555832, 15558036862600628179473593632523718642, 29871604898548225542172132241997963768, 57350387123773611888587158708199049804, 110100321032402276659873231978501776992, 211356514683254599406635908687243161186, 405712037224342260149184451212556808944, 778745803178162862081990871905276317332, 1494684321957459931510477634110671153648, 2868662970149810184924996132120761090954, 5505366178710865235068947584723584986432, 10565008907030273432415353176400997939974, 20273597972070434729375545090507957646988, 38901775471433684418113665425755207037880, 74642463349597505720021586258560435325792, 143212446217875493530145758199973611556780, 274760390973332706045244361987145619729516, 527116182975411916295645167739938236561838, 1011201550554173184804971434718874933807632, 1939762428511897808815108856552881129905168, 3720823578806741845802087490723441403378524, 7136899934426746582848702897138827520519264, 13688643054395645510065650429093103645423584, 26253772412565295073840784229589166661765696, 50350503446037244922476042303555802132765292, 96559932994312976539688583436592193635833630, 185170320983628921855149038613389050871103840, 355080916108642402739125956534985110391072286, 680871335978602625692230524027261092557377024, 1305523734990647836500577781214697594380627866, 2503149124299139695249664762349218211799779464, 4799225214535902435592596659767131883789277222, 9201067458840780104754865362779532092244913868, 17639578057546283602086671258933271855417983908, 33815925380588536858484492012966353689734583736, 64824276083689617824416471086033844964738798502, 124261786916204792213902162843460346545760224648, 238188744256681110969975282922970076219556915164, 456550469469843454061027357161023143947047651672, 875065305319599670919596157602810723498644185118, 1677167506755669109836976322797202067281813334788, 3214377686160298522492163530993046073049084786650, 6160302565287737820387781982207131775199167072344, 11805707969998818477564111695515621907234054220280, 22623878552288010033170456857903496120418109254540, 43353812126992788874911501680649731375785850655524, 83075487569001337047022440255718550103973185020264, 159185700059733159780537509879462215529323188773434, 305014801699164034130315967653122747992896837853472, 584418091837976461618790890804735987699878748616592, 1119727699018354244286362052327386372095361116835144, 2145296782071557789340734622718236825946687713907920, 4110064955494471917999490357204847464776683765107456, 7874019501612609375670861501569888619540014293043696, 15084500450215885604970906481883298514318533988394024, 28896960956191246104179378461341706551931163551405018, 55355445082130248534287689705917565772279692362475532, 106036553169732235238947848173385631671478893304557842, 203113166185979670213269135107489124092252408090240136, 389052227940298226304439309490742555479086182770876478, 745186930024576593797411385867916321611695641710667480, 1427283274595148646330999102493422092395510864183184234, 2733649816604725726566935862671246411074007495944047968, 5235563953349498694388737916853817548331737146817026476, 10027024353527505305297486166245712072188181780009693008, 19202987871754325767081080178932775824170736952795451194, 36775095194167442310736426626510959552280577569806385952, 70425053373040596347347150449539931634581188262908150996, 134861834963494508428042150963932070615539879379695074368, 258249543284772938794512490594256715225984392835220658434, 494514230143876310648129441683261311972600398868741246728, 946906007971852514878953284648224102206419694950892815518]
Predicted:    
[0, 0, 0, 2, 4, 10, 24, 54, 120, 258, 552, 1164, 2432, 5042, 10384, 20112, 40280, 81816, 162264, 323384, 650648, 1299704, 2593240, 5195832, 10394648, 20767608, 41550936, 83129528, 166199960, 332403704, 664921816, 1329721656, 2659336472, 5319023736, 10637910360, 21275256248, 42551351192, 85102992632, 170204017624, 340409422392, 680821392920, 1361637463416, 2723275152984, 5446560724664, 10893110578328, 21786211190264, 43572454088920, 87144896402232, 174289741163288, 348579557518968, 697159143127896, 1394318107781048, 2788636337856920, 5577272910368504, 11154545341492696, 22309090692920376, 44618182334394392, 89236363700365176, 178472726472046680, 356945455809624248, 713890910611084952, 1427781816499271672, 2855563639737768664, 5711127282182108472, 11422254548179195160, 22844509107130269816, 45689018235858703704, 91378036428575484344, 182756072857096563608, 365512145800531378424, 731024291514833315800, 1462048582943219570232, 2924097166145345083928, 5848194332204678347128, 11696388663977556628056, 23392777328558936963768, 46785554657377650352280, 93571109313287876864504, 187142218627523624719576, 374284437257034226128696, 748568874510185733586712, 1497137749020280232465016, 2994275498048417136979800, 5988550996089160071326648, 11977101992170281001186712, 23954203984363949549105912, 47908407968720589834412504, 95816815937401713839159352, 191633631874857512035583000, 383267263749739871373233016, 766534527499346726729870424, 1533069054998776774872202424, 3066138109997736260365134488, 6132276219995123167284616184, 12264552439990230266773425880, 24529104879981175308233963832, 49058209759961667977372428568, 98116419519922589044466132088, 196232839039847290277401987416, 392465678079693962186891701688, 784931356159384318364756230040, 1569862712318773479474364179704, 3139725424637549328221930986456, 6279450849275086601680955906616, 12558901698550180519578412625432, 25117803397100377832466136571256, 50235606794200724239189960197720, 100471213588401446317503610699448, 200942427176802957647368156984472, 401884854353605854604127997775352, 803769708707211639874142440573144, 1607539417414423470463615068511032, 3215078834828846888880127059612440, 6430157669657693448376696821905016, 12860315339315387330231157095949144, 25720630678630774885751665334398904, 51441261357261548679258452622018968, 102882522714523098000183081005815544, 205765045429046197543189742343411160, 411530090858092392260223552831487032, 823060181716184784260955876854749208, 1646120363432369574433714846228393848, 3292240726864739143474609057554341976, 6584481453729478280518432564973338808, 13168962907458956578253291949886914200, 26337925814917913152151728180104282104, 52675851629835826274225458439997637336, 105351703259671652587238626239545294136, 210703406519343305195845538959962422552, 421406813038686610292747372719952971896, 842813626077373220641701877678134148440, 1685627252154746441425084033517983838648, 3371254504309492882596073524397795726232, 6742509008618985765162881035110332319992, 13485018017237971530863217169182267674584, 26970036034475943061247511266773450579512, 53940072068951886121899035407214779859480, 107880144137903772245351904083943850557816, 215760288275807544490341949151037652875864, 431520576551615088977938090779896772313784, 863041153103230177959345707115672174545048, 1726082306206460355920713503719822786048504, 3452164612412920711832465866839409875303640, 6904329224825841423669848695302098573483832, 13808658449651682847352702710181389717677848, 27617316899303365694682566177539029218892408, 55234633798606731389361960958747423512827736, 110469267597213462778772771799472982383539128, 220938535194426925557503036509629099259108760, 441877070388853851114950880344618793310419704, 883754140777707702230041967542510722844576216, 1767508281555415404460054113581027119881011256, 3535016563110830808919857634959502293122690072, 7070033126221661617840025505129545184500994936, 14140066252443323235680241959453653664025039960, 28280132504886646471359672499291662836515800248, 56560265009773292942719774519809843574519779992, 113120530019546585885440742357624458230619939832, 226241060039093171770879432354791109576683140824, 452482120078186343541758530434030483874762260792, 904964240156372687083521499864528316797242020120, 1809928480312745374167039229283692755103974583416, 3619856960625490748334073351019814690603023626584, 7239713921250981496668159350477927957791991707064, 14479427842501962993336316267612698978207890040728, 28958855685003925986672609671691957740619984547064, 57917711370007851973345247073603669571787951375320, 115835422740015703946690512144054465484619511538232, 231670845480031407893380950830822296447099449726488, 463341690960062815786761939125236974734251255227768, 926683381920125631573523987701454836672729301380696, 1853366763840251263147047791024744022461127100286648, 3706733527680502526294095547525691921398132121197720, 7413467055361005052588191498331511268089049326720504, 14826934110722010105176382662430487357933557727867096, 29653868221444020210352764852533255043526086212657976, 59307736442888040420705530845859300115882283519539992, 118615472885776080841411061495581249547616514431008376, 237230945771552161682822120905714269721720859281640280, 474461891543104323365644244289151470185249993359800248, 948923783086208646731288490271476468375716051083833752, 1897847566172417293462576973894333547262599488210394872, 3795695132344834586925153951050939428003599461649595864, 7591390264689669173850307912136845301506463665984930872, 15182780529379338347700615807714179490556861618826510360, 30365561058758676695401231611917937202571259465424893816, 60731122117517353390802463260465318408597114129364617304, 121462244235034706781604926491322036370824560604670658744, 242924488470069413563209852938993785181109598466370234008, 485848976940138827126419705980855058815498054983828703224, 971697953880277654252839411946143204298796297402511338200, 1943395907760555308505678823702118345023234691267992274232, 3886791815521110617011357647625538580285226911203307087128, 7773583631042221234022715295410111397480412100813352439928, 15547167262084442468045430590218584777573350865885321536856, 31094334524168884936090861180720739098714258510698549885368, 62188669048337769872181722362361184688635906913951959645080, 124377338096675539744363444723235523798929310377493245792504, 248754676193351079488726889446118480193786344420287445333976, 497509352386702158977453778895563218948329972076095283914296]
len(predicted_full) = 200, len(input_sequence + seq_pred) = 200
is_manual_check: False
