test results being evaluated: data/test_linrec15.tsv
csv file used: ../linear_database_newbl.csv
The sequence ID inspected: A291385
csv results file used: ../linear_database_newbl.csv
Results we are looking at now:
('Could you give me a recursive equation in a form of a Python code for the following number sequence: 1,4,14,47,152,480,1488,4548,13744,41152,122272,360944,1059584,3095552,9005568', 'Certainly, the Python code is the following: lambda a_n: a_n[-1] * 5 + n')

Experiment type: Evaluation of the results of llms.
Ground truth: 
[1, 4, 14, 47, 152, 480, 1488, 4548, 13744, 41152, 122272, 360944, 1059584, 3095552, 9005568, 26101824, 75404544, 217191424, 623928832, 1788071680, 5113137152, 14592352256, 41569120256, 118219097088, 335685021696, 951817715712, 2695241605120, 7622609858560, 21533157621760, 60763426783232, 171291861843968, 482411746967552, 1357406943117312, 3816239170584576, 10720495259222016, 30093078504079360, 84412772879171584, 236622172760571904, 662862081972764672, 1855773830841368576, 5192466849764212736, 14520482052232445952, 40584289234307776512, 113374326815751929856, 316563583446091300864, 883498091700973207552, 2464660595340646285312, 6872636406530847014912, 19156306558731237195776, 53373949105395885670400, 148656062787974181421056, 413883253055923440058368, 1151916193145601726087168, 3204920473857029910298624, 8913991619828835395043328, 24785103921926834011242496, 68893387124268689858232320, 191441933643015956631388160, 531830936717333812855439360, 1477036234187478396510928896, 4101035919108711173559681024, 11383728448124110364869656576, 31591300172127279035969437696, 87648768398889513169356587008, 243121102334130325064230371328, 674219094167006626509687357440, 1869321028788401284540018982912, 5181720222885004484968806612992, 14360643728867443627540806107136, 39791130308494537727804323135488, 110233475335744509893306763706368, 305321870620498472613025379516416, 845515865098567814119503708553216, 2341031136474337026420343432019968, 6480615679590382285203943637123072, 17937048315090992737407643362000896, 49637880708175003481789811157630976, 137342472850079607539846321805459456, 379951042161228959119308365777338368, 1050952929719151837673284400400302080, 2906520413243270476447207782527008768, 8037103424282931802674978916667490304, 22220986090733596672836407000358191104, 61427969338111615529074828139615485952, 169788968305209925789110650095013986304, 469239570797839202563051428710520455168, 1296650584123529499328261461723725168640, 3582578712699992128883861333576326840320, 9897242411196415191874591304241087774720, 27338806688606067962620067808332467929088, 75507994716330216822096334717824356319232, 208523724724949577237853163103063415717888, 575795475746164104482953744728629568339968, 1589762718499590411504564029938593551089664, 4388829097333444160827045476058569453338624, 12114857684464665498493139293992987603763200, 33438147086877282284004229957548683732975616, 92282904694843214203382299901971805100834816, 254657440914321756182275903351709041759879168, 702665156224410104463097216570474746760658944, 1938644798991385575089313547235929811304054784, 5348188049871595394085517762522159690733846528, 14752801186033813715908189704118004621810597888, 40691385727306529845065861572302681009767317504, 112225459314287813927222050000089727267982278656, 309486675569394364405280611317326233334508945408, 853404411714989963996962793874411466772654850048, 2353048429436431225189811329207717324907691900928, 6487398475933418729808112226291900523882766925824, 17884411907736177749635624108903005428011793121280, 49299642548593301341036154626452637245695017877504, 135887188669160130624920475378644475492087168499712, 374523865511017425583364459738186256448723261325312, 1032160674024378580606626105505511906117285729796096, 2844346616549860072062996000487081271549665499676672, 7837646787434660361085386422528257132640527234105344, 21595206295499543097155079007116188255828930052751360, 59497409553501777489689843602546055226449253294407680, 163911077448330386781824299028009838758474133306081280, 451532072279586560905715018364996820456702983865892864, 1243768187508333851316721008611154086991902188897304576, 3425794492232685201053530267810353416994018675962937344, 9435277080900726769841103728209399749288554299700281344, 25984834534417890025207786770488379019392187752159117312, 71557909449776743087136020905026072393648992845343752192, 197046243182970417385601132723187677912311462279921008640, 542565188132935642261377821816006080496954129903609970688, 1493858138795857064247591972941862226761055825843053395968, 4112830971920557945557014746361843194171135633751470505984, 11322617409886864974594631880026573421059663646657318223872, 31169343776648860815352280449307371548162391460270405844992, 85799294776047551439962635934567291732236257467697645748224, 236164915937413054180865429712609206783783178162526155177984, 650014443896913870302264947735871561065594926381312101056512, 1788986042272679626427949581669718424211840079942585614860288, 4923427662487223866505024345239730875648149864599342635024384, 13548935435023932286878516080221514186932707334696769110933504, 37283795626326636654881407876584823109773728993721143120625664, 102591817036318037181773638417742571737062356738319488942866432, 282282074015131794966046327648239249950195168817306432343900160, 776662189309818357477619983259392358174860013980669507966861312, 2136779038443422585836765194189289566363846286041237547842011136, 5878492293507363834891595601900273978905574366673220776845377536, 16171543363490381299881237230933000050422636679578301314271019008, 44485292389174871082920347437180114238080336374060626842480541696, 122366115054866883309201564156761106855621365418691790963791101952, 336578144137515027498189976371979331103482070771447870233614745600, 925744063982699616129872177066744410307595045374993260937530572800, 2546106165935163913714194805264168329433087912654196208669871308800, 7002335050421067901634453153453794241482009622770434708955402862592, 19257075113272614567506075291793304359053349844996001267386907885568, 52956474869678348495791254016792893159518315897250462356438538780672, 145622794411604195115232611618484545388484834956221586919431446986752, 400425236538551592314344031525776569715584502573836598702808913412096, 1101020846743689123021021792801589916149978083737358690890179711860736, 3027275132203209537179061262191311728853960391710660218779513116426240, 8323207458858008629740562350085096176137226206427061737817855370461184, 22882962115328315165536698931824559096486742145514031029338748133310464, 62909564016712827872630218458561382890515373113421407603558168754388992, 172943495867174404303880129984799515237547841235426495636571779588161536, 475417456710639061372264679084261203473748522951885487360305711804317696, 1306861466247540361845870172941255514384924138318114564495402504648916992, 3592259641985914901461918778052380404077252330935360662474803106872819712, 9873924930789849497654037159596233927568829775184652768470479614704091136, 27139138166336518850360128538517846781300931902386152608477475574407757824, 74591029664468594742361683237887321835046012408789266876129867424052805632, 205003680643611923382366760562569894303324402109938402706856420351087214592, 563405917520596144735969865303751867252614834119925778885723958350270431232, 1548338880101289745603545481157837507204887509599844370099946991711028248576, 4254961956598389216385801107179241587052770771884713191240417134339204055040, 11692585763654340014125978464036671832976866806139692923048451189150303911936, 32130008343724657512731670545668979805257907811280313615851332989511907934208, 88286982201706357337426091400610636495789915031644171453082206916489886302208, 242587394871197152371153333461432204971133642589920289662979549615400297693184, 666539169680373989326256055624230294110563840644879878032913729788904711651328, 1831340787732946468554688809109360165254904411081244886043591931865652124450816, 5031516063155383225899824203143540475267388843479040541058202502873446571048960, 13823401315693752379504635033734590728300510078397441981317581974720947400212480, 37976722282189941812276005439566560414720549662360289324789937524802953758638080, 104329397472584915567686672896680477195723470257283853426519762348761633968357376, 286604315112168110331110314504271021055420245028039715691305583585785170387533824, 787309876928377897308214674365613237990714542499686780241632506245833261880180736, 2162697438804072497442261292530742892738188209291035136255212176094028160739311616, 5940637644428605444849415962502081493726496995910687405784324986294784743983546368, 16317654301838726159607505197066335986758590663533096518439017560869332199342604288, 44819798189208813069659071750556947853165998809805357862747842809741770463935201280, 123103301846190118730071914132088167891899266434771791659695922644232691260915187712, 338109422392336243864029951101813657698622352447179644868134250144796968472985731072, 928608686848319566260417209614533704022127056656143330496798187857776381383090896896, 2550329139866922062922457238399201681540650099907177557258633999038276913589301280768, 7004027972944237825857301688253944793006024514312185903450678304417801141529658523648, 19234804707421049797889749271692254909052592194210878390355790714229805641161963995136, 52822150963355544423137670341117271367796659750961519781366898113181901730401082146816, 145055063510400586834002438904840720400975842489719881668827630021232090135009855275008, 398325704490456997649462554692809063159458534347943755938661481153418710844625075044352, 1093786391425299436021189858955529062059250490607239351942287576851300406970643787022336, 3003416453764570871720189243218921399558008583507352275293061674782617299880891977302016, 8246839925093025158349046779713850211352462689286979526987644329818191152226527887753216, 22643765751007877154628818028439932096298012694898228268657630779848686509762460954656768, 62172585808213743900668998732186240940490980149105137464516879413728606012120132852121600]
Predicted:    
[1, 4, 14, 47, 152, 480, 1488, 4548, 13744, 41152, 122272, 360944, 1059584, 3095552, 9005568, 45027855, 225139291, 1125696472, 5628482378, 28142411909, 140712059565, 703560297846, 3517801489252, 17589007446283, 87945037231439, 439725186157220, 2198625930786126, 10993129653930657, 54965648269653313, 274828241348266594, 1374141206741333000, 6870706033706665031, 34353530168533325187, 171767650842666625968, 858838254213333129874, 4294191271066665649405, 21470956355333328247061, 107354781776666641235342, 536773908883333206176748, 2683869544416666030883779, 13419347722083330154418935, 67096738610416650772094716, 335483693052083253860473622, 1677418465260416269302368153, 8387092326302081346511840809, 41935461631510406732559204090, 209677308157552033662796020496, 1048386540787760168313980102527, 5241932703938800841569900512683, 26209663519694004207849502563464, 131048317598470021039247512817370, 655241587992350105196237564086901, 3276207939961750525981187820434557, 16381039699808752629905939102172838, 81905198499043763149529695510864244, 409525992495218815747648477554321275, 2047629962476094078738242387771606431, 10238149812380470393691211938858032212, 51190749061902351968456059694290161118, 255953745309511759842280298471450805649, 1279768726547558799211401492357254028305, 6398843632737793996057007461786270141586, 31994218163688969980285037308931350707992, 159971090818444849901425186544656753540023, 799855454092224249507125932723283767700179, 3999277270461121247535629663616418838500960, 19996386352305606237678148318082094192504866, 99981931761528031188390741590410470962524397, 499909658807640155941953707952052354812622053, 2499548294038200779709768539760261774063110334, 12497741470191003898548842698801308870315551740, 62488707350955019492744213494006544351577758771, 312443536754775097463721067470032721757888793927, 1562217683773875487318605337350163608789443969708, 7811088418869377436593026686750818043947219848614, 39055442094346887182965133433754090219736099243145, 195277210471734435914825667168770451098680496215801, 976386052358672179574128335843852255493402481079082, 4881930261793360897870641679219261277467012405395488, 24409651308966804489353208396096306387335062026977519, 122048256544834022446766041980481531936675310134887675, 610241282724170112233830209902407659683376550674438456, 3051206413620850561169151049512038298416882753372192362, 15256032068104252805845755247560191492084413766860961893, 76280160340521264029228776237800957460422068834304809549, 381400801702606320146143881189004787302110344171524047830, 1907004008513031600730719405945023936510551720857620239236, 9535020042565158003653597029725119682552758604288101196267, 47675100212825790018267985148625598412763793021440505981423, 238375501064128950091339925743127992063818965107202529907204, 1191877505320644750456699628715639960319094825536012649536110, 5959387526603223752283498143578199801595474127680063247680641, 29796937633016118761417490717890999007977370638400316238403297, 148984688165080593807087453589454995039886853192001581192016578, 744923440825402969035437267947274975199434265960007905960082984, 3724617204127014845177186339736374875997171329800039529800415015, 18623086020635074225885931698681874379985856649000197649002075171, 93115430103175371129429658493409371899929283245000988245010375952, 465577150515876855647148292467046859499646416225004941225051879858, 2327885752579384278235741462335234297498232081125024706125259399389, 11639428762896921391178707311676171487491160405625123530626296997045, 58197143814484606955893536558380857437455802028125617653131484985326, 290985719072423034779467682791904287187279010140628088265657424926732, 1454928595362115173897338413959521435936395050703140441328287124633763, 7274642976810575869486692069797607179681975253515702206641435623168919, 36373214884052879347433460348988035898409876267578511033207178115844700, 181866074420264396737167301744940179492049381337892555166035890579223606, 909330372101321983685836508724700897460246906689462775830179452896118137, 4546651860506609918429182543623504487301234533447313879150897264480590793, 22733259302533049592145912718117522436506172667236569395754486322402954074, 113666296512665247960729563590587612182530863336182846978772431612014770480, 568331482563326239803647817952938060912654316680914234893862158060073852511, 2841657412816631199018239089764690304563271583404571174469310790300369262667, 14208287064083155995091195448823451522816357917022855872346553951501846313448, 71041435320415779975455977244117257614081789585114279361732769757509231567354, 355207176602078899877279886220586288070408947925571396808663848787546157836885, 1776035883010394499386399431102931440352044739627856984043319243937730789184541, 8880179415051972496931997155514657201760223698139284920216596219688653945922822, 44400897075259862484659985777573286008801118490696424601082981098443269729614228, 222004485376299312423299928887866430044005592453482123005414905492216348648071259, 1110022426881496562116499644439332150220027962267410615027074527461081743240356415, 5550112134407482810582498222196660751100139811337053075135372637305408716201782196, 27750560672037414052912491110983303755500699056685265375676863186527043581008911102, 138752803360187070264562455554916518777503495283426326878384315932635217905044555633, 693764016800935351322812277774582593887517476417131634391921579663176089525222778289, 3468820084004676756614061388872912969437587382085658171959607898315880447626113891570, 17344100420023383783070306944364564847187936910428290859798039491579402238130569457976, 86720502100116918915351534721822824235939684552141454298990197457897011190652847290007, 433602510500584594576757673609114121179698422760707271494950987289485055953264236450163, 2168012552502922972883788368045570605898492113803536357474754936447425279766321182250944, 10840062762514614864418941840227853029492460569017681787373774682237126398831605911254850, 54200313812573074322094709201139265147462302845088408936868873411185631994158029556274381, 271001569062865371610473546005696325737311514225442044684344367055928159970790147781372037, 1355007845314326858052367730028481628686557571127210223421721835279640799853950738906860318, 6775039226571634290261838650142408143432787855636051117108609176398203999269753694534301724, 33875196132858171451309193250712040717163939278180255585543045881991019996348768472671508755, 169375980664290857256545966253560203585819696390901277927715229409955099981743842363357543911, 846879903321454286282729831267801017929098481954506389638576147049775499908719211816787719692, 4234399516607271431413649156339005089645492409772531948192880735248877499543596059083938598598, 21171997583036357157068245781695025448227462048862659740964403676244387497717980295419692993129, 105859987915181785785341228908475127241137310244313298704822018381221937488589901477098464965785, 529299939575908928926706144542375636205686551221566493524110091906109687442949507385492324829066, 2646499697879544644633530722711878181028432756107832467620550459530548437214747536927461624145472, 13232498489397723223167653613559390905142163780539162338102752297652742186073737684637308120727503, 66162492446988616115838268067796954525710818902695811690513761488263710930368688423186540603637659, 330812462234943080579191340338984772628554094513479058452568807441318554651843442115932703018188440, 1654062311174715402895956701694923863142770472567395292262844037206592773259217210579663515090942346, 8270311555873577014479783508474619315713852362836976461314220186032963866296086052898317575454711877, 41351557779367885072398917542373096578569261814184882306571100930164819331480430264491587877273559533, 206757788896839425361994587711865482892846309070924411532855504650824096657402151322457939386367797814, 1033788944484197126809972938559327414464231545354622057664277523254120483287010756612289696931838989220, 5168944722420985634049864692796637072321157726773110288321387616270602416435053783061448484659194946251, 25844723612104928170249323463983185361605788633865551441606938081353012082175268915307242423295974731407, 129223618060524640851246617319915926808028943169327757208034690406765060410876344576536212116479873657188, 646118090302623204256233086599579634040144715846638786040173452033825302054381722882681060582399368286094, 3230590451513116021281165432997898170200723579233193930200867260169126510271908614413405302911996841430625, 16152952257565580106405827164989490851003617896165969651004336300845632551359543072067026514559984207153281, 80764761287827900532029135824947454255018089480829848255021681504228162756797715360335132572799921035766562, 403823806439139502660145679124737271275090447404149241275108407521140813783988576801675662863999605178832968, 2019119032195697513300728395623686356375452237020746206375542037605704068919942884008378314319998025894164999, 10095595160978487566503641978118431781877261185103731031877710188028520344599714420041891571599990129470825155, 50477975804892437832518209890592158909386305925518655159388550940142601722998572100209457857999950647354125936, 252389879024462189162591049452960794546931529627593275796942754700713008614992860501047289289999753236770629842, 1261949395122310945812955247264803972734657648137966378984713773503565043074964302505236446449998766183853149373, 6309746975611554729064776236324019863673288240689831894923568867517825215374821512526182232249993830919265747029, 31548734878057773645323881181620099318366441203449159474617844337589126076874107562630911161249969154596328735310, 157743674390288868226619405908100496591832206017245797373089221687945630384370537813154555806249845772981643676716, 788718371951444341133097029540502482959161030086228986865446108439728151921852689065772779031249228864908218383747, 3943591859757221705665485147702512414795805150431144934327230542198640759609263445328863895156246144324541091918903, 19717959298786108528327425738512562073979025752155724671636152710993203798046317226644319475781230721622705459594684, 98589796493930542641637128692562810369895128760778623358180763554966018990231586133221597378906153608113527297973590, 492948982469652713208185643462814051849475643803893116790903817774830094951157930666107986894530768040567636489868121, 2464744912348263566040928217314070259247378219019465583954519088874150474755789653330539934472653840202838182449340777, 12323724561741317830204641086570351296236891095097327919772595444370752373778948266652699672363269201014190912246704058, 61618622808706589151023205432851756481184455475486639598862977221853761868894741333263498361816346005070954561233520464, 308093114043532945755116027164258782405922277377433197994314886109268809344473706666317491809081730025354772806167602495, 1540465570217664728775580135821293912029611386887165989971574430546344046722368533331587459045408650126773864030838012651, 7702327851088323643877900679106469560148056934435829949857872152731720233611842666657937295227043250633869320154190063432, 38511639255441618219389503395532347800740284672179149749289360763658601168059213333289686476135216253169346600770950317338, 192558196277208091096947516977661739003701423360895748746446803818293005840296066666448432380676081265846733003854751586869, 962790981386040455484737584888308695018507116804478743732234019091465029201480333332242161903380406329233665019273757934525, 4813954906930202277423687924441543475092535584022393718661170095457325146007401666661210809516902031646168325096368789672806, 24069774534651011387118439622207717375462677920111968593305850477286625730037008333306054047584510158230841625481843948364212, 120348872673255056935592198111038586877313389600559842966529252386433128650185041666530270237922550791154208127409219741821243, 601744363366275284677960990555192934386566948002799214832646261932165643250925208332651351189612753955771040637046098709106399, 3008721816831376423389804952775964671932834740013996074163231309660828216254626041663256755948063769778855203185230493545532180, 15043609084156882116949024763879823359664173700069980370816156548304141081273130208316283779740318848894276015926152467727661086, 75218045420784410584745123819399116798320868500349901854080782741520705406365651041581418898701594244471380079630762338638305617, 376090227103922052923725619096995583991604342501749509270403913707603527031828255207907094493507971222356900398153811693191528273, 1880451135519610264618628095484977919958021712508747546352019568538017635159141276039535472467539856111784501990769058465957641554, 9402255677598051323093140477424889599790108562543737731760097842690088175795706380197677362337699280558922509953845292329788207960, 47011278387990256615465702387124447998950542812718688658800489213450440878978531900988386811688496402794612549769226461648941039991, 235056391939951283077328511935622239994752714063593443294002446067252204394892659504941934058442482013973062748846132308244705200147, 1175281959699756415386642559678111199973763570317967216470012230336261021974463297524709670292212410069865313744230661541223526000928, 5876409798498782076933212798390555999868817851589836082350061151681305109872316487623548351461062050349326568721153307706117630004834, 29382048992493910384666063991952779999344089257949180411750305758406525549361582438117741757305310251746632843605766538530588150024365, 146910244962469551923330319959763899996720446289745902058751528792032627746807912190588708786526551258733164218028832692652940750122021, 734551224812347759616651599798819499983602231448729510293757643960163138734039560952943543932632756293665821090144163463264703750610302, 3672756124061738798083257998994097499918011157243647551468788219800815693670197804764717719663163781468329105450720817316323518753051708, 18363780620308693990416289994970487499590055786218237757343941099004078468350989023823588598315818907341645527253604086581617593765258739]
len(predicted_full) = 200, len(input_sequence + seq_pred) = 200
is_manual_check: False
