test results being evaluated: data/test_linrec15.tsv
csv file used: ../linear_database_newbl.csv
The sequence ID inspected: A291739
csv results file used: ../linear_database_newbl.csv
Results we are looking at now:
('Could you give me a recursive equation in a form of a Python code for the following number sequence: 0,0,1,0,3,2,3,12,4,30,27,45,108,90,260', 'Certainly, the Python code is the following: lambda a_n: a_n[-6] * n')

Experiment type: Evaluation of the results of llms.
Ground truth: 
[0, 0, 1, 0, 3, 2, 3, 12, 4, 30, 27, 45, 108, 90, 260, 342, 498, 1115, 1218, 2709, 3913, 5949, 11469, 15262, 28461, 44556, 68028, 123243, 178650, 311337, 498114, 777996, 1340603, 2052765, 3435906, 5569902, 8800392, 14783823, 23242761, 38249550, 62156709, 99206673, 163967022, 261730773, 426884095, 694183347, 1114496919, 1826128195, 2936882088, 4772240616, 7754931229, 12499880754, 20378226687, 32905291767, 53376243594, 86676920226, 140034831859, 227680964928, 368364882432, 597146264878, 969077420949, 1567846783716, 2545356627344, 4122206847042, 6680847212478, 10837167845723, 17547320892825, 28465342392858, 46121133974834, 74745196089054, 121208917360422, 196350212186405, 318388294119900, 515983473705987, 836230280984384, 1355792934401316, 2196860698594869, 3561525260601047, 5772398339301171, 9355353482837343, 15166161436010742, 24578035803187473, 39841318467250470, 64576015210548775, 104661655481086263, 169657116730087440, 274964974949588619, 445697986402221915, 722411092295708976, 1170874240785306325, 1897914053097040905, 3076096736742052725, 4985996848519932415, 8081600788059315336, 13098746350863831945, 21231740657214132792, 34412689191744586380, 55778308256559622887, 90408793427388935672, 146536978269346376949, 237518375289072836859, 384977366667765467385, 623992744775008594314, 1011403226899835452944, 1639319170039089637162, 2657114288026485761898, 4306760818853259434955, 6980621463417370947292, 11314576819160980392552, 18339145015985753272092, 29725147324266984248359, 48179889914021682687927, 78092396796623707147728, 126576338601014687552931, 205160728897716765307266, 332535643378533954843966, 538989878994054872123052, 873621755383049772631317, 1416011885740859795024067, 2295139797043085840057625, 3720082767208209200221605, 6029694441133780114618758, 9773230019114475818321325, 15840955301568894446244876, 25675796202491959463371131, 41616649449265082356643779, 67454348028715186934361075, 109333382432424931318031190, 177213131424343677973509023, 287235836044619679297773190, 465566451621273537499257513, 754613504483244425545660353, 1223115396154781822685289392, 1982487546788489656321677345, 3213314875081509399291977739, 5208303348884520314050723047, 8441880294228116753064333132, 13683023432024036459276213713, 22178136782485498650981917166, 35947436490553537364059997850, 58265419506007281789915796724, 94439527192809210510213870783, 153072332755272006830115349107, 248107366912766138960396873356, 402144889817492809223990876310, 651816711132662628253074072267, 1056497366294324344263354939429, 1712424078042768992677194650970, 2775583319307875331887582512065, 4498805088605513252957930322596, 7291889963020874144415281776560, 11819062629831523324559367860859, 19156931558070813882248886468058, 31050520293330718838428562580999, 50328246353929936697655391916241, 81574556883726259485742825315461, 132220151341465054339670777183034, 214309077894611167291893126491373, 347362951956819206301116431596620, 563023363398405463125565217911908, 912576625755514158410220630354303, 1479150165268718957537843911600271, 2397481069000474396797661555339818, 3885958095706328825682888719742837, 6298556579234924657226729549585393, 10209017737424668979581796421087093, 16547290190767812528662210520967395, 26820681252480109400312723737218645, 43472311188083761128841446367432464, 70462111395062181441418170577026642, 114208539015652315562996202935890966, 185114952655768838427695302318061346, 300043638110532613356228970056313521, 486325841624666871216658194295507433, 788261417986459466695938344347775688, 1277653807535263933320196305306719739, 2070885644361507623743551330208514285, 3356595750905540613848582379435720435, 5440539457340974648332344192533121001, 8818300370003827717478768640506684605, 14293145380093144179012016513300496982, 23167049940823905882578845126954066878, 37550321356747306382486124583074079831, 60863452152967792559511911295442854405, 98650548709158894580985055164979040857, 159897777973829924087433380695385698712, 259170372102587316587461706700670761387, 420076392403856159255653404313218274323, 680880974647335530783738276946617717016, 1103606177161911248616556010759304455910, 1788780476234384507376482188615522077069, 2899345490793812652383194157026800356383, 4699405199902820579530374922996821049467, 7617032640414168577274169675368144484789, 12346070145589938294959180483411478435628, 20011132315985708022408117270488954694972, 32435051148614691207499308449162995113459, 52572364530258074252535119504217614615128, 85211936310000430278480045712822158758082, 138115798184476268266830350745516691267998]
Predicted:    
[0, 0, 1, 0, 3, 2, 3, 12, 4, 30, 27, 45, 108, 90, 260, 450, 432, 765, 1944, 1710, 5200, 9450, 9504, 17595, 46656, 42750, 135200, 255150, 266112, 510255, 1399680, 1325250, 4326400, 8419950, 9047808, 17858925, 50388480, 49034250, 164403200, 328378050, 361912320, 732215925, 2116316160, 2108472750, 7233740800, 14777012250, 16647966720, 34414148475, 101583175680, 103315164750, 361687040000, 753627624750, 865694269440, 1823949869175, 5485491486720, 5682334061250, 20254474240000, 42956774610750, 50210267627520, 107613042281325, 329129489203200, 346622377736250, 1255777402880000, 2706276800477250, 3213457128161280, 6994847748286125, 21722546287411200, 23223699308328750, 85392863395840000, 186733099232930250, 224941998971289600, 496634190128314875, 1564023332693606400, 1695330049507998750, 6319071891292160000, 14004982442469768750, 17095591921818009600, 38240832639880245375, 121993819950101299200, 133931073911131901250, 505525751303372800000, 1134403577840051268750, 1401838537589076787200, 3173989109110060366125, 10247480875808509132800, 11384141282446211606250, 43475214612090060800000, 98693111272084460381250, 123361791307838757273600, 282485030710795372585125, 922273278822765821952000, 1035956856702605256168750, 3999719744312285593600000, 9178459348303854815456250, 11596008382936843183718400, 26836077917525560395586875, 88538234766985518907392000, 100487815100152709848368750, 391972534942603988172800000, 908667475482081626730168750, 1159600838293684318371840000, 2710443869670081599954274375, 9030899946232522928553984000, 10350244955315729114381981250, 40765143634030814769971200000, 95410084925618570806667718750, 122917688859130537747415040000, 290017494054698731195107358125, 975337194193112476283830272000, 1128176700129414473467635956250, 4484165799743389624696832000000, 10590519426743661359540116781250, 13766781152222620227710484480000, 32771976828180956625047131468125, 111188440138014822296356651008000, 129740320514882664448778134968750, 520163232770233196464832512000000, 1239090772929008379066193663406250, 1624480175962269186869837168640000, 3899865242553533838380608644706875, 13342612816561778675562798120960000, 15698578782300802398302154331218750, 63459914397968449968709566464000000, 152408165070268030625141820598968750, 201435541819321379171859808911360000, 487483155319191729797576080588359375, 1681169214886784113120912563240960000, 1993719505352201904584373600064781250, 8122869042939961595994824507392000000, 19660653294064575950643294857266968750, 26186620436511779292341775158476800000, 63860293346814116603482466557075078125, 221914336365055502931960458347806720000, 265164694211842853309721688808615906250, 1088464451753954853863306483990528000000, 2654188194698717753336844805731040781250, 3561380379365601983758481421552844800000, 8748860188513533974677097918319285703125, 30624178418377659404610543251997327360000, 36857892495446156610051314744397610968750, 152385023245553679540862907758673920000000, 374240535452519203220495117608076750156250, 505716013869915481693704361860503961600000, 1251087006957435358378825002319657855546875, 4409881692246382954263918228287615139840000, 5344394411839692708457440637937653590468750, 22248213393850837212965984532766392320000000, 55013358711520322873412782288387282272968750, 74845970052747491290668245555354586316800000, 186411964036657868398444925345629020476484375, 661482253836957443139587734243142270976000000, 807003556187793598977073536328585692160781250, 3381728435865327256370829648980491632640000000, 8417043882862609399632155690123254187764218750, 11526279388123113658762909815524606292787200000, 28893854425681969601758963428572498173855078125, 103191231598565361129775686541930194272256000000, 126699558321483595039400545203587953669242656250, 534313092866721706506591084538917677957120000000, 1338309977375154894541512754729597415854510781250, 1844204702099698185402065570483937006845952000000, 4651910562534797105883193112000172205990667578125, 16716979518967588503023661219792691472105472000000, 20652028006401825991422288868184836448086552968750, 87627347230142359867080937864382499184967680000000, 220821146266900557599349604530383573615994278906250, 306137980548549898776742884700333543136428032000000, 776869063943311116682493249704028758400441485546875, 2808452559186554868507975084925172167313719296000000, 3490192733081908592550366818723237359726627451718750, 14896649029124201177403759436945024861444505600000000, 37760416011639995349488782374695591088335021692968750, 52655732654350582589599776168457369419465621504000000, 134398348062192823186071332198796975203276376999609375, 488670745298460547120387664776979957112587157504000000, 610783728289334003696314193276566537952159804050781250, 2621810229125859407223061660902324375614232985600000000, 6683593634060279176859514480321119622635298839655468750, 9372720412474403700948760157985411756664880627712000000, 24057304303132515350306768463584658561386471482930078125, 87960734153722898481669779659856392280265688350720000000, 110551854820369454669032868983058543369340924533191406250, 477169461700906412114597222284223036361790403379200000000, 1223097635033031089365291149898764890942259687656950781250, 1724580555895290280974571869069315763226338035499008000000, 4450601296079515339806752165763161833856497224342064453125, 16360696552592459117590579016733288964129418033233920000000, 20673196851409088023109146499831947610066752887706792968750, 89707858799770405477544277789433930836016595835289600000000, 231165453021242875890040027330866564388087080967163697656250, 327670305620105153385168655123169995013004226744811520000000, 850064847551187429903089663660763910266590969849334310546875, 3141253738097752150577391171212791481112848262380912640000000, 3989926992321953988460065274467565888742883307327411042968750, 17403324607155458662643589891150182582187219592046182400000000, 45077263339142360798557805329518980055676980788596921042968750, 64223379901540610063493056404141319022548828441983057920000000, 167462774967583923690908663741170490322518421060318859177734375, 621968240143354925814323451900132713260343955951420702720000000, 793995471472068843703552989619045611859833778158154797550781250]
len(predicted_full) = 200, len(input_sequence + seq_pred) = 200
is_manual_check: False
