test results being evaluated: data/test_linrec15.tsv
csv file used: ../linear_database_newbl.csv
The sequence ID inspected: A292350
csv results file used: ../linear_database_newbl.csv
Results we are looking at now:
('Could you give me a recursive equation in a form of a Python code for the following number sequence: 0,9,116,670,2580,7735,19544,43596,88440,166485,295020,497354,804076,1254435,1897840', 'Certainly, the Python code is the following: lambda a_n: ( a_n[-1] - -1 ) * 8 + 4')

Experiment type: Evaluation of the results of llms.
Ground truth: 
[0, 9, 116, 670, 2580, 7735, 19544, 43596, 88440, 166485, 295020, 497354, 804076, 1254435, 1897840, 2795480, 4022064, 5667681, 7839780, 10665270, 14292740, 18894799, 24670536, 31848100, 40687400, 51482925, 64566684, 80311266, 99133020, 121495355, 147912160, 178951344, 215238496, 257460665, 306370260, 362789070, 427612404, 501813351, 586447160, 682655740, 791672280, 914825989, 1053546956, 1209371130, 1383945420, 1579032915, 1796518224, 2038412936, 2306861200, 2604145425, 2932692100, 3295077734, 3694034916, 4132458495, 4613411880, 5140133460, 5716043144, 6344749021, 7030054140, 7775963410, 8586690620, 9466665579, 10420541376, 11453201760, 12569768640, 13775609705, 15076346164, 16477860606, 17986304980, 19608108695, 21349986840, 23218948524, 25222305336, 27367679925, 29663014700, 32116580650, 34736986284, 37533186691, 40514492720, 43690580280, 47071499760, 50667685569, 54489965796, 58549571990, 62858149060, 67427765295, 72270922504, 77400566276, 82830096360, 88573377165, 94644748380, 101059035714, 107831561756, 114978156955, 122515170720, 130459482640, 138828513824, 147640238361, 156913194900, 166666498350, 176919851700, 187693557959, 199008532216, 210886313820, 223349078680, 236419651685, 250121519244, 264478841946, 279516467340, 295259942835, 311735528720, 328970211304, 346991716176, 365828521585, 385509871940, 406065791430, 427527097764, 449925416031, 473293192680, 497663709620, 523071098440, 549550354749, 577137352636, 605868859250, 635782549500, 666917020875, 699311808384, 733007399616, 768045249920, 804467797705, 842318479860, 881641747294, 922483080596, 964889005815, 1008907110360, 1054586059020, 1101975610104, 1151126631701, 1202091118060, 1254922206090, 1309674191980, 1366402547939, 1425163939056, 1486016240280, 1549018553520, 1614231224865, 1681715861924, 1751535351286, 1823753876100, 1898436933775, 1975651353800, 2055465315684, 2137948367016, 2223171441645, 2311206877980, 2402128437410, 2496011322844, 2592932197371, 2692969203040, 2796201979760, 2902711684320, 3012581009529, 3125894203476, 3242737088910, 3363197082740, 3487363215655, 3615326151864, 3747178208956, 3883013377880, 4022927343045, 4167017502540, 4315382988474, 4468124687436, 4625345261075, 4787149166800, 4953642678600, 5124933907984, 5301132825041, 5482351279620, 5668703022630, 5860303727460, 6057271011519, 6259724457896, 6467785637140, 6681578129160, 6901227545245, 7126861550204, 7358609884626, 7596604387260, 7840979017515, 8091869878080, 8349415237664, 8613755553856, 8885033496105, 9163393968820, 9448984134590, 9741953437524, 10042453626711, 10350638779800, 10666665326700]
Predicted:    
[0, 9, 116, 670, 2580, 7735, 19544, 43596, 88440, 166485, 295020, 497354, 804076, 1254435, 1897840, 15182732, 121461868, 971694956, 7773559660, 62188477292, 497507818348, 3980062546796, 31840500374380, 254724002995052, 2037792023960428, 16302336191683436, 130418689533467500, 1043349516267740012, 8346796130141920108, 66774369041135360876, 534194952329082887020, 4273559618632663096172, 34188476949061304769388, 273507815592490438155116, 2188062524739923505240940, 17504500197919388041927532, 140036001583355104335420268, 1120288012666840834683362156, 8962304101334726677466897260, 71698432810677813419735178092, 573587462485422507357881424748, 4588699699883380058863051397996, 36709597599067040470904411183980, 293676780792536323767235289471852, 2349414246340290590137882315774828, 18795313970722324721103058526198636, 150362511765778597768824468209589100, 1202900094126228782150595745676712812, 9623200753009830257204765965413702508, 76985606024078642057638127723309620076, 615884848192629136461105021786476960620, 4927078785541033091688840174291815684972, 39416630284328264733510721394334525479788, 315333042274626117868085771154676203838316, 2522664338197008942944686169237409630706540, 20181314705576071543557489353899277045652332, 161450517644608572348459914831194216365218668, 1291604141156868578787679318649553730921749356, 10332833129254948630301434549196429847373994860, 82662665034039589042411476393571438778991958892, 661301320272316712339291811148571510231935671148, 5290410562178533698714334489188572081855485369196, 42323284497428269589714675913508576654843882953580, 338586275979426156717717407308068613238751063628652, 2708690207835409253741739258464548905910008509029228, 21669521662683274029933914067716391247280068072233836, 173356173301466192239471312541731129978240544577870700, 1386849386411729537915770500333849039825924356622965612, 11094795091293836303326164002670792318607394852983724908, 88758360730350690426609312021366338548859158823869799276, 710066885842805523412874496170930708390873270590958394220, 5680535086742444187302995969367445667126986164727667153772, 45444280693939553498423967754939565337015889317821337230188, 363554245551516427987391742039516522696127114542570697841516, 2908433964412131423899133936316132181569016916340565582732140, 23267471715297051391193071490529057452552135330724524661857132, 186139773722376411129544571924232459620417082645796197294857068, 1489118189779011289036356575393859676963336661166369578358856556, 11912945518232090312290852603150877415706693289330956626870852460, 95303564145856722498326820825207019325653546314647653014966819692, 762428513166853779986614566601656154605228370517181224119734557548, 6099428105334830239892916532813249236841826964137449792957876460396, 48795424842678641919143332262505993894734615713099598343663011683180, 390363398741429135353146658100047951157876925704796786749304093465452, 3122907189931433082825173264800383609263015405638374293994432747723628, 24983257519451464662601386118403068874104123245106994351955461981789036, 199866060155611717300811088947224550992832985960855954815643695854312300, 1598928481244893738406488711577796407942663887686847638525149566834498412, 12791427849959149907251909692622371263541311101494781108201196534675987308, 102331422799673199258015277540978970108330488811958248865609572277407898476, 818651382397385594064122220327831760866643910495665990924876578219263187820, 6549211059179084752512977762622654086933151283965327927399012625754105502572, 52393688473432678020103822100981232695465210271722623419192101006032844020588, 419149507787461424160830576807849861563721682173780987353536808048262752164716, 3353196062299691393286644614462798892509773457390247898828294464386102017317740, 26825568498397531146293156915702391140078187659121983190626355715088816138541932, 214604547987180249170345255325619129120625501272975865525010845720710529108335468, 1716836383897441993362762042604953032965004010183806924200086765765684232866683756, 13734691071179535946902096340839624263720032081470455393600694126125473862933470060, 109877528569436287575216770726716994109760256651763643148805553009003790903467760492, 879020228555490300601734165813735952878082053214109145190444424072030327227742083948, 7032161828443922404813873326509887623024656425712873161523555392576242617821936671596, 56257294627551379238510986612079100984197251405702985292188443140609940942575493372780, 450058357020411033908087892896632807873578011245623882337507545124879527540603946982252, 3600466856163288271264703143173062462988624089964991058700060360999036220324831575858028, 28803734849306306170117625145384499703908992719719928469600482887992289762598652606864236, 230429878794450449360941001163075997631271941757759427756803863103938318100789220854913900, 1843439030355603594887528009304607981050175534062075422054430904831506544806313766839311212, 14747512242844828759100224074436863848401404272496603376435447238652052358450510134714489708, 117980097942758630072801792595494910787211234179972827011483577909216418867604081077715917676, 943840783542069040582414340763959286297689873439782616091868623273731350940832648621727341420, 7550726268336552324659314726111674290381518987518260928734948986189850807526661188973818731372, 60405810146692418597274517808893394323052151900146087429879591889518806460213289511790549850988, 483246481173539348778196142471147154584417215201168699439036735116150451681706316094324398807916, 3865971849388314790225569139769177236675337721609349595512293880929203613453650528754595190463340, 30927774795106518321804553118153417893402701772874796764098351047433628907629204230036761523706732, 247422198360852146574436424945227343147221614182998374112786808379469031261033633840294092189653868, 1979377586886817172595491399561818745177772913463986992902294467035752250088269070722352737517230956, 15835020695094537380763931196494549961422183307711895943218355736286018000706152565778821900137847660, 126680165560756299046111449571956399691377466461695167545746845890288144005649220526230575201102781292, 1013441324486050392368891596575651197531019731693561340365974767122305152045193764209844601608822250348, 8107530595888403138951132772605209580248157853548490722927798136978441216361550113678756812870578002796, 64860244767107225111609062180841676641985262828387925783422385095827529730892400909430054502964624022380, 518881958136857800892872497446733413135882102627103406267379080766620237847139207275440436023716992179052, 4151055665094862407142979979573867305087056821016827250139032646132961902777113658203523488189735937432428, 33208445320758899257143839836590938440696454568134618001112261169063695222216909265628187905517887499459436, 265667562566071194057150718692727507525571636545076944008898089352509561777735274125025503244143099995675500, 2125340500528569552457205749541820060204573092360615552071184714820076494221882193000204025953144799965404012, 17002724004228556419657645996334560481636584738884924416569477718560611953775057544001632207625158399723232108, 136021792033828451357261167970676483853092677911079395332555821748484895630200460352013057661001267197785856876, 1088174336270627610858089343765411870824741423288635162660446573987879165041603682816104461288010137582286855020, 8705394690165020886864714750123294966597931386309081301283572591903033320332829462528835690304081100658294840172, 69643157521320167094917718000986359732783451090472650410268580735224266562662635700230685522432648805266358721388, 557145260170561336759341744007890877862267608723781203282148645881794132501301085601845484179461190442130869771116, 4457162081364490694074733952063127022898140869790249626257189167054353060010408684814763873435689523537046958168940, 35657296650915925552597871616505016183185126958321997010057513336434824480083269478518110987485516188296375665351532, 285258373207327404420782972932040129465481015666575976080460106691478595840666155828144887899884129506371005322812268, 2282066985658619235366263783456321035723848125332607808643680853531828766725329246625159103199073036050968042582498156, 18256535885268953882930110267650568285790785002660862469149446828254630133802633973001272825592584288407744340659985260, 146052287082151631063440882141204546286326280021286899753195574626037041070421071784010182604740674307261954725279882092, 1168418296657213048507527057129636370290610240170295198025564597008296328563368574272081460837925394458095637802239056748, 9347346373257704388060216457037090962324881921362361584204516776066370628506948594176651686703403155664765102417912453996, 74778770986061635104481731656296727698599055370898892673636134208530965028055588753413213493627225245318120819343299631980, 598230167888493080835853853250373821588792442967191141389089073668247720224444710027305707949017801962544966554746397055852, 4785841343107944646686830826002990572710339543737529131112712589345981761795557680218445663592142415700359732437971176446828, 38286730744863557173494646608023924581682716349900233048901700714767854094364461441747565308737139325602877859503769411574636, 306293845958908457387957172864191396653461730799201864391213605718142832754915691533980522469897114604823022876030155292597100, 2450350767671267659103657382913531173227693846393614915129708845745142662039325532271844179759176916838584183008241242340776812, 19602806141370141272829259063308249385821550771148919321037670765961141296314604258174753438073415334708673464065929938726214508, 156822449130961130182634072506465995086572406169191354568301366127689130370516834065398027504587322677669387712527439509809716076, 1254579593047689041461072580051727960692579249353530836546410929021513042964134672523184220036698581421355101700219516078477728620, 10036636744381512331688580640413823685540633994828246692371287432172104343713077380185473760293588651370840813601756128627821828972, 80293093955052098653508645123310589484325071958625973538970299457376834749704619041483790082348709210966726508814049029022574631788, 642344751640416789228069160986484715874600575669007788311762395659014677997636952331870320658789673687733812070512392232180597054316, 5138758013123334313824553287891877726996804605352062306494099165272117423981095618654962565270317389501870496564099137857444776434540, 41110064104986674510596426303135021815974436842816498451952793322176939391848764949239700522162539116014963972512793102859558211476332, 328880512839893396084771410425080174527795494742531987615622346577415515134790119593917604177300312928119711780102344822876465691810668, 2631044102719147168678171283400641396222363957940255900924978772619324121078320956751340833418402503424957694240818758583011725534485356, 21048352821753177349425370267205131169778911663522047207399830180954592968626567654010726667347220027399661553926550068664093804275882860, 168386822574025418795402962137641049358231293308176377659198641447636743749012541232085813338777760219197292431412400549312750434207062892, 1347094580592203350363223697101128394865850346465411021273589131581093949992100329856686506710222081753578339451299204394502003473656503148, 10776756644737626802905789576809027158926802771723288170188713052648751599936802638853492053681776654028626715610393635156016027789252025196, 86214053157901014423246316614472217271414422173786305361509704421190012799494421110827936429454213232229013724883149081248128222314016201580, 689712425263208115385970532915777738171315377390290442892077635369520102395955368886623491435633705857832109799065192649985025778512129612652, 5517699402105664923087764263326221905370523019122323543136621082956160819167642951092987931485069646862656878392521541199880206228097036901228, 44141595216845319384702114106609775242964184152978588345092968663649286553341143608743903451880557174901255027140172329599041649824776295209836, 353132761734762555077616912852878201943713473223828706760743749309194292426729148869951227615044457399210040217121378636792333198598210361678700, 2825062093878100440620935302823025615549707785790629654085949994473554339413833190959609820920355659193680321736971029094338665588785682893429612, 22600496751024803524967482422584204924397662286325037232687599955788434715310665527676878567362845273549442573895768232754709324710285463147436908, 180803974008198428199739859380673639395181298290600297861500799646307477722485324221415028538902762188395540591166145862037674597682283705179495276, 1446431792065587425597918875045389115161450386324802382892006397170459821779882593771320228311222097507164324729329166896301396781458269641435962220, 11571454336524699404783351000363112921291603090598419063136051177363678574239060750170561826489776780057314597834633335170411174251666157131487697772, 92571634692197595238266808002904903370332824724787352505088409418909428593912486001364494611918214240458516782677066681363289394013329257051901582188, 740573077537580761906134464023239226962662597798298820040707275351275428751299888010915956895345713923668134261416533450906315152106634056415212657516, 5924584620300646095249075712185913815701300782386390560325658202810203430010399104087327655162765711389345074091332267607250521216853072451321701260140, 47396676962405168761992605697487310525610406259091124482605265622481627440083192832698621241302125691114760592730658140858004169734824579610573610081132, 379173415699241350095940845579898484204883250072728995860842124979853019520665542661588969930417005528918084741845265126864033357878596636884588880649068, 3033387325593930800767526764639187873639066000581831966886736999838824156165324341292711759443336044231344677934762121014912266863028773095076711045192556, 24267098604751446406140214117113502989112528004654655735093895998710593249322594730341694075546688353850757423478096968119298134904230184760613688361540460, 194136788838011571249121712936908023912900224037237245880751167989684745994580757842733552604373506830806059387824775744954385079233841478084909506892323692, 1553094310704092569992973703495264191303201792297897967046009343917477967956646062741868420834988054646448475102598205959635080633870731824679276055138589548, 12424754485632740559943789627962113530425614338383183736368074751339823743653168501934947366679904437171587800820785647677080645070965854597434208441108716396, 99398035885061924479550317023696908243404914707065469890944598010718589949225348015479578933439235497372702406566285181416645160567726836779473667528869731180, 795184287080495395836402536189575265947239317656523759127556784085748719593802784123836631467513883978981619252530281451333161284541814694235789340230957849452, 6361474296643963166691220289516602127577914541252190073020454272685989756750422272990693051740111071831852954020242251610665290276334517553886314721847662795628, 50891794373151705333529762316132817020623316330017520584163634181487918054003378183925544413920888574654823632161938012885322322210676140431090517774781302365036, 407134354985213642668238098529062536164986530640140164673309073451903344432027025471404355311367108597238589057295504103082578577685409123448724142198250418920300, 3257074839881709141345904788232500289319892245121121317386472587615226755456216203771234842490936868777908712458364032824660628621483272987589793137586003351362412, 26056598719053673130767238305860002314559137960968970539091780700921814043649729630169878739927494950223269699666912262597285028971866183900718345100688026810899308, 208452789752429385046137906446880018516473103687751764312734245607374512349197837041359029919419959601786157597335298100778280231774929471205746760805504214487194476, 1667622318019435080369103251575040148131784829502014114501873964858996098793582696330872239355359676814289260778682384806226241854199435769645974086444033715897555820, 13340978544155480642952826012600321185054278636016112916014991718871968790348661570646977914842877414514314086229459078449809934833595486157167792691552269727180446572, 106727828353243845143622608100802569480434229088128903328119933750975750322789292565175823318743019316114512689835672627598479478668763889257342341532418157817443572588, 853822626825950761148980864806420555843473832705031226624959470007806002582314340521406586549944154528916101518685381020787835829350111114058738732259345262539548580716, 6830581014607606089191846918451364446747790661640249812999675760062448020658514724171252692399553236231328812149483048166302686634800888912469909858074762100316388645740, 54644648116860848713534775347610915573982325293121998503997406080499584165268117793370021539196425889850630497195864385330421493078407111299759278864598096802531109165932, 437157184934886789708278202780887324591858602344975988031979248643996673322144942346960172313571407118805043977566915082643371944627256890398074230916784774420248873327468, 3497257479479094317666225622247098596734868818759807904255833989151973386577159538775681378508571256950440351820535320661146975557018055123184593847334278195361990986619756, 27978059835832754541329804977976788773878950550078463234046671913215787092617276310205451028068570055603522814564282565289175804456144440985476750778674225562895927892958060, 223824478686662036330638439823814310191031604400627705872373375305726296740938210481643608224548560444828182516514260522313406435649155527883814006229393804503167423143664492]
len(predicted_full) = 200, len(input_sequence + seq_pred) = 200
is_manual_check: False
