test results being evaluated: data/test_linrec15.tsv
csv file used: ../linear_database_newbl.csv
The sequence ID inspected: A292490
csv results file used: ../linear_database_newbl.csv
Results we are looking at now:
('Could you give me a recursive equation in a form of a Python code for the following number sequence: 1,11,68,365,2019,11328,63321,353483,1974124,11026373,61584323,343956104,1921047729', 'Certainly, the Python code is the following: lambda a_n: 6 * a_n[-1] + n + 9')

Experiment type: Evaluation of the results of llms.
Ground truth: 
[1, 11, 68, 365, 2019, 11328, 63321, 353483, 1974124, 11026373, 61584323, 343956104, 1921047729, 10729356747, 59925127764, 334691142941, 1869302113507, 10440343236752, 58310941508105, 325675681470731, 1818949357172988, 10159115194159989, 56740239146359107, 316903064574031448, 1769952926671087969, 9885462505202664587, 55211846297796371300, 308366752694408572109, 1722276296547185774307, 9619181107334885835744, 53724623256563949503673, 300060380592982765686347, 1675883915865437188059532, 9360072442440117282710309, 52277461045077241076745155, 291977754459249516940542248, 1630741191228787638825203217, 9107943301007332113409655883, 50869280558159443042574713716, 284112847322901351691485819005, 1586814461070232917857169667555, 8862605677946926445803486062128, 49499031758131071309070712229737, 276459794560109625610765846230155, 1544070970553137508057488681879836, 8623876632399544237662269919739605, 48165692891826502322857863970218819, 269012889520456616630541988366662392, 1502478847146947297749370951242044097, 8391578151322583837899074333142117643, 46868269728703467188474590515735380612, 261766579271658636320526052668358289453, 1462007076860805737931160123663901755875, 8165537016751245718725162177419005073280, 45605794819475349681394075916067263951385, 254715460458912056406043784051301157632971, 1422625481117357099414064798138276186701740, 7945584676635125161685099416506457456195205, 44377326774713458215097999942816877808396227, 247854275275774746160371407770794192319341512, 1384304694249492358246402182521548671658938225, 7731557119154036457020472607551175483230793419, 43181949562881347177334362969459096830241546388, 241177907543578529199983251804557370915645072349, 1347016141603257712276989108628807678494761417443, 7523294750419349718598773021877701266970528929744, 42018771827277753019634920930852195318230301703369, 234681378896449195911283302263582608721971968119819, 1310732018230597728758534576450235618897822162326844, 7320642275469645893156657949228809323767819643099701, 40886926221378810067412550331140916334340233785459011, 228359845069089356097336822571203665454017949463690136, 1275425268156044944771657040028059735106427436387433505, 7123448582471952016256395161414295918482295893791668619, 39785568762083930805408589643099928319470166246339288484, 222208592284556043580842475653975082752338223296528642957, 1241069564201895716793972695294114862521635138731813615843, 6931566630042209071775604266533173165468544591103377663776, 38713878200383085615390203546285141732368763915282250268537, 216223033739339547567514450881003486903977984497927783312715, 1207639288356828562075315335803140182370506626509519032158668, 6744853337600950729340639369168280533461081931245117059004901, 37671055408976207554658673935642457936799616740097333363220419, 210398706183122500161546331543032697192624542242633984845988456, 1175109512673326463141049734341646236308554650429903547458136273, 6563169478682434499239830604198330930202594310249888223878462795, 36656322786388088451828051374772707708845186086554900195316660660, 204731266590668849633668926678472753441819731285781299177293539133, 1143455980679658919897409101804126916676702642256163920524608517091, 6386379577117669144662801196621158930945299534924002123510575056240, 35668923677134432786249174096263240417199349409084177004934082071081, 199216488923361047516937507698735668943593430082776140767829809919883, 1112655089292563225483237022548866934960774161003381887382501085175132, 6214351806013925168795060680757157874412876841715808460860958846477717, 34708121807506704681266985253338138427025867965849825936392439575524163, 193850260977970625572168518203912579712067654576886054752839524995037240, 1082683871217137798308741281750276650970082598320622690810511432961533313, 6046957889455400447306810582823431713230742884914571154197255349516921355, 33773200736555049804029786620357039390248045628140867483339295749528908996, 188628581320312385970402714518967288075716105894193125543745049782955871981, 1053519977820823702044390541475086716060293736702757696175752169887297756131, 5884073006851742160021606754001267271928300659386585226174909664625098683072, 32863463321859906710233088423171279532660413416531195337501589239682445602009, 183547556301495723187712900322565642852857073347862209401301948434976980968139, 1025141662468703998573242550221175364899488534105802299724713471662722666745836, 5725575699863100602060326501577797447456167803225747915944318743040590599744837, 31978231199693949651464383432334802122508032156958115506906237963275338794396611, 178603397154548186295381030817691951315801465378024252095660432473687818173439240, 997527764307694569701943402466830540740058599283699591147428575301768189730079281, 5571347781832311696799033816194888921915122717709366154766159153085805842353352651, 31116844279186735298576897288901551396801794725071949868005366783224649492276006612, 173792417169246321481885191502167719835800580070828812154202742723569121414005455517, 970657692487534768242923136203419524636740396750189182540070419247416683718144827619, 5421274249656674523168016171641788219382738353101134623539806445623503100855889719056, 30278660250114867228122167394768103193899914189785266573396516421900763114763473385353, 169111028943047151451113726629813821927174761754175350655243198435774883046923867184907, 944511410806811967527125370020403446037837543550847366154173194689205884735196474941820, 5275243198033609302175879809014567502021165427452294304883385397737706918332952650293493, 29463054103950652156145187569543049205225097486410949351569836977050012945265813307308355, 164555741706070394288844865224470801362258949004698379437056831584016988948155873680847064, 919069422772571013353904160465744478467919420095036831931380922044450403545585938783817441, 5133145736016251418539220149674056201342571915736336358767775536616266186225779188695383691, 28669417667812108360699479770173085974307837394166430889729832678848969833864406489202477028, 160123158718136741790535683635354381615029629755480669247542036890088624952234084521103211085, 894312757062367980161322489844491074847247307285586322160282035027230802751827770384824300259, 4994875905816759502868278146363116229208867775538915290438191759432900364238414216561431296608, 27897159150966806883305393712007817235319997445296912845627282253047951234217101365090328410681, 155809974735921247271803200672842915120308398858627896389594000118933300192532217513641377635403, 870222953377927723768905989281298989022023477628300146140541234750216422773976923642444990321164, 4860330603796791652380799586535169651715019419140320656111437314368927587401244240934690553663653, 27145702703551387113707790100098232536267579858415355909099675549637839698918788611960988486994883, 151612973548333155603512974722983145900554457203768277304614736739775410783099276284321996913882024, 846782048679856730174420808510982706505081780487624938699951906686400337860735371982996838913940369, 4729409503586234773371802071362329673203962895965167988547234078976427457297104976004863832724260427, 26414487987177697221914685457803049474083113311298808148278318648305784147690644097141520030566260724, 147529025578284382611763171856762835402305838025210042640423078812376154357567416743408800392765464061, 823972563793146901317357440156550660401532131820871443578318036751284840926913015913007664992537330147, 4602014981272859002772939468064941450779501325668193132332152239330457527346385764048478212311382906032, 25702969757105373398818074060094296802055287667948628043585901767000822749844409413560331308447891244265, 143555085549058354994767788986130185084918625446874425057243877011462589125482540255526648449861949082251, 801777490373482406330200417968850784710655374693477508640914199383189717478789650377848425513551016124828, 4478052042607113392450319925142311559343673273102191571871856392630275776832727912268107107297548912118869, 25010617455669296610954378556896431020776370011783463481637529184715248658545753611579410879294532933702467, 139688190213539092447348674412855529739557421806834556030483894452170706613746569896109164169352065586210168, 780180278224630766752710213717478900699604142299764379434727430331250549297240751541748580649413516549945409, 4357428252167781669896927743530630011766624714610856117364578142544823904119310664491469637946157485007501067, 24336914816658757997366246832569969081551034333852952283712579622704028273640065285972259856764834270538995460, 135925456144607286668758748516936975427825344041008597761166651690316595652549645195343789304049665593147520429, 759164822957461137099310485720727939644056569349525893457074178887163738477857192533866170429878899826714738147, 4240053664435679043141057118962043582689016803425405648930036795019600940370002247182299557180019784127789121024, 23681359480353330395055748047426136279288972106161145072576005111192315025858835661234148023066297075616226420633, 132264077585055742312648329734001615198388599618034725735978453158875574852985598095613871537767774334287315294667, 738715453981387483256334793092407912475164679733852205965902410561921236420563029027905513353908360300395994697772, 4125840756723993786299609082101018184202559042097978335605814397265012744125005367110784180061928990276350346486789, 23043462618928389863578457252315101333340424208739610031048737725804294698306793852807995752613161194593949677387715, 128701324355420926729438516052284452485168640796499780736815878780686263534654439944183669590846622518416491503863368, 718816922819282240397080278208786426944612860456301500831139555530869982978341232164997017608763263948883185372476657, 4014704363915261786170332427907995984679269427124766723032767019773878013971796693892496505098673562984447523803381963, 22422748571950963414297166113195021324977596998625507157907046202221686612836256505483260878806052526097475622324301076, 125234539818170561645342264907890467050342584106460159768822314606598026619555664553830539380515164475247307703480652125, 699454391737147234274386537761349771979872790816615943641486589257862149216147255190480116612514615794614328719668090595, 3906561614956309381918176839726420194316737989049586706953082100865496564596755213402863493537966686857619861844477245008, 21818754491694103201461782864858604060714357054048134800940739176055201081806076159967819463310233598049985869537827418697, 121861138896729212921490881320591199696582020802868366164990724099905848132041773789954073074627522610085104089847859198475, 680613422680063354739984118642634590190153759363901116448646422339047717302866738363952405579570649037567358401633085791676, 3801331871063810693798198139793854161343130032661670980807896252394235480857214273033035003228892983162689890823219835791285, 21231029998005308811066568161473331429982545016335454072450908745901963230103424052714168994656304435371246124730277577261379, 118578606147864725576363006993535583581021413136483667905036467977972968281590147232287714379656615868765471445108085359154712, 662279966506168853159564292174671880779271352553214054014057101136940178603643445971547833792231254600856056878346595604767137, 3698936665594381190442540506596963017335461938272404686167606228131793916295975938665111286892915699287730297747910235687818123, 20659136842471643448688339629005233327564551529796593963730807457505823784877636164643446761881335097255263226179500572585550372, 115384493885998140826188832160950337696137520534342994412228263282702912738621250435359560984532203125572227397945151585722876173, 644440352510638366340584299462122762940845355090218350104089021999713641520363347255905531636386201297958544449588658104540658915, 3599299645534370438663721054549881522394172385025540680707042080373089769358808382649122032142164113038146309177230171906472377760, 20102648581631122091504633796888599986098151634920110466289206529873939129844746623799226824781037364006246254234474940497749636345, 112276420358038449671096423900425739264358091854874665244101143866343747944240258775394045088615477663975532118600997951365999516491, 627081278231851014377149467525711541543077307305439046243254057852059261290943579812796638710948881650611857660165023285971812616780, 3502346514565724740511972159557513078135814321016015893908136094830764900047590250347113903801017192232432498787051801621666113546085, 19561150258986695201609032440673023158075846228057389551954424365590785789198948877283862873285016342997790263731117297865036806965187, 109252067967381212400154378118605192171462052007463534202616148818503342623550467054664615540131521046697181623708598870846266845926632, 610189799532146339690115463578183663976420644645728014533221836109604131247597974587913590536251539672991543601544030144801460848234065, 3408004977665465590061514674499262305116343309352727806306691347426879368954705135605823418853710096541547179982658507399064592754401099, 19034238095585715427521461027597310954603102354486920839841612237608089169898276260099402598563781454902572519362456538884764757801514548, 106309181545746733399140348665645913405814897095464225185691145443633239479065400137874196340716104096280599109404491398981372491349038269, 593753320945771606404578301039764311863887266248837594737402032977190375586290173816785374957847352900320238411938459831704570759507648483, 3316204687197473453421186945389470681683503474435934722608464412357277549402404501454857482896797019910735755148732669871357306829444797424, 18521519188934161742883970881456515112998592339283973887077962819991409442345422243438844570466105339374766968239076898911663219804768239529, 103445566671569153157091667965618090260519749502318358122225486678674716273047501973044693600998944424853243087964169751490163409374914489739, 577759586286823215738450566006989803074265517440744544058633142634287632334182417606673542838945202933050964946232873364085823258291687544284, 3226877190456379142495228643637436067064088181292601819431750331997793065036601097682012074272927384574001013477269802791026892175945611375381, 18022611220021110448346889369772883475540266794377409002446130673266375367921230977655892074574881715468133568659413438022848881377734980879171, 100659088033682530981387748146742570661787486014895930768082995197865489603198588501404223456343469638176506948998775225564134546145257994076856, 562196669510178862839526781637598195070546787778539096579165163631729943547954438090862037344229730149171908728731092888816730660525407176575745, 3139955878624447845816997627979592046906367091666159648673432291928162650449689324758234436508832131600835821405206381510009272531280149837452299, 17537142168234990028907008083980994120111004588144670929441695292717391203078271245158635225824023813861456660139626980450796592110514279952722244, 97947667839083768529676709944771337911386830735062790804430865211711423482928971792847660328166428769310441297729554907942816323604520127723936877, 547052965818605708067149196870972941719836221748088441725656831166757992077125258551764321322891898194810618813637400675605956365678041036092403683, 3055375937103394505747884105178398752969412756380564731969507001853482749391104729199826046509029720730903708040397106716263388801987908988520462656, 17064750033959041523946273651540973468181416936515903800028951584915529684586864065193650904704746059429826238884365355879500397655989987073578295897, 95309284263585091036580641574124806715524008267442462045111940110894514252625952523898181608310057567846084803337769475238402960761708273875529900235]
Predicted:    
[1, 11, 68, 365, 2019, 11328, 63321, 353483, 1974124, 11026373, 61584323, 343956104, 1921047729, 11526286396, 69157718399, 414946310418, 2489677862533, 14938067175224, 89628403051371, 537770418308254, 3226622509849553, 19359735059097348, 116158410354584119, 696950462127504746, 4181702772765028509, 25090216636590171088, 150541299819541026563, 903247798917246159414, 5419486793503476956521, 32516920761020861739164, 195101524566125170435023, 1170609147396751022610178, 7023654884380506135661109, 42141929306283036813966696, 252851575837698220883800219, 1517109455026189325302801358, 9102656730157135951816808193, 54615940380942815710900849204, 327695642285656894265405095271, 1966173853713941365592430571674, 11797043122283648193554583430093, 70782258733701889161327500580608, 424693552402211334967965003483699, 2548161314413268009807790020902246, 15288967886479608058846740125413529, 91733807318877648353080440752481228, 550402843913265890118482644514887423, 3302417063479595340710895867089324594, 19814502380877572044265375202535947621, 118887014285265432265592251215215685784, 713322085711592593593553507291294114763, 4279932514269555561561321043747764688638, 25679595085617333369367926262486588131889, 154077570513704000216207557574919528791396, 924465423082224001297245345449517172748439, 5546792538493344007783472072697103036490698, 33280755230960064046700832436182618218944253, 199684531385760384280204994617095709313665584, 1198107188314562305681229967702574255881993571, 7188643129887373834087379806215445535291961494, 43131858779324243004524278837292673211751769033, 258791152675945458027145673023756039270510614268, 1552746916055672748162874038142536235623063685679, 9316481496334036488977244228855217413738382114146, 55898888978004218933863465373131304482430292684949, 335393333868025313603180792238787826894581756109768, 2012360003208151881619084753432726961367490536658683, 12074160019248911289714508520596361768204943219952174, 72444960115493467738287051123578170609229659319713121, 434669760692960806429722306741469023655377955918278804, 2608018564157764838578333840448814141932267735509672903, 15648111384946589031470003042692884851593606413058037498, 93888668309679534188820018256157309109561638478348225069, 563332009858077205132920109536943854657369830870089350496, 3379992059148463230797520657221663127944218985220536103059, 20279952354890779384785123943329978767665313911323216618438, 121679714129344676308710743659979872605991883467939299710713, 730078284776068057852264461959879235635951300807635798264364, 4380469708656408347113586771759275413815707804845814789586271, 26282818251938450082681520630555652482894246829074888737517714, 157696909511630700496089123783333914897365480974449332425106373, 946181457069784202976534742700003489384192885846695994550638328, 5677088742418705217859208456200020936305157315080175967303830059, 34062532454512231307155250737200125617830943890481055803822980446, 204375194727073387842931504423200753706985663342886334822937882769, 1226251168362440327057589026539204522241913980057318008937627296708, 7357507010174641962345534159235227133451483880343908053625763780343, 44145042061047851774073204955411362800708903282063448321754582682154, 264870252366287110644439229732468176804253419692380689930527496093021, 1589221514197722663866635378394809060825520518154284139583164976558224, 9535329085186335983199812270368854364953123108925704837498989859349443, 57211974511118015899198873622213126189718738653554229024993939156096758, 343271847066708095395193241733278757138312431921325374149963634936580649, 2059631082400248572371159450399672542829874591527952244899781809619483996, 12357786494401491434226956702398035256979247549167713469398690857716904079, 74146718966408948605361740214388211541875485295006280816392145146301424578, 444880313798453691632170441286329269251252911770037684898352870877808547573, 2669281882790722149793022647717975615507517470620226109390117225266851285544, 16015691296744332898758135886307853693045104823721356656340703351601107713371, 96094147780465997392548815317847122158270628942328139938044220109606646280334, 576564886682795984355292891907082732949623773653968839628265320657639877682113, 3459389320096775906131757351442496397697742641923813037769591923945839266092788, 20756335920580655436790544108654978386186455851542878226617551543675035596556839, 124538015523483932620743264651929870317118735109257269359705309262050213579341146, 747228093140903595724459587911579221902712410655543616158231855572301281476046989, 4483368558845421574346757527469475331416274463933261696949391133433807688856282048, 26900211353072529446080545164816851988497646783599570181696346800602846133137692403, 161401268118435176676483270988901111930985880701597421090178080803617076798826154534, 968407608710611060058899625933406671585915284209584526541068484821702460792956927321, 5810445652263666360353397755600440029515491705257507159246410908930214764757741564044, 34862673913581998162120386533602640177092950231545042955478465453581288588546449384383, 209176043481491988972722319201615841062557701389270257732870792721487731531278696306418, 1255056260888951933836333915209695046375346208335621546397224756328926389187672177838629, 7530337565333711603018003491258170278252077250013729278383348537973558335126033067031896, 45182025392002269618108020947549021669512463500082375670300091227841350010756198402191499, 271092152352013617708648125685294130017074781000494254021800547367048100064537190413149118, 1626552914112081706251888754111764780102448686002965524130803284202288600387223142478894833, 9759317484672490237511332524670588680614692116017793144784819705213731602323338854873369124, 58555904908034941425067995148023532083688152696106758868708918231282389613940033129240214871, 351335429448209648550407970888141192502128916176640553212253509387694337683640198775441289354, 2108012576689257891302447825328847155012773497059843319273521056326166026101841192652647736253, 12648075460135547347814686951973082930076640982359059915641126337956996156611047155915886417648, 75888452760813284086888121711838497580459845894154359493846758027741976939666282935495318506019, 455330716564879704521328730271030985482759075364926156963080548166451861637997697612971911036246, 2731984299389278227127972381626185912896554452189556941778483288998711169827986185677831466217609, 16391905796335669362767834289757115477379326713137341650670899733992267018967917114066988797305788, 98351434778014016176607005738542692864275960278824049904025398403953602113807502684401932783834863, 590108608668084097059642034431256157185655761672944299424152390423721612682845016106411596703009314, 3540651652008504582357852206587536943113934570037665796544914342542329676097070096638469580218056021, 21243909912051027494147113239525221658683607420225994779269486055253978056582420579830817481308336264, 127463459472306164964882679437151329952101644521355968675616916331523868339494523478984904887850017723, 764780756833836989789296076622907979712609867128135812053701497989143210036967140873909429327100106478, 4588684541003021938735776459737447878275659202768814872322208987934859260221802845243456575962600639009, 27532107246018131632414658758424687269653955216612889233933253927609155561330817071460739455775603834196, 165192643476108789794487952550548123617923731299677335403599523565654933367984902428764436734653623005319, 991155860856652738766927715303288741707542387798064012421597141393929600207909414572586620407921738032058, 5946935165139916432601566291819732450245254326788384074529582848363577601247456487435519722447530428192493, 35681610990839498595609397750918394701471525960730304447177497090181465607484738924613118334685182569155104, 214089665945036991573656386505510368208829155764381826683064982541088793644908433547678710008111095414930771, 1284537995670221949441938319033062209252974934586290960098389895246532761869450601286072260048666572489584774, 7707227974021331696651629914198373255517849607517745760590339371479196571216703607716433560291999434937508793, 46243367844127990179909779485190239533107097645106474563542036228875179427300221646298601361751996609625052908, 277460207064767941079458676911141437198642585870638847381252217373251076563801329877791608170511979657750317599, 1664761242388607646476752061466848623191855515223833084287513304239506459382807979266749649023071877946501905746, 9988567454331645878860512368801091739151133091342998505725079825437038756296847875600497894138431267679011434629, 59931404725989875273163074212806550434906798548057991034350478952622232537781087253602987364830587606074068607928, 359588428355939251638978445276839302609440791288347946206102873715733395226686523521617924188983525636444411647723, 2157530570135635509833870671661035815656644747730087677236617242294400371360119141129707545133901153818666469886494, 12945183420813813059003224029966214893939868486380526063419703453766402228160714846778245270803406922911998819319121, 77671100524882878354019344179797289363639210918283156380518220722598413368964289080669471624820441537471992915914884, 466026603149297270124116065078783736181835265509698938283109324335590480213785734484016829748922649224831957495489463, 2796159618895783620744696390472702417091011593058193629698655946013542881282714406904100978493535895348991744972936938, 16776957713374701724468178342836214502546069558349161778191935676081257287696286441424605870961215372093950469837621789, 100661746280248210346809070057017287015276417350094970669151614056487543726177718648547635225767292232563702819025730896, 603970477681489262080854420342103722091658504100569824014909684338925262357066311891285811354603753395382216914154385539, 3623822866088935572485126522052622332549951024603418944089458106033551574142397871347714868127622520372293301484926313398, 21742937196533613434910759132315733995299706147620513664536748636201309444854387228086289208765735122233759808909557880553, 130457623179201680609464554793894403971798236885723081987220491817207856669126323368517735252594410733402558853457347283484, 782745739075210083656787328763366423830789421314338491923322950903247140014757940211106411515566464400415353120744083701071, 4696474434451260501940723972580198542984736527886030951539937705419482840088547641266638469093398786402492118724464502206594, 28178846606707563011644343835481191257908419167316185709239626232516897040531285847599830814560392718414952712346787013239733, 169073079640245378069866063012887147547450515003897114255437757395101382243187715085598984887362356310489716274080722079438568, 1014438477841472268419196378077322885284703090023382685532626544370608293459126290513593909324174137862938297644484332476631579, 6086630867048833610515178268463937311708218540140296113195759266223649760754757743081563455945044827177629785866905994859789646, 36519785202293001663091069610783623870249311240841776679174555597341898564528546458489380735670268963065778715201435969158738049, 219118711213758009978546417664701743221495867445050660075047333584051391387171278750936284414021613778394672291208615814952428468, 1314712267282548059871278505988210459328975204670303960450284001504308348323027672505617706484129682670368033747251694889714570983, 7888273603695288359227671035929262755973851228021823762701704009025850089938166035033706238904778096022208202483510169338287426074, 47329641622171730155366026215575576535843107368130942576210224054155100539628996210202237433428668576133249214901061016029724556621, 283977849733030380932196157293453459215058644208785655457261344324930603237773977261213424600572011456799495289406366096178347339904, 1703867098398182285593176943760720755290351865252713932743568065949583619426643863567280547603432068740796971736438196577070084039603, 10223202590389093713559061662564324531742111191516283596461408395697501716559863181403683285620592412444781830418629179462420504237798, 61339215542334562281354369975385947190452667149097701578768450374185010299359179088422099713723554474668690982511775076774523025426969, 368035293254007373688126219852315683142716002894586209472610702245110061796155074530532598282341326848012145895070650460647138152561996, 2208211759524044242128757319113894098856296017367517256835664213470660370776930447183195589694047961088072875370423902763882828915372159, 13249270557144265452772543914683364593137776104205103541013985280823962224661582683099173538164287766528437252222543416583296973492233138, 79495623342865592716635263488100187558826656625230621246083911684943773347969496098595041228985726599170623513335260499499781840953399013, 476973740057193556299811580928601125352959939751383727476503470109662640087816976591570247373914359595023741080011562996998691045720394264, 2861842440343161337798869485571606752117759638508302364859020820657975840526901859549421484243486157570142446480069377981992146274322365771, 17171054642058968026793216913429640512706557831049814189154124923947855043161411157296528905460916945420854678880416267891952877645934194814, 103026327852353808160759301480577843076239346986298885134924749543687130258968466943779173432765501672525128073282497607351717265875605169073, 618157967114122848964555808883467058457436081917793310809548497262122781553810801662675040596593010035150768439694985644110303595253631014628, 3708947802684737093787334853300802350744616491506759864857290983572736689322864809976050243579558060210904610638169913864661821571521786087959, 22253686816108422562724009119804814104467698949040559189143745901436420135937188859856301461477348361265427663829019483187970929429130716527946, 133522120896650535376344054718828884626806193694243355134862475408618520815623133159137808768864090167592565982974116899127825576574784299167869, 801132725379903212258064328312973307760837162165460130809174852451711124893738798954826852613184541005555395897844701394766953459448705795007408, 4806796352279419273548385969877839846565022972992760784855049114710266749362432793728961115679107246033332375387068208368601720756692234770044643, 28840778113676515641290315819267039079390137837956564709130294688261600496174596762373766694074643476199994252322409250211610324540153408620268054, 173044668682059093847741894915602234476340827027739388254781768129569602977047580574242600164447860857199965513934455501269661947240920451721608521, 1038268012092354563086451369493613406858044962166436329528690608777417617862285483445455600986687165143199793083606733007617971683445522710329651324, 6229608072554127378518708216961680441148269772998617977172143652664505707173712900672733605920122990859198758501640398045707830100673136261977908143, 37377648435324764271112249301770082646889618637991707863032861915987034243042277404036401635520737945155192551009842388274246980604038817571867449058, 224265890611948585626673495810620495881337711827950247178197171495922205458253664424218409813124427670931155306059054329645481883624232905431204694549, 1345595343671691513760040974863722975288026270967701483069183028975533232749521986545310458878746566025586931836354325977872891301745397432587228167496, 8073572062030149082560245849182337851728157625806208898415098173853199396497131919271862753272479396153521591018125955867237347810472384595523369005179, 48441432372180894495361475095094027110368945754837253390490589043119196378982791515631176519634876376921129546108755735203424086862834307573140214031278, 290648594233085366972168850570564162662213674529023520342943534258715178273896749093787059117809258261526777276652534411220544521177005845438841284187873, 1743891565398512201833013103423384975973282047174141122057661205552291069643380494562722354706855549569160663659915206467323267127062035072633047705127444, 10463349392391073210998078620540309855839692283044846732345967233313746417860282967376334128241133297414963981959491238803939602762372210435798286230764871, 62780096354346439265988471723241859135038153698269080394075803399882478507161697804258004769446799784489783891756947432823637616574233262614789717384589434]
len(predicted_full) = 200, len(input_sequence + seq_pred) = 200
is_manual_check: False
