test results being evaluated: data/test_linrec15.tsv
csv file used: ../linear_database_newbl.csv
The sequence ID inspected: A304611
csv results file used: ../linear_database_newbl.csv
Results we are looking at now:
('Could you give me a recursive equation in a form of a Python code for the following number sequence: 117,272,427,582,737,892,1047,1202,1357,1512,1667,1822,1977,2132,2287', 'Certainly, the Python code is the following: lambda a_n: abs( n - ( -7 + -7 ) * 9 ) + a_n[-1]')

Experiment type: Evaluation of the results of llms.
Ground truth: 
[117, 272, 427, 582, 737, 892, 1047, 1202, 1357, 1512, 1667, 1822, 1977, 2132, 2287, 2442, 2597, 2752, 2907, 3062, 3217, 3372, 3527, 3682, 3837, 3992, 4147, 4302, 4457, 4612, 4767, 4922, 5077, 5232, 5387, 5542, 5697, 5852, 6007, 6162, 6317, 6472, 6627, 6782, 6937, 7092, 7247, 7402, 7557, 7712, 7867, 8022, 8177, 8332, 8487, 8642, 8797, 8952, 9107, 9262, 9417, 9572, 9727, 9882, 10037, 10192, 10347, 10502, 10657, 10812, 10967, 11122, 11277, 11432, 11587, 11742, 11897, 12052, 12207, 12362, 12517, 12672, 12827, 12982, 13137, 13292, 13447, 13602, 13757, 13912, 14067, 14222, 14377, 14532, 14687, 14842, 14997, 15152, 15307, 15462, 15617, 15772, 15927, 16082, 16237, 16392, 16547, 16702, 16857, 17012, 17167, 17322, 17477, 17632, 17787, 17942, 18097, 18252, 18407, 18562, 18717, 18872, 19027, 19182, 19337, 19492, 19647, 19802, 19957, 20112, 20267, 20422, 20577, 20732, 20887, 21042, 21197, 21352, 21507, 21662, 21817, 21972, 22127, 22282, 22437, 22592, 22747, 22902, 23057, 23212, 23367, 23522, 23677, 23832, 23987, 24142, 24297, 24452, 24607, 24762, 24917, 25072, 25227, 25382, 25537, 25692, 25847, 26002, 26157, 26312, 26467, 26622, 26777, 26932, 27087, 27242, 27397, 27552, 27707, 27862, 28017, 28172, 28327, 28482, 28637, 28792, 28947, 29102, 29257, 29412, 29567, 29722, 29877, 30032, 30187, 30342, 30497, 30652, 30807, 30962]
Predicted:    
[117, 272, 427, 582, 737, 892, 1047, 1202, 1357, 1512, 1667, 1822, 1977, 2132, 2287, 2428, 2570, 2713, 2857, 3002, 3148, 3295, 3443, 3592, 3742, 3893, 4045, 4198, 4352, 4507, 4663, 4820, 4978, 5137, 5297, 5458, 5620, 5783, 5947, 6112, 6278, 6445, 6613, 6782, 6952, 7123, 7295, 7468, 7642, 7817, 7993, 8170, 8348, 8527, 8707, 8888, 9070, 9253, 9437, 9622, 9808, 9995, 10183, 10372, 10562, 10753, 10945, 11138, 11332, 11527, 11723, 11920, 12118, 12317, 12517, 12718, 12920, 13123, 13327, 13532, 13738, 13945, 14153, 14362, 14572, 14783, 14995, 15208, 15422, 15637, 15853, 16070, 16288, 16507, 16727, 16948, 17170, 17393, 17617, 17842, 18068, 18295, 18523, 18752, 18982, 19213, 19445, 19678, 19912, 20147, 20383, 20620, 20858, 21097, 21337, 21578, 21820, 22063, 22307, 22552, 22798, 23045, 23293, 23542, 23792, 24043, 24295, 24548, 24802, 25057, 25313, 25570, 25828, 26087, 26347, 26608, 26870, 27133, 27397, 27662, 27928, 28195, 28463, 28732, 29002, 29273, 29545, 29818, 30092, 30367, 30643, 30920, 31198, 31477, 31757, 32038, 32320, 32603, 32887, 33172, 33458, 33745, 34033, 34322, 34612, 34903, 35195, 35488, 35782, 36077, 36373, 36670, 36968, 37267, 37567, 37868, 38170, 38473, 38777, 39082, 39388, 39695, 40003, 40312, 40622, 40933, 41245, 41558, 41872, 42187, 42503, 42820, 43138, 43457, 43777, 44098, 44420, 44743, 45067, 45392]
len(predicted_full) = 200, len(input_sequence + seq_pred) = 200
is_manual_check: False
