test results being evaluated: data/test_linrec15.tsv
csv file used: ../linear_database_newbl.csv
The sequence ID inspected: A305156
csv results file used: ../linear_database_newbl.csv
Results we are looking at now:
('Could you give me a recursive equation in a form of a Python code for the following number sequence: 58,194,466,1010,2098,4274,8626,17330,34738,69554,139186,278450,556978,1114034,2228146', 'Certainly, the Python code is the following: lambda a_n: 8 - a_n[-1] * -3')

Experiment type: Evaluation of the results of llms.
Ground truth: 
[58, 194, 466, 1010, 2098, 4274, 8626, 17330, 34738, 69554, 139186, 278450, 556978, 1114034, 2228146, 4456370, 8912818, 17825714, 35651506, 71303090, 142606258, 285212594, 570425266, 1140850610, 2281701298, 4563402674, 9126805426, 18253610930, 36507221938, 73014443954, 146028887986, 292057776050, 584115552178, 1168231104434, 2336462208946, 4672924417970, 9345848836018, 18691697672114, 37383395344306, 74766790688690, 149533581377458, 299067162754994, 598134325510066, 1196268651020210, 2392537302040498, 4785074604081074, 9570149208162226, 19140298416324530, 38280596832649138, 76561193665298354, 153122387330596786, 306244774661193650, 612489549322387378, 1224979098644774834, 2449958197289549746, 4899916394579099570, 9799832789158199218, 19599665578316398514, 39199331156632797106, 78398662313265594290, 156797324626531188658, 313594649253062377394, 627189298506124754866, 1254378597012249509810, 2508757194024499019698, 5017514388048998039474, 10035028776097996079026, 20070057552195992158130, 40140115104391984316338, 80280230208783968632754, 160560460417567937265586, 321120920835135874531250, 642241841670271749062578, 1284483683340543498125234, 2568967366681086996250546, 5137934733362173992501170, 10275869466724347985002418, 20551738933448695970004914, 41103477866897391940009906, 82206955733794783880019890, 164413911467589567760039858, 328827822935179135520079794, 657655645870358271040159666, 1315311291740716542080319410, 2630622583481433084160638898, 5261245166962866168321277874, 10522490333925732336642555826, 21044980667851464673285111730, 42089961335702929346570223538, 84179922671405858693140447154, 168359845342811717386280894386, 336719690685623434772561788850, 673439381371246869545123577778, 1346878762742493739090247155634, 2693757525484987478180494311346, 5387515050969974956360988622770, 10775030101939949912721977245618, 21550060203879899825443954491314, 43100120407759799650887908982706, 86200240815519599301775817965490, 172400481631039198603551635931058, 344800963262078397207103271862194, 689601926524156794414206543724466, 1379203853048313588828413087449010, 2758407706096627177656826174898098, 5516815412193254355313652349796274, 11033630824386508710627304699592626, 22067261648773017421254609399185330, 44134523297546034842509218798370738, 88269046595092069685018437596741554, 176538093190184139370036875193483186, 353076186380368278740073750386966450, 706152372760736557480147500773932978, 1412304745521473114960295001547866034, 2824609491042946229920590003095732146, 5649218982085892459841180006191464370, 11298437964171784919682360012382928818, 22596875928343569839364720024765857714, 45193751856687139678729440049531715506, 90387503713374279357458880099063431090, 180775007426748558714917760198126862258, 361550014853497117429835520396253724594, 723100029706994234859671040792507449266, 1446200059413988469719342081585014898610, 2892400118827976939438684163170029797298, 5784800237655953878877368326340059594674, 11569600475311907757754736652680119189426, 23139200950623815515509473305360238378930, 46278401901247631031018946610720476757938, 92556803802495262062037893221440953515954, 185113607604990524124075786442881907031986, 370227215209981048248151572885763814064050, 740454430419962096496303145771527628128178, 1480908860839924192992606291543055256256434, 2961817721679848385985212583086110512512946, 5923635443359696771970425166172221025025970, 11847270886719393543940850332344442050052018, 23694541773438787087881700664688884100104114, 47389083546877574175763401329377768200208306, 94778167093755148351526802658755536400416690, 189556334187510296703053605317511072800833458, 379112668375020593406107210635022145601666994, 758225336750041186812214421270044291203334066, 1516450673500082373624428842540088582406668210, 3032901347000164747248857685080177164813336498, 6065802694000329494497715370160354329626673074, 12131605388000658988995430740320708659253346226, 24263210776001317977990861480641417318506692530, 48526421552002635955981722961282834637013385138, 97052843104005271911963445922565669274026770354, 194105686208010543823926891845131338548053540786, 388211372416021087647853783690262677096107081650, 776422744832042175295707567380525354192214163378, 1552845489664084350591415134761050708384428326834, 3105690979328168701182830269522101416768856653746, 6211381958656337402365660539044202833537713307570, 12422763917312674804731321078088405667075426615218, 24845527834625349609462642156176811334150853230514, 49691055669250699218925284312353622668301706461106, 99382111338501398437850568624707245336603412922290, 198764222677002796875701137249414490673206825844658, 397528445354005593751402274498828981346413651689394, 795056890708011187502804548997657962692827303378866, 1590113781416022375005609097995315925385654606757810, 3180227562832044750011218195990631850771309213515698, 6360455125664089500022436391981263701542618427031474, 12720910251328179000044872783962527403085236854063026, 25441820502656358000089745567925054806170473708126130, 50883641005312716000179491135850109612340947416252338, 101767282010625432000358982271700219224681894832504754, 203534564021250864000717964543400438449363789665009586, 407069128042501728001435929086800876898727579330019250, 814138256085003456002871858173601753797455158660038578, 1628276512170006912005743716347203507594910317320077234, 3256553024340013824011487432694407015189820634640154546, 6513106048680027648022974865388814030379641269280309170, 13026212097360055296045949730777628060759282538560618418, 26052424194720110592091899461555256121518565077121236914, 52104848389440221184183798923110512243037130154242473906, 104209696778880442368367597846221024486074260308484947890, 208419393557760884736735195692442048972148520616969895858, 416838787115521769473470391384884097944297041233939791794, 833677574231043538946940782769768195888594082467879583666, 1667355148462087077893881565539536391777188164935759167410, 3334710296924174155787763131079072783554376329871518334898, 6669420593848348311575526262158145567108752659743036669874, 13338841187696696623151052524316291134217505319486073339826, 26677682375393393246302105048632582268435010638972146679730, 53355364750786786492604210097265164536870021277944293359538, 106710729501573572985208420194530329073740042555888586719154, 213421459003147145970416840389060658147480085111777173438386, 426842918006294291940833680778121316294960170223554346876850, 853685836012588583881667361556242632589920340447108693753778, 1707371672025177167763334723112485265179840680894217387507634, 3414743344050354335526669446224970530359681361788434775015346, 6829486688100708671053338892449941060719362723576869550030770, 13658973376201417342106677784899882121438725447153739100061618, 27317946752402834684213355569799764242877450894307478200123314, 54635893504805669368426711139599528485754901788614956400246706, 109271787009611338736853422279199056971509803577229912800493490]
Predicted:    
[58, 194, 466, 1010, 2098, 4274, 8626, 17330, 34738, 69554, 139186, 278450, 556978, 1114034, 2228146, 6684446, 20053346, 60160046, 180480146, 541440446, 1624321346, 4872964046, 14618892146, 43856676446, 131570029346, 394710088046, 1184130264146, 3552390792446, 10657172377346, 31971517132046, 95914551396146, 287743654188446, 863230962565346, 2589692887696046, 7769078663088146, 23307235989264446, 69921707967793346, 209765123903380046, 629295371710140146, 1887886115130420446, 5663658345391261346, 16990975036173784046, 50972925108521352146, 152918775325564056446, 458756325976692169346, 1376268977930076508046, 4128806933790229524146, 12386420801370688572446, 37159262404112065717346, 111477787212336197152046, 334433361637008591456146, 1003300084911025774368446, 3009900254733077323105346, 9029700764199231969316046, 27089102292597695907948146, 81267306877793087723844446, 243801920633379263171533346, 731405761900137789514600046, 2194217285700413368543800146, 6582651857101240105631400446, 19747955571303720316894201346, 59243866713911160950682604046, 177731600141733482852047812146, 533194800425200448556143436446, 1599584401275601345668430309346, 4798753203826804037005290928046, 14396259611480412111015872784146, 43188778834441236333047618352446, 129566336503323708999142855057346, 388699009509971126997428565172046, 1166097028529913380992285695516146, 3498291085589740142976857086548446, 10494873256769220428930571259645346, 31484619770307661286791713778936046, 94453859310922983860375141336808146, 283361577932768951581125424010424446, 850084733798306854743376272031273346, 2550254201394920564230128816093820046, 7650762604184761692690386448281460146, 22952287812554285078071159344844380446, 68856863437662855234213478034533141346, 206570590312988565702640434103599424046, 619711770938965697107921302310798272146, 1859135312816897091323763906932394816446, 5577405938450691273971291720797184449346, 16732217815352073821913875162391553348046, 50196653446056221465741625487174660044146, 150589960338168664397224876461523980132446, 451769881014505993191674629384571940397346, 1355309643043517979575023888153715821192046, 4065928929130553938725071664461147463576146, 12197786787391661816175214993383442390728446, 36593360362174985448525644980150327172185346, 109780081086524956345576934940450981516556046, 329340243259574869036730804821352944549668146, 988020729778724607110192414464058833649004446, 2964062189336173821330577243392176500947013346, 8892186568008521463991731730176529502841040046, 26676559704025564391975195190529588508523120146, 80029679112076693175925585571588765525569360446, 240089037336230079527776756714766296576708081346, 720267112008690238583330270144298889730124244046, 2160801336026070715749990810432896669190372732146, 6482404008078212147249972431298690007571118196446, 19447212024234636441749917293896070022713354589346, 58341636072703909325249751881688210068140063768046, 175024908218111727975749255645064630204420191304146, 525074724654335183927247766935193890613260573912446, 1575224173963005551781743300805581671839781721737346, 4725672521889016655345229902416745015519345165212046, 14177017565667049966035689707250235046558035495636146, 42531052697001149898107069121750705139674106486908446, 127593158091003449694321207365252115419022319460725346, 382779474273010349082963622095756346257066958382176046, 1148338422819031047248890866287269038771200875146528146, 3445015268457093141746672598861807116313602625439584446, 10335045805371279425240017796585421348940807876318753346, 31005137416113838275720053389756264046822423628956260046, 93015412248341514827160160169268792140467270886868780146, 279046236745024544481480480507806376421401812660606340446, 837138710235073633444441441523419129264205437981819021346, 2511416130705220900333324324570257387792616313945457064046, 7534248392115662700999972973710772163377848941836371192146, 22602745176346988102999918921132316490133546825509113576446, 67808235529040964308999756763396949470400640476527340729346, 203424706587122892926999270290190848411201921429582022188046, 610274119761368678780997810870572545233605764288746066564146, 1830822359284106036342993432611717635700817292866238199692446, 5492467077852318109028980297835152907102451878598714599077346, 16477401233556954327086940893505458721307355635796143797232046, 49432203700670862981260822680516376163922066907388431391696146, 148296611102012588943782468041549128491766200722165294175088446, 444889833306037766831347404124647385475298602166495882525265346, 1334669499918113300494042212373942156425895806499487647575796046, 4004008499754339901482126637121826469277687419498462942727388146, 12012025499263019704446379911365479407833062258495388828182164446, 36036076497789059113339139734096438223499186775486166484546493346, 108108229493367177340017419202289314670497560326458499453639480046, 324324688480101532020052257606867944011492680979375498360918440146, 972974065440304596060156772820603832034478042938126495082755320446, 2918922196320913788180470318461811496103434128814379485248265961346, 8756766588962741364541410955385434488310302386443138455744797884046, 26270299766888224093624232866156303464930907159329415367234393652146, 78810899300664672280872698598468910394792721477988246101703180956446, 236432697901994016842618095795406731184378164433964738305109542869346, 709298093705982050527854287386220193553134493301894214915328628608046, 2127894281117946151583562862158660580659403479905682644745985885824146, 6383682843353838454750688586475981741978210439717047934237957657472446, 19151048530061515364252065759427945225934631319151143802713872972417346, 57453145590184546092756197278283835677803893957453431408141618917252046, 172359436770553638278268591834851507033411681872360294224424856751756146, 517078310311660914834805775504554521100235045617080882673274570255268446, 1551234930934982744504417326513663563300705136851242648019823710765805346, 4653704792804948233513251979540990689902115410553727944059471132297416046, 13961114378414844700539755938622972069706346231661183832178413396892248146, 41883343135244534101619267815868916209119038694983551496535240190676744446, 125650029405733602304857803447606748627357116084950654489605720572030233346, 376950088217200806914573410342820245882071348254851963468817161716090700046, 1130850264651602420743720231028460737646214044764555890406451485148272100146, 3392550793954807262231160693085382212938642134293667671219354455444816300446, 10177652381864421786693482079256146638815926402881003013658063366334448901346, 30532957145593265360080446237768439916447779208643009040974190099003346704046, 91598871436779796080241338713305319749343337625929027122922570297010040112146, 274796614310339388240724016139915959248030012877787081368767710891030120336446, 824389842931018164722172048419747877744090038633361244106303132673090361009346, 2473169528793054494166516145259243633232270115900083732318909398019271083028046, 7419508586379163482499548435777730899696810347700251196956728194057813249084146, 22258525759137490447498645307333192699090431043100753590870184582173439747252446, 66775577277412471342495935921999578097271293129302260772610553746520319241757346, 200326731832237414027487807765998734291813879387906782317831661239560957725272046, 600980195496712242082463423297996202875441638163720346953494983718682873175816146, 1802940586490136726247390269893988608626324914491161040860484951156048619527448446, 5408821759470410178742170809681965825878974743473483122581454853468145858582345346, 16226465278411230536226512429045897477636924230420449367744364560404437575747036046, 48679395835233691608679537287137692432910772691261348103233093681213312727241108146, 146038187505701074826038611861413077298732318073784044309699281043639938181723324446, 438114562517103224478115835584239231896196954221352132929097843130919814545169973346, 1314343687551309673434347506752717695688590862664056398787293529392759443635509920046, 3943031062653929020303042520258153087065772587992169196361880588178278330906529760146, 11829093187961787060909127560774459261197317763976507589085641764534834992719589280446, 35487279563885361182727382682323377783591953291929522767256925293604504978158767841346, 106461838691656083548182148046970133350775859875788568301770775880813514934476303524046, 319385516074968250644546444140910400052327579627365704905312327642440544803428910572146, 958156548224904751933639332422731200156982738882097114715936982927321634410286731716446, 2874469644674714255800917997268193600470948216646291344147810948781964903230860195149346, 8623408934024142767402753991804580801412844649938874032443432846345894709692580585448046, 25870226802072428302208261975413742404238533949816622097330298539037684129077741756344146, 77610680406217284906624785926241227212715601849449866291990895617113052387233225269032446, 232832041218651854719874357778723681638146805548349598875972686851339157161699675807097346, 698496123655955564159623073336171044914440416645048796627918060554017471485099027421292046, 2095488370967866692478869220008513134743321249935146389883754181662052414455297082263876146, 6286465112903600077436607660025539404229963749805439169651262544986157243365891246791628446, 18859395338710800232309822980076618212689891249416317508953787634958471730097673740374885346, 56578186016132400696929468940229854638069673748248952526861362904875415190293021221124656046, 169734558048397202090788406820689563914209021244746857580584088714626245570879063663373968146, 509203674145191606272365220462068691742627063734240572741752266143878736712637190990121904446, 1527611022435574818817095661386206075227881191202721718225256798431636210137911572970365713346, 4582833067306724456451286984158618225683643573608165154675770395294908630413734718911097140046, 13748499201920173369353860952475854677050930720824495464027311185884725891241204156733291420146, 41245497605760520108061582857427564031152792162473486392081933557654177673723612470199874260446]
len(predicted_full) = 200, len(input_sequence + seq_pred) = 200
is_manual_check: False
