test results being evaluated: data/test_linrec15.tsv
csv file used: ../linear_database_newbl.csv
The sequence ID inspected: A306940
csv results file used: ../linear_database_newbl.csv
Results we are looking at now:
('Could you give me a recursive equation in a form of a Python code for the following number sequence: 1,6,21,56,126,252,461,780,1209,1638,1638,0,-6187,-23238,-63783', 'Certainly, the Python code is the following: lambda a_n: n * ( n * n * -6 + n * 3 // a_n[-2] )')

Experiment type: Evaluation of the results of llms.
Ground truth: 
[1, 6, 21, 56, 126, 252, 461, 780, 1209, 1638, 1638, 0, -6187, -23238, -63783, -151316, -326382, -652764, -1217483, -2107560, -3322995, -4538430, -4538430, 0, 16942381, 63239286, 172791861, 408855776, 880983606, 1761967212, 3287837741, 5694626340, 8982333009, 12270039678, 12270039678, 0, -45792714187, -170901341358, -466912358463, -1104728155436, -2380359749382, -4760719498764, -8883621103403, -15386878263120, -24270490977915, -33154103692710, -33154103692710, 0, 123732818833261, 461777205194766, 1261598863859901, 2984975067132296, 6431727473677086, 12863454947354172, 24003533557218221, 41575339372323900, 65578872392671209, 89582405413018518, 89582405413018518, 0, -334326089705468587, -1247721955556339478, -3408839781258517143, -8065401526663308356, -17378525017472890782, -34757050034945781564, -64857538315896837323, -112336551597140914680, -177194089878678013635, -242051628160215112590, -242051628160215112590, 0, 903348974428042828141, 3371344269689395153446, 9210683834915020539141, 21792711940069192045616, 46956768150377535058566, 93913536300755070117132, 175245044495806212913901, 303533320840135379141460, 478778365333742568799809, 654023409827349758458158, 654023409827349758458158, 0, -2440848594820189890685387, -9109370969462205897305598, -24887264313584019987275823, -58883899596665430243946076, -126877170162828250757286582, -253754340325656501514573164, -473512045368196408400387243, -820146920573494197299310240, -1293658965941549868211342155, -1767171011309605539123374070, -1767171011309605539123374070, 0, 6595171999870647960558175021, 24613516988173549253062747326, 67245378964651125698536909581, 159104274917478052449950251736, 342822066823131905952776936046, 685644133646263811905553872092, 1279429371339698445259880716781, 2216036675856260480967357127020, 3495466047195949919027983102809, 4774895418535639357088609078598, 4774895418535639357088609078598, 0, -17820152302802886004692319820587, -66505713792675940690477689167718, -181696989075225008124334785610503, -429899691943126101054335336244596, -926305097678928286914336437512782, -1852610195357856573828672875025564, -3457017687847811910612157123561163, -5987730278016695246079601657897800, -9444747965864506580231006478035475, -12901765653712317914382411298173150, -12901765653712317914382411298173150, 0, 48150044927001461476299744979401901, 179698414054293530296659577833128406, 490945197235879134025365006947371221, 1161588808526051807570761628582646656, 2502876031106397154661554871853197526, 5005752062212794309323109743706395052, 9340860513135415935877450828922738861, 16178844995164434698646602712282728580, 25519705508299850597630565393786364209, 34860566021435266496614528075289999838, 34860566021435266496614528075289999838, 0, -130101403572605650161261125914494570187, -485545048268987334296003928172364693838, -1326533741234356353021898563781952337183, -3138612530737700040930096866094975019916, -6762770109744387416746493470721020385382, -13525540219488774833492986941442040770764, -25239001649474205978487479770212353207083, -43715233189204024539047874448986274725360, -68954234838678230515174170977763805325595, -94193236488152436491300467506541335925830, -94193236488152436491300467506541335925830, 0, 351533944303135539993797939980257458316781, 1311942540724389723493336025380227787768686, 3584293677870033630505099602091904485844061, 8480529896464456984541314161426993921166376, 18273002333653303692613743280097172791811006, 36546004667306607385227486560194345583622012, 68195773116018791416380979629190644570212141, 118118543898384279140072658114558202025194140, 186314317014403070556302522016297017948568009, 254510090130421861972532385918035833871941878, 254510090130421861972532385918035833871941878, 0, -949844587405668656474201911225308176858070187, -3544868259492252763924879721893004188147691958, -9684760191071089635301646180273319016759711863, -22914388641634432034530589934078871480016528036, -49373645542761116832988477441689976406530160382, -98747291085522233665976954883379952813060320764, -184264953720481124932722548161315123904514413003, -319156261898201133032451783177661812885799840920, -503421215618682257965164659932420019756916604515, -687686169339163382897877536687178226628033368110, -687686169339163382897877536687178226628033368110, 0, 2566479723636172406658816612807068533707812007661, 9578232725205526243737427600167323576336805260166, 26168218451980406324553543558947357531569784968101, 61914669629166338892844669460566949312010737586896, 133407571983538204029426921263806132872892642824486, 266815143967076408058853842527612265745785285648972, 497883836756966883549416404411100029038595256288621, 862360101530395563069405578073384103859229144971700, 1360243938287362446618821363514464490207686951698209, 1858127775044329330168237148955544876556144758424718, 1858127775044329330168237148955544876556144758424718, 0, -6934627263420350437123534048321138405256396126096587, -25880381278637072418325901520209087315229989544210078, -70706516572490866817854175464066280681954672103030543, -167293414423618806054034262351861962962181532943264956, -360467210125874684526394436127453327522635254623733782, -720934420251749369052788872254906655045270509247467564, -1345281942652370798869397647718497313527271958461706923, -2330096675178866913212400839502500670965824263913692480, -3675378617831237712081798447606916727360927425603424235, -5020660560483608510951196055711332783756030587293155990, -5020660560483608510951196055711332783756030587293155990, 0, 18737360299282063244935386693969077592893356781026842541, 69928780636644644468790350878621302616346071723902114846, 191048981610651870161435666258807480313202208764855303341, 452026743857948384791661684030061563356865190001964324216, 973982268352541414052113719572569729444191152476182365966, 1947964536705082828104227439145139458888382304952364731932, 3634951311162869141578228859885199534618986927919268840301, 6295920353973196869104343998930178739565553301865652109260]
Predicted:    
[1, 6, 21, 56, 126, 252, 461, 780, 1209, 1638, 1638, 0, -6187, -23238, -63783, -20265, -24592, -29495, -35010, -41173, -48020, -55587, -63910, -73025, -82968, -93775, -105482, -118125, -131740, -146363, -162030, -178777, -196640, -215655, -235858, -257285, -279972, -303955, -329270, -355953, -384040, -413567, -444570, -477085, -511148, -546795, -584062, -622985, -663600, -705943, -750050, -795957, -843700, -893315, -944838, -998305, -1053752, -1111215, -1170730, -1232333, -1296060, -1361947, -1430030, -1500345, -1572928, -1647815, -1725042, -1804645, -1886660, -1971123, -2058070, -2147537, -2239560, -2334175, -2431418, -2531325, -2633932, -2739275, -2847390, -2958313, -3072080, -3188727, -3308290, -3430805, -3556308, -3684835, -3816422, -3951105, -4088920, -4229903, -4374090, -4521517, -4672220, -4826235, -4983598, -5144345, -5308512, -5476135, -5647250, -5821893, -6000100, -6181907, -6367350, -6556465, -6749288, -6945855, -7146202, -7350365, -7558380, -7770283, -7986110, -8205897, -8429680, -8657495, -8889378, -9125365, -9365492, -9609795, -9858310, -10111073, -10368120, -10629487, -10895210, -11165325, -11439868, -11718875, -12002382, -12290425, -12583040, -12880263, -13182130, -13488677, -13799940, -14115955, -14436758, -14762385, -15092872, -15428255, -15768570, -16113853, -16464140, -16819467, -17179870, -17545385, -17916048, -18291895, -18672962, -19059285, -19450900, -19847843, -20250150, -20657857, -21071000, -21489615, -21913738, -22343405, -22778652, -23219515, -23666030, -24118233, -24576160, -25039847, -25509330, -25984645, -26465828, -26952915, -27445942, -27944945, -28449960, -28961023, -29478170, -30001437, -30530860, -31066475, -31608318, -32156425, -32710832, -33271575, -33838690, -34412213, -34992180, -35578627, -36171590, -36771105, -37377208, -37989935, -38609322, -39235405, -39868220, -40507803, -41154190, -41807417, -42467520, -43134535, -43808498, -44489445, -45177412, -45872435, -46574550, -47283793]
len(predicted_full) = 200, len(input_sequence + seq_pred) = 200
is_manual_check: False
