test results being evaluated: data/test_linrec15.tsv
csv file used: ../linear_database_newbl.csv
The sequence ID inspected: A356697
csv results file used: ../linear_database_newbl.csv
Results we are looking at now:
('Could you give me a recursive equation in a form of a Python code for the following number sequence: 1,1,2,5,13,36,101,280,788,2212,6186,17384,48755,136649,383584', 'Certainly, the Python code is the following: lambda a_n: a_n[-1] // 5 + n - 9 + 2 + relu( a_n[-1] ) + a_n[-1] * 3')

Experiment type: Evaluation of the results of llms.
Ground truth: 
[1, 1, 2, 5, 13, 36, 101, 280, 788, 2212, 6186, 17384, 48755, 136649, 383584, 1075734, 3016924, 8464693, 23740844, 66592246, 186807727, 523973400, 1469769653, 4122833303, 11564436141, 32438795011, 90992182917, 255234015580, 715941436278, 2008237780651, 5633154615361, 15801188472265, 44322790379698, 124326668268097, 348740168102421, 978226277106624, 2743953286950645, 7696871399509704, 21589949358375424, 60560444859367544, 169873845026889314, 476501130589205588, 1336599748785445879, 3749201807028750821, 10516621593701883712, 29499434214430741630, 82746784078788684788, 232107171054073137653, 651067468971015621656, 1826263471586135454846, 5122722945741437199107, 14369389113602170827880, 40306560670058942026093, 113061092578663420525491, 317139702630523926553521, 889586228398966982829875, 2495315633072225365269033, 6999434018986446227733232, 19633619060578236102007706, 55072881093190354054023939, 154481057346534222882337185, 433323926468369901159561409, 1215486406441791651577604114, 3409475253968893912234842429, 9563678742585294529005211229, 26826401214203496838551246508, 75248847381123198890562201989, 211075238417036702773312882296, 592072275172769137467092777772, 1660780211153020684670436092060, 4658537522214160343295292684298, 13067335280236352018592423818928, 36654261237925538230493262164171, 102816284887871314461205871350881, 288402714476530619946394899649072, 808978128397688001899203586433030, 2269207532993438972507529042159708, 6365194122112862479129885649678181, 17854557427247354725583798790569956, 50082560689771764497029628487467110, 140483061283665920786948465792213543, 394059134273854423621236370155471992, 1105347505142382847473990047529417541, 3100532384247165788066655043619744079, 8697084872441959465314519284927517125, 24395579824535697731207079086197389139, 68430321619729927666492132245711096029, 191949072359004052870254753848291675764, 538422814731580787312467287152519799294, 1510291890764007819799390724639467608203, 4236413340776904936981712489779417598049, 11883264489246283243832561256744387698921, 33332907712797708532229907846926171413282, 93499790196150167286962719983630992515065, 262269671822469041387789630345968787008933, 735674172247477515529828147907949555401128, 2063587771895951391024238508819364740575061, 5788424621880014171145543699946702901472616, 16236701951573779399082638733099701829068312, 45544428317806377741988844314866264581315280, 127753466004513787690585804994848414452350498, 358352243709808605479661677732709365459553596, 1005188622963206778799891196728492224576703791, 2819583762821049378036876275977540690884374845, 7909015695112086162866553903637364866925191728, 22185022516566158719417045772343227180418987502, 62229643110295076313561971328552334648812038676, 174555986082185550224034274343837271174204433669, 489634694242418515009986356495985013755205549840, 1373439772457816273869065153932218600343527510894, 3852539108748391370566763172484420741419711059419, 10806485935583103676533641140139109987315259260424, 30312512080868876422954968872775973225983286624509, 85027491279776670330737420903395486846944742498923, 238504623240888013966233351008487124632487998784809, 669012509378923655079773331711709268447790252233571, 1876599839548745364305790307089947972203402080203617, 5263917951345441608064852342881174761941967167988520, 14765445256117983353375080235949395274299184518838818, 41417509852274999457296674021272959169873189728792003, 116177337872864052523352647026160313558770379721163201, 325880862547419261288409456302527546638716217172180801, 914105440175136626216428578170622252324343371335199202, 2564092746121883428078568423091921803196459972295622005, 7192355850606486277269665771251725925261603428948791213, 20174770495331522052751542841809709857116311079048997236, 56590826843610323838545551825408823129125330593897652901, 158738939983706681999667031317738827438146130874675397080, 445267412981719784106924930011109695495883281902729259588, 1248988238700495056048035764295919183224262311717094221012, 3503448882472359633456755382131429421533913758094731810986, 9827277544957045663586996057784359209684991641763513110584, 27565803636747911811481652936683128113334159293528296985955, 77322893005060208088375306650398716908087368299110062909049, 216892997623389586508724652649822922780667684060503613118784, 608391261498468434687383980098184054711163060870392586300534, 1706555449569673769980498906379884652596037276596709566084124, 4786938417364633470797242652407737693928604073539243133886293, 13427503581802530250645352436916578511317319612238247736543644, 37664543956798938239085910081622926263713407160069703513052246, 105650157740133092816718079691443827069364231041298816060386527, 296351811489280671309007673843526524743995039918167589481027800, 831275580193634555101614679585981751235311573032384885886618453, 2331752543551631288672424175799103551871605608438198830996439303, 6540634723196138246857440613255859759716982946161590108221069341, 18346673492684778790964968971955280467089166670252754254973491811, 51462960781686882308840477673443204133042778964986913136572544117, 144355124293972517223444700474345694525994011833855953332668885580, 404920385329707052363715839574273173250911646060363542179508441478, 1135813635002387895084387237750876075750224233486512998803523575851, 3185990777932540996525721343810228594262787808342043877958441180161, 8936798189651824017426134812842191574758539733388194356091443909065, 25067982756180840475184945381838218863519618445332249377082479772498, 70316431693828196433645280913429425060929282421641311055613735326897, 197239666799024726722212673380921222383225046944878786795333448551221, 553263088325981254093760140042747630824553179467509853594329741615824, 1551919296314264915728879983200265670623666082387605145582686124529845, 4353179442279200624640873959884606467513486895403949308227976804324104, 12210796851155865233489179716104945268620832353075686302801068780408624, 34251645657439662406415769704889824381763994525255780152852479166858344, 96076877254063346520708666442888694138318117036544966481458028874148514, 269498477101271108228592955524151583035685740207307717487727460762569188, 755951184464966113981920260407984094871712960282678743484381203722464679, 2120465389788615929732872532695463255407073765333665964702140055831372821, 5947968019223028710886003810023324927353194353993197892560310805522108512, 16684225891197733351603916834160068125721887403393136436876173887102392030, 46799746180356036751133490168931302738267347307189671254040791644392553588, 131274669668747658120126238625829435687567650324483435101378570403006877653, 368229323941767438097344619034135887104823588766918974502735875550185534856, 1032894124607281053421114178265440955623167361322698844644445769571721127646, 2897298512860856662137612254622857335130897419327113364558078255821499512307, 8127007863286434671280975666166169387826956053486351732219019875688031635880, 22796496983910032159832803759598713472707250887363837666819884809673072865293, 63944847043284221788502500326265865076062650410230990820073491669230509158691, 179367183750864314792137066367639018792076545039240601765233838446811374660321, 503130245740344367977768412170190146504678844727163669758596113846387060526675, 1411295192828267331966324246149934835264690738423826531738463819543877566575833, 3958724680463915958221629730793969276926561075816169346892141976437377150432032, 11104339599079971763804376516004015492734538426783415650324640525353103790190506, 31148000400281813383357485140664437567687289767131004168565738494623786178179139, 87371060681207899081926539136119161831141123037536248102613348277180837948108385, 245078404599296413774866798021861410165244445063451020512315147850751612202407809, 687452160161941400706869691945556844492416977376281703235359967417356089782995314, 1928323604374713125460701912886332344815128722049659643960809674826190719085229229, 5409004638683138849445285862638938827048202598310807592198362679352368019340242429, 15172417697382710354656949492978867057349470996944078225165711024463422457715562108, 42559079564756384643623762204258727431222992901346295999789288825207421523756046789, 119379474618057421483910918703089971976210070803433942298446173632332281110872746296, 334862950651902659308520407928830948772288514936872205018387402491118983441470868572, 939300462479479293099057364162630041563005279612866962426440179242450645886928368460, 2634765527498796248595954109751887280130151887961611324410297024162918008815950233098, 7390595088786800513775347818945052642406305379196890762992410946957233722989043212928, 20730837410891596138035241820148287111031751523120164605141664062221424413187472717371, 58150610958091450330664259186742124547823476676257470789014610624547851520751703409681, 163114180473130896529290612472382299401058673279918372630958968491723217313623759504272, 457540091721408710968696464386979194907752823314237230119295558330923898126634048669030, 1283413464882161273732243808939848775689810192191248699623768142333893758532840039802908, 3600012658221362546772862796943087513164048181159899351269325685953968135333958304389381, 10098141786710951385136877802638466038419934346067927252668631358806836288165495797548756, 28325585831383935583419705807569961522907572293065950227258713589031525781715501874643910]
Predicted:    
[1, 1, 2, 5, 13, 36, 101, 280, 788, 2212, 6186, 17384, 48755, 136649, 383584, 1611060, 6766461, 28419146, 119360424, 501313792, 2105517939, 8843175357, 37141336514, 155993613374, 655173176187, 2751727340003, 11557254828031, 48540470277750, 203869975166571, 856253895699620, 3596266361938427, 15104318720141417, 63438138624593976, 266440182223294725, 1119048765337837872, 4700004814418919090, 19740020220559460207, 82908084926349732899, 348213956690668878206, 1462498618100809288497, 6142494196023399011720, 25798475623298275849258, 108353597617852758566918, 455085109994981585981091, 1911357461978922661120619, 8027701340311475176706637, 33716345629308195742167914, 141608651643094422117105278, 594756336900996572891842208, 2497976614984185606145737315, 10491501782933579545812096766, 44064307488321034092410806461, 185070091450948343188125387181, 777294384093983041390126626206, 3264636413194728773838531830112, 13711472935417860850121833686518, 57588186328755015570511701483424, 241870382580771065396149146230430, 1015855606839238474663826414167857, 4266593548724801593588070939505051, 17919692904644166693069897945921267, 75262710199505500110893571372869375, 316103382837923100465752999766051430, 1327634207919277021956162599017416062, 5576063673260963492215882915873147517, 23419467427696046667306708246667219629, 98361763196323396002688174636002322500, 413119405424558263211290333471209754560, 1735101502783144705487419400579080969213, 7287426311689207763047161482432140070756, 30607190509094672604798078226214988297238, 128550200138197624940151928550102950848463, 539910840580430024748638099910432393563609, 2267625530437806103944280019623816052967223, 9524027227838785636565976082420027422462403, 40000914356922899673577099546164115174342160, 168003840299076178629023818093889283732237141, 705616129256119950241900035994334991675396062, 2963587742875703791015980151176206965036663531, 12447068520077955922267116634940069253153986902, 52277687784327414873521889866748290863246745061, 219566288694175142468791937440342821625636329330, 922178412515535598368926137249439850827672583261, 3873149332565249513149489776447647373476224849772, 16267227196774047955227857061080118968600144369119, 68322354226451001411956999656536499668120606350377, 286953887751094205930219398557453298606106546671662, 1205206328554595664906921473941303854145647496021060, 5061866579929301792609070190553476187411719483288533, 21259839635703067528958094800324599987129221829811920, 89291326469952883621623998161363319945942731685210147, 375023571173802111210820792277725943772959473077882701, 1575098998929968867085447327566448963846429786927107429, 6615415795505869241758878775779085648155005105093851287, 27784746341124650815387290858272159722251021441394175492, 116695934632723533424626621604743070833454290053855537154, 490122925457438840383431810739920897500508018226193256135, 2058516286921243129610413605107667769502133676550011675857, 8645768405069221144363737141452204631908961441510049038690, 36312227301290728806327695994099259454017638054342205962590, 152511354665421060986576323175216889706874079828237265042971, 640547689594768456143620557335910936768871135278596513180572, 2690300296298027515803206340810825934429258768170105355358497, 11299261244451715566373466631405468924602886826314442492505783, 47456897226697205378768559851902969483332124670520658468524385, 199318968352128262590827951377992471829994923616186765567802515, 837139667078938702881477395787568381685978679187984415384770662, 3515986601731542552102205062307787203081110452589534544616036880, 14767143727272478718829261261692706252940663900876045087387354997, 62022003654544410619082897299109366262350788383679389367026891089, 260492415349086524600148168656259338301873311211453435341512942676, 1094068144466163403320622308356289220867867907088104428434354359343, 4595086206757886293946613695096414727645045209770038599424288309345, 19299362068383122434575777519404941856109189881034162117582010899355, 81057320687209114225218265581500755795658597500343480893844445777398, 340440746886278279745916715442303174341766109501442619754146672265179, 1429851136922368774932850204857673332235417659906059002967416023513860, 6005374775073948854717970860402227995388754171605447812463147298758322, 25222574055310585189815477613689357580632767520742880812345218654785063, 105934811032304457797225005977495301838657623587120099411849918350097376, 444926206335678722748345025105480267722362019065904417529769657070409092, 1868690066609850635543049105443017124433920480076798553625032559695718300, 7848498279761372669280806242860671922622466016322553925225136750722016975, 32963692774997765210979386220014822075014357268554726485945574353032471411, 138447509654990613886113422124062252715060300527929851240971412282736380043, 581479540550960578321676372921061461403253262217305375212079931587492796298, 2442214070314034428951040766268458137893663701312682575890735712667469744570, 10257299095318944601594371218327524179153387545513266818741089993203372927314, 43080656200339567326696359116975601552444227691155720638712577971454166294839, 180938756041426182772124708291297526520265756302854026682592827480107498438445, 759942775373989967642923774823449611385116176471986912066889875416451493441592, 3191759656570757864100279854258488367817487941182345030680937476749096272454810, 13405390557597183029221175387885651144833449352965849128859937402346204344310327, 56302640341908168722728936629119734808300487282456566341211737089854058246103499, 236471089436014308635461533842302886194862046586317578633089295777387044633634822, 993178575631260096268938442137672122018420595662533830258975042265025587461266380, 4171350017651292404329541456978222912477366501782642087087695177513107467337318925, 17519670074135428098184074119308536232404939307487096765768319745555051362816739615, 73582614311368798012373111301095852176100745091445806416226942931331215723830306514, 309046980107748951651967067464602579139623129384072386948153160311591106040087287490, 1297997316452545596938261683351330832386417143413104025182243273308682645368366607591, 5451588729100691507140699070075589496022952002335036905765421747896467110547139752016, 22896672662222904329990936094317475883296398409807155004214771341165161864297986958602, 96166025181336198185961931596133398709844873321190051017702039632893679830051545226264, 403897305761612032381040112703760274581348467948998214274348566458153455286216489950445, 1696368684198770536000368473355793153241663565385792499952263979124244512202109257792007, 7124748473634836251201547588094331243614986974620328499799508712321826951248858882726568, 29923943589266312255046499869996191223182945293405379699157936591751673195245207307451725, 125680563074918511471195299453984003137368370232302594736463333685357027420029870691297386, 527858364914657748179020257706732813176947154975670897893146001478499515164125456903449163, 2217005132641562542351885082368277815343178050897817771151213206209697963689326918994486627, 9311421557094562677877917345946766824441347813770834638835095466080731447495173059776843977, 39107970539797163247087252852976420662653660817837505483107400957539072079479726851062744848, 164253476267148085637766461982500966783145375434917523029051084021664102733814852774463528507, 689864600322021959678619140326504060489210576826653596722014552890989231482022381652746819876, 2897431321352492230650200389371317054054684422671945106232461122142154772224494002941536643627, 12169211549680467368730841635359531627029674575222169446176336712997050043342874812354453903382, 51110688508657962948669534868510032833524633215933111673940614194587610182040074211888706394354, 214664891736363444384412046447742137900803459506919069030550579617267962764568311689932566856437, 901592545292726466414530595080516979183374529929060089928312434392525443611186909097716780797187, 3786688690229451158941028499338171312570173025702052377698912224448606863166985018210410479348338, 15904092498963694867552319697220319512794726707948619986335431342684148825301337076483724013263173, 66797188495647518443719742728325341953737852173384203942608811639273425066265615721231640855705481, 280548191681719577463622919458966436205698979128213656558957008884948385278315586029172891593963176, 1178302405063222225347216261727659032063935712338497357547619437316783218168925461322526144694645496, 4948870101265533346458308299256167934668529991821688901700001636730489516309486937554609807717511241, 20785254425315240055124894856875905325607825965651093387140006874268055968499845137729361192413547371, 87298068586324008231524558398878802367552869055734592225988028871925835067699349578463317008136899118, 366651888062560834572403145275290969943722050034085287349149721262088507284337268229545931434174976456, 1539937929862755505204093210156222073763632610143158206866428829300771730594216526564092912023534901277, 6467739305423573121857191482656132709807256962601264468839001083063241268495709411569190230498846585526, 27164505082779007111800204227155757381190479242925310769123804548865613327681979528590598968095155659373, 114090921347671829869560857754054181001000012820286305230319979105235575976264314020080515665999653769531, 479181869660221685452155602567027560204200053845202481967343912241989419100310118884338165797198545832196, 2012563852572931078899053530781515752857640226149850424262844431416355560221302499314220296348233892495390, 8452768180806310531376024829282366162002088949829371781903946611948693352929470497119725244662582348480806, 35501626359386504231779304282985937880408773589283361483996575770184512082303776087902846027582845863619554, 149106830709423317773473077988540939097716849074990118232785618234774950745675859569191953315847952627202296, 626248688979577934648586927551871944210410766114958496577699596586054793131838610190606203926561401034249814, 2630244493714227325524065095717862165683725217682825685626338305661430131153722162800546056491557884343849390, 11047026873599754767201073402015021095871645914267867879630620883778006550845633083762293437264543114244167611, 46397512869118970022244508288463088602660912839925045094448607711867627513551658951801632436511081079825504140, 194869554050299674093426934811544972131175833927685189396684152389844035556916967597566856233346540535267117563, 818452127011258631192393126208488882950938502496277795466073440037344949339051263909780796180055470248121893940, 3437498933447286251008051130075653308393941710484366740957508448156848787224015308421079343956232975042111954725, 14437495520478602254233814746317743895254555184034340312021535482258764906340864295368533244616178495176870210023, 60637481186010129467782021934534524360069131772944229310490449025486812606631630040547839627387949679742854882275, 254677420981242543764684492125045002312290353446365763104059885907044612947852846170300926435029388654919990505735, 1069645168121218683811674866925189009711619484474736205037051520809587374380981953915263891027123432350663960124268, 4492509706109118472009034441085793840788801834793892061155616387400266972400124206444108342313918415872788632522107, 18868540765658297582437944652560334131312967706134346656853588827081121284080521667065255037718457346665712256593032, 79247871215764849846239367540753403351514464365764255958785073073740709393138191001674071158417520855995991477690918, 332841059106212369354205343671164294076360750336209875026897306909710979451180402207031098865353587595183164206302040, 1397932448246091951287662443418890035120715151412081475112968689020786113694957689269530615234485067899769289666468754, 5871316282633586195408182262359338147507003635930742195474468493887301677518822294932028583984837285179031016599168953, 24659528387061062020714365501909220219529415270909117220992767674326667045579053638714520052736316597751930269716509790, 103570019225656460487000335108018724922023544137818292328169624232172001591432025282600984221492529710558107132809341307, 434994080747757134045401407453678644672498885378836827778312421775122406684014506186924133730268624784344049957799233679, 1826975139140579962990685911305450307624495318591114676668912171455514108072860925985081361667128224094245009822756781642, 7673295584390435844560880827482891292022880338082681642009431120113159253906015889137341719001938541195829041255578483088]
len(predicted_full) = 200, len(input_sequence + seq_pred) = 200
is_manual_check: False
