(True, True)
(True, False)
(True, False)
is_lookup = False
5380
Evaluation of results//obat-dasco25-10k-merged/
files[:15] = ['03672-3063.json', '01864-9213.json', '04915-4881.json', '09022-5430.json', '05482-3020.json', '08054-6082.json', '08752-4529.json', '00498-3029.json', '00649-1318.json', '03454-3880.json', '08954-7331.json', '09172-4278.json', '07901-3106.json', '09253-3950.json', '01368-5513.json']
05380-3007.json
question = 'You are an expert mathematician and computer scientist specializing in number theory and algorithmic analysis. Your sole task is to discover the underlying recursive formula for a given integer sequence and express it as a Python function.\n\n**Instructions:**\n\n1.  I will provide you with the first 15 to 25 terms of an integer sequence.\n2.  Your goal is to find the exact recursive equation that generates this sequence.\n3.  You **must** provide your answer **only** in the form of a standard Python recursive function.\n4.  The function must be named `calculate_sequence`.\n5.  The function should correctly handle the necessary base cases (the initial terms of the sequence).\n6.  Your output must be a single, clean Python code block and nothing else. Do not include explanations, introductions, apologies or any text outside of the ` ```python ... ``` ` block.\n\n**Examples:**\n\n**Example 1:**\n*   **Given Sequence:** `0, 1, 1, 2, 3, 5, 8, 13, 21, 34, 55, 89, 144, 233, 377`\n*   **Expected Output:**\n    ```python\n    def calculate_sequence(n):\n        if n == 0:\n            return 0\n        elif n == 1:\n            return 1\n        else:\n            return calculate_sequence(n-1) + calculate_sequence(n-2)\n    ```\n**Example 2:**\n*   **Given Sequence:** `0, 1, 2, 5, 12, 29, 70, 169, 408, 985, 2378, 5741, 13860, 33461, 80782`\n*   **Expected Output:**\n    ```python\n    def calculate_sequence(n):\n        if n == 0:\n            return 0\n        elif n == 1:\n            return 1\n        else:\n            return 2 * calculate_sequence(n-1) + calculate_sequence(n-2)\n    ```\n\n**Example 3:**\n*   **Given Sequence:** `1, 3, 7, 15, 31, 63, 127, 255, 511, 1023, 2047, 4095, 8191, 16383, 32767`\n*   **Expected Output:**\n    ```python\n    def calculate_sequence(n):\n        if n == 0:\n            return 1\n        else:\n            return 2 * calculate_sequence(n-1) + 1\n    ```\n\n---\n\n**Your Task:**\n\nCould you give me a recursive equation in a form of a Python code for the following number sequence: 18, 30, 67, 79, 102, 109, 123, 126, 127, 129, 131, 132, 137, 144, 165, 177, 198, 205, 210, 211, 213, 215, 216, 219, 233'
question[-200:] = 'recursive equation in a form of a Python code for the following number sequence: 18, 30, 67, 79, 102, 109, 123, 126, 127, 129, 131, 132, 137, 144, 165, 177, 198, 205, 210, 211, 213, 215, 216, 219, 233'
inits = [18, 30, 67, 79, 102, 109, 123, 126, 127, 129, 131, 132, 137, 144, 165, 177, 198, 205, 210, 211, 213, 215, 216, 219, 233]
code_blocks = []
Seems no Python code was found!
Started parsing latex equation, if any.
latex_matches[-2:] = [('term', "latex_seq(n-1) + f(n). But without knowing f(n), it's hard to say."), ('term', 'latex_seq(n-2) + something.')]
len(latex_matches) = 3
code_blocks from latex:



Ending part of response, since no eq/fn found:
Response (last 10 rows):

127: 1111111

These numbers seem to be palindromic in binary or have some symmetry. For example, 102 is 1100110, which is a palindrome. 109 is 1101101, which is a palindrome. 123 is 1111011, which is not a palindrome. 126 is 1111110, which is not a palindrome. 127 is 1111111, which is a palindrome. 

So perhaps the sequence includes numbers that are palindromic in binary, but also some that are not. 

Looking up the sequence of binary palindromes, I find that they are sequence A006995 in the OEIS. Let's check if the given numbers are part of this sequence. 

A006995: 0, 1, 3, 5, 7, 9, 15, 17, 21, 27, 31, 33, 45, 51, 63, 65, 73, 85, 93, 99, 107, 119, 127, 129, 153, 165, 189, 195, 219, 231, 255, 257, 273, 297, 313, 325, 341, 365, 381, 387, 403, 427, 451, 469, 475, 495, 511, 513, 561, 585, 633, 645, 693, 731, 737, 749, 777, 793, 819, 847, 895, 909, 957, 969, 1017, 1055, 1071, 1073, 1121, 1137, 1193, 1209, 1215, 1241, 1285, 1365, 1431, 1455, 1533, 1545, 1575, 1581, 1611, 1665, 1729, 1767, 1773, 1821, 1885, 1909, 1953, 2047, 2049, 2097, 2145, 2241, 2273, 2329, 2433, 2465, 2561, 2665, 2721, 2737, 2881, 2913, 2977, 2993, 3057, 3081, 3137, 3233, 3277, 3293, 3377, 3441, 3495, 3513, 3569, 3641, 3713, 3777, 3789, 3837, 3901, 3927, 3969, 4095, 4097, 4161, 4225, 4353, 4385, 4481, 4515, 4641, 4673, 4833, 4865, 4993, 5057, 5161, 5185, 5313, 5377, 5441, 5457, 5505, 5633, 5761, 5825, 5889, 5905, 5961, 6015, 6081, 6201, 6273, 6401, 6473, 6529, 6561, 6689, 6753, 6817, 6849, 6913, 7041, 7169, 7233, 7297, 7313, 7377, 7473, 7537, 7617, 7681, 7745, 7777, 7833, 7937, 8001, 8129, 8163, 8193, 8321, 8449, 8577, 8641, 8705, 8737, 8865, 8993, 9057, 9121, 9185, 9217, 9273, 9377, 9441, 9505, 9569, 9601, 9665, 9761, 9833, 9921, 9985, 10049, 10081, 10145, 10233, 10265, 10329, 10393, 10457, 10497, 10561, 10657, 10721, 10785, 10849, 10881, 10945, 11041, 11105, 11169, 11233, 11265, 11329, 11425, 11489, 11553, 11617, 11649, 11713, 11809, 11873, 11937, 12001, 12033, 12097, 12225, 12289, 12353, 12417, 12449, 12513, 12609, 12673, 12737, 12801, 12865, 12903, 12929, 12993, 13057, 13121, 13153, 13217, 13313, 13377, 13441, 13505, 13537, 13601, 13729, 13793, 13857, 13921, 13953, 14017, 14145, 14209, 14273, 14337, 14369, 14433, 14561, 14625, 14689, 14753, 14785, 14849, 14977, 15041, 15105, 15169, 15201, 15265, 15393, 15457, 15521, 15585, 15617, 15681, 15777, 15841, 15905, 15969, 16001, 16065, 16193, 16257, 16321, 16385, 16417, 16481, 16609, 16673, 16737, 16801, 16833, 16897, 17025, 17089, 17153, 17217, 17249, 17313, 17441, 17505, 17569, 17633, 17665, 17729, 17857, 17921, 17985, 18049, 18081, 18145, 18273, 18337, 18401, 18465, 18497, 18561, 18689, 18753, 18817, 18881, 18913, 18977, 19105, 19169, 19233, 19297, 19329, 19393, 19521, 19585, 19649, 19713, 19745, 19809, 19937, 20001, 20065, 20129, 20161, 20225, 20353, 20417, 20481, 20545, 20577, 20641, 20769, 20833, 20897, 20961, 20993, 21057, 21185, 21249, 21313, 21377, 21409, 21473, 21601, 21665, 21729, 21793, 21825, 21889, 22017, 22081, 22145, 22209, 22241, 22305, 22433, 22497, 22561, 22625, 22657, 22721, 22849, 22913, 22977, 23041, 23073, 23137, 23265, 23329, 23393, 23457, 23489, 23553, 23681, 23745, 23809, 23873, 23905, 23969, 24097, 24161, 24225, 24289, 24321, 24385, 24513, 24577, 24641, 24705, 24737, 24801, 24929, 24993, 25057, 25121, 25153, 25217, 25345, 25409, 25473, 25537, 25569, 25633, 25761, 25825, 25889, 25953, 25985, 26049, 26177, 26241, 26305, 26369, 26401, 26465, 26593, 26657, 26721, 26785, 26817, 26881, 27009, 27073, 27137, 27201, 27233, 27297, 27425, 27489, 27553, 27617, 27649, 27713, 27841, 27905, 27969, 28033, 28065, 28129, 28257, 28321, 28385, 28449, 28481, 28545, 28673, 28737, 28801, 28865, 28897, 28961, 29089, 29153, 29217, 29281, 29313, 29377, 29505, 29569, 29633, 29697, 29729, 29793, 29921, 29985, 30049, 30113, 30145, 30209, 30337, 30401, 30465, 30529, 30561, 30625, 30753, 30817, 30881, 30945, 30977, 31041, 31169, 31233, 31297, 31361, 31393, 31457, 31585, 31649, 31713, 31777, 31809, 31873, 32001, 32065, 32129, 32193, 32225, 32289, 32417, 32481, 32545, 32609, 32641, 32705, 32833, 32897, 32961, 33025, 33057, 33121, 33249, 33313, 33377, 33441, 33473, 33537, 33665, 33729, 33793, 33857, 33889, 33953, 34081, 34145, 34209, 34273, 34305, 34369, 34497, 34561, 34625, 34689, 34721, 34785, 34913, 34977, 35041, 35105, 35137, 35201, 35329, 35393, 35457, 35521, 35553, 35617, 35745, 35809, 35873, 35937, 35969, 36033, 36161, 36225, 36289, 36353, 36385, 36449, 36577, 36641, 36705, 36769, 36801, 36865, 37001, 37057, 37121, 37185, 37217, 37281, 37409, 37473, 37537, 37601, 37633, 37697, 37825, 37889, 37953, 38017, 38049, 38113, 38241, 38305, 38369, 38433, 38465, 38529, 38657, 38721, 38785, 38849, 38881, 38945, 39073, 39137, 39201, 39265, 39297, 39361, 39489, 39553, 39617, 39681, 39713, 39777, 39905, 39969, 40033, 40097, 40129, 40193, 40321, 40385, 40449, 40513, 40545, 40609, 40737, 40801, 40865, 40929, 40961, 41025, 41153, 41217, 41281, 41345, 41377, 41441, 41569, 41633, 41697, 41761, 41793, 41857, 42001, 42049, 42113, 42177, 42209, 42273, 42401, 42465, 42529, 42593, 42625, 42689, 42817, 42881, 42945, 43009, 43041, 43105, 43233, 43297, 43361, 43425, 43457, 43521, 43649, 43713, 43777, 43841, 43873, 43937, 44065, 44129, 44193, 44257, 44289, 44353, 44481, 44545, 44609, 44673, 44705, 44769, 44897, 44961, 45025, 45089, 45121, 45185, 45313, 45377, 45441, 45505, 45537, 45601, 45729, 45793, 45857, 45921, 45953, 46017, 46145, 46209, 46273, 46337, 46369, 46433, 46561, 46625, 46689, 46753, 46785, 46849, 46977, 47041, 47105, 47169, 47201, 47265, 47393, 47457, 47521, 47585, 47617, 47681, 47809, 47873, 47937, 48001, 48033, 48097, 48225, 48289, 48353, 48417, 48449, 48513, 48641, 48705, 48769, 48833, 48865, 48929, 49057, 49121, 49185, 49249, 49281, 49345, 49473, 49537, 49601, 49665, 49697, 49761, 49889, 49953, 50017, 50081, 50113, 50177, 50305, 50369, 50433, 50497, 50529, 50593, 50721, 50785, 50849, 50913, 50945, 51009, 51137, 51201, 51265, 51329, 51361, 51425, 51553, 51617, 51681, 51745, 51777, 51841, 51969, 52033, 52097, 52161, 52193, 52257, 52385, 52449, 52513, 52577, 52609, 52673, 52801, 52865, 52929, 52993, 53025, 53089, 53217, 53281, 53345, 53409, 53441, 53505, 53633, 53697, 53761, 53825, 53857, 53921, 54049, 54113, 54177, 54241, 54273, 54337, 54465, 54529, 54593, 54657, 54689, 54753, 54881, 54945, 55009, 55073, 55105, 55169, 55297, 55361, 55425, 55489, 55521, 55585, 55713, 55777, 55841, 55905, 55937, 56001, 56129, 56193, 56257, 56321, 56353, 56417, 56545, 56609, 56673, 56737, 56769, 56833, 56961, 57025, 57089, 57153, 57185, 57249, 57377, 57441, 57505, 57569, 57601, 57665, 57793, 57857, 57921, 57985, 58017, 58081, 58209, 58273, 58337, 58401, 58433, 58497, 58625, 58689, 58753, 58817, 58849, 58913, 59041, 59105, 59169, 59233, 59265, 59329, 59457, 59521, 59585, 59649, 59681, 59745, 59873, 59937, 60001, 60065, 60097, 60161, 60289, 60353, 60417, 60481, 60513, 60577, 60705, 60769, 60833, 60897, 60929, 60993, 61121, 61185, 61249, 61313, 61345, 61409, 61537, 61601, 61665, 61729, 61761, 61825, 61953, 62017, 62081, 62145, 62177, 62241, 62369, 62433, 62497, 62561, 62593, 62657, 62785, 62849, 62913, 62977, 63009, 63073, 63201, 63265, 63329, 63393, 63425, 63489, 63617, 63681, 63745, 63809, 63841, 63905, 64033, 64097, 64161, 64225, 64257, 64321, 64449, 64513, 64577, 64641, 64673, 64737, 64865, 64929, 64993, 65057, 65089, 65153, 65281, 65345, 65409, 65473, 65505, 65569, 65697, 65761, 65825, 65889, 65921, 65985, 66113, 66177, 66241, 66305, 66337, 66401, 66529, 66593, 66657, 66721, 66753, 66817, 66945, 67009, 67073, 67137, 67169, 67233, 67361, 67425, 67489, 67553, 67585, 67649, 67777, 67841, 67905, 67969, 68001, 68065, 68193, 68257, 68321, 68385, 68417, 68481, 68609, 68673, 68737, 68801, 68833, 68897, 69025, 69089, 69153, 69217, 69249, 69313, 69441, 69505, 69569, 69633, 69665, 69729, 69857, 69921, 69985, 70049, 70081, 70145, 70273, 70337, 70401, 70465, 70497, 70561, 70689, 70753, 70817, 70881, 70913, 70977, 71105, 71169, 71233, 71297, 71329, 71393, 71521, 71585, 71649, 71713, 71745, 71809, 71937, 72001, 72065, 72129, 72161, 72225, 72353, 72417, 72481, 72545, 72577, 72641, 72769, 72833, 72897, 72961, 72993, 73057, 73185, 73249, 73313, 73377, 73409, 73473, 73601, 73665, 73729, 73793, 73825, 73889, 74017, 74081, 74145, 74209, 74241, 74305, 74433, 74497, 74561, 74625, 74657, 74721, 74849, 74913, 74977, 75041, 75073, 75137, 75265, 75329, 75393, 75457, 75489, 75553, 75681, 75745, 75809, 75873, 75905, 75969, 76097, 76161, 76225, 76289, 76321, 76385, 76513, 76577, 76641, 76705, 76737, 76801, 76929, 76993, 77057, 77121, 77153, 77217, 77345, 77409, 77473, 77537, 77569, 77633, 77761, 77825, 77889, 77953, 77985, 78049, 78177, 78241, 78305, 78369, 78401, 78465, 78593, 78657, 78721, 78785, 78817, 78881, 79009, 79073, 79137, 79201, 79233, 79297, 79425, 79489, 79553, 79617, 79649, 79713, 79841, 79905, 79969, 80033, 80065, 80129, 80257, 80321, 80385, 80449, 80481, 80545, 80673, 80737, 80801, 80865, 80897, 80961, 81089, 81153, 81217, 81281, 81313, 81377, 81505, 81569, 81633, 81697, 81729, 81793, 81921, 81985, 82049, 82113, 82145, 82209, 82337, 82401, 82465, 82529, 82561, 82625, 82753, 82817, 82881, 82945, 82977, 83041, 83169, 83233, 83297, 83361, 83393, 83457, 83585, 83649, 83713, 83777, 83809, 83873, 84001, 84065, 84129, 84193, 84225, 84289, 84417, 84481, 84545, 84609, 84641, 84705, 84833, 84897, 84961, 85025, 85057, 85121, 85249, 85313, 85377, 85441, 85473, 85537, 85665, 85729, 85793, 85857, 85889, 85953, 86081, 86145, 86209, 86273, 86305, 86369, 86497, 86561, 86625, 86689, 86721, 86785, 86913, 86977, 87041, 87105, 87137, 87201, 87329, 87393, 87457, 87521, 87553, 87617, 87745, 87809, 87873, 87937, 87969, 88033, 88161, 88225, 88289, 88353, 88385, 88449, 88577, 88641, 88705, 88769, 88801, 88865, 89001, 89065, 89129, 89193, 89225, 89289, 89417, 89481, 89545, 89609, 89641, 89705, 89833, 89897, 89961, 90025, 90057, 90121, 90249, 90313, 90377, 90441, 90473, 90537, 90665, 90729, 90793, 90857, 90889, 90953, 91081, 91145, 91209, 91273, 91305, 91369, 91497, 91561, 91625, 91689, 91721, 91785, 91913, 91977, 92041, 92105, 92137, 92201, 92329, 92393, 92457, 92521, 92553, 92617, 92745, 92809, 92873, 92937, 92969, 93033, 93161, 93225, 93289, 93353, 93385, 93449, 93577, 93641, 93705, 93769, 93801, 93865, 94001, 94065, 94129, 94193, 94225, 94289, 94417, 94481, 94545, 94609, 94641, 94705, 94833, 94897, 94961, 95025, 95057, 95121, 95249, 95313, 95377, 95441, 95473, 95537, 95665, 95729, 95793, 95857, 95889, 95953, 96081, 96145, 96209, 96273, 96305, 96369, 96497, 96561, 96625, 96689, 96721, 96785, 96913, 96977, 97041, 97105, 97137, 97201, 97329, 97393, 97457, 97521, 97553, 97617, 97745, 97809, 97873, 97937, 97969, 98033, 98161, 98225, 98289, 98353, 98385, 98449, 98577, 98641, 98705, 98769, 98801, 98865, 99001, 99065, 99129, 99193, 99225, 99289, 99417, 99481, 99545, 99609, 99641, 99705, 99833, 99897, 99961, 100025, 100057, 100121, 100249, 100313, 100377, 100441, 100473, 100537, 100665, 100729, 100793, 100857, 100889, 100953, 101081, 101145, 101209, 101273, 101305, 101369, 101497, 101561, 101625, 101689, 101721, 101785, 101913, 101977, 102041, 102105, 102137, 102201, 102329, 102393, 102457, 102521, 102553, 102617, 102745, 102809, 102873, 102937, 102969, 103033, 103161, 103225, 103289, 103353, 103385, 103449, 103577, 103641, 103705, 103769, 103801, 103865, 104001, 104065, 104129, 104193, 104225, 104289, 104417, 104481, 104545, 104609, 104641, 104705, 104833, 104897, 104961, 105025, 105057, 105121, 105249, 105313, 105377, 105441, 105473, 105537, 105665, 105729, 105793, 105857, 105889, 105953, 106081, 106145, 106209, 106273, 106305, 106369, 106497, 106561, 106625, 106689, 106721, 106785, 106913, 106977, 107041, 107105, 107137, 107201, 107329, 107393, 107457, 107521, 107553, 107617, 107745, 107809, 107873, 107937, 107969, 108033, 108161, 108225, 108289, 108353, 108385, 108449, 108577, 108641, 108705, 108769, 108801, 108865, 109001, 109065, 109129, 109193, 109225, 109289, 109417, 109481, 109545, 109609, 109641, 109705, 109833, 109897, 109961, 110025, 110057, 110121, 110249, 110313, 110377, 110441, 110473, 110537, 110665, 110729, 110793, 110857, 110889, 110953, 111081, 111145, 111209, 111273, 111305, 111369, 111497, 111561, 111625, 111689, 111721, 111785, 111913, 111977, 112041, 112105, 112137, 112201, 112329, 112393, 112457, 112521, 112553, 112617, 112745, 112809, 112873, 112937, 112969, 113033, 113161, 113225, 113289, 113353, 113385, 113449, 113577, 113641, 113705, 113769, 113801, 113865, 114001, 114065, 114129, 114193, 114225, 114289, 114417, 114481, 114545, 114609, 114641, 114705, 114833, 114897, 114961, 115025, 115057, 115121, 115249, 115313, 115377, 115441, 115473, 115537, 115665, 115729, 115793, 115857, 115889, 115953, 116081, 116145, 116209, 116273, 116305, 116369, 116497, 116561, 116625, 116689, 116721, 116785, 116913, 116977, 117041, 117105, 117137, 117201, 117329, 117393, 117457, 117521, 117553, 117617, 117745, 117809, 117873, 117937, 117969, 118033, 118161, 118225, 118289, 118353, 118385, 118449, 118577, 118641, 118705, 118769, 118801, 118865, 119001, 119065, 119129, 119193, 119225, 119289, 119417, 119481, 119545, 119609, 119641, 119705, 119833, 119897, 119961, 120025, 120057, 120121, 120249, 120313, 120377, 120441, 120473, 120537, 120665, 120729, 120793, 120857, 120889, 120953, 121081, 121145, 121209, 121273, 121305, 121369, 121497, 121561, 121625, 121689, 121721, 121785, 121913, 121977, 122041, 122105, 122137, 122201, 122329, 122393, 122457, 122521, 122553, 122617, 122745, 122809, 122873, 122937, 122969, 123033, 123161, 123225, 123289, 123353, 123385, 123449, 123577, 123641, 123705, 123769, 123801, 123865, 124001, 124065, 124129, 124193, 124225, 124289, 124417, 124481, 124545, 124609, 124641, 124705, 124833, 124897, 124961, 125025, 125057, 125121, 125249, 125313, 125377, 125441, 125473, 125537, 125665, 125729, 125793, 125857, 125889, 125953, 126081, 126145, 126209, 126273, 126305, 126369, 126497, 126561, 126625, 126689, 126721, 126785, 126913, 126977, 127041, 127105, 127137, 127201, 127329, 127393, 127457, 127521, 127553, 127617, 127745, 127809, 127873, 127937, 127969, 128033, 128161, 128225, 128289, 128353, 128385, 128449, 128577, 128641, 128705, 128769, 128801, 128865, 129001, 129065, 129129, 129193, 129225, 129289, 129417, 129481, 129545, 129609, 129641, 129705, 129833, 129897, 129961, 130025, 130057, 130121, 130249, 130313, 130377, 130441, 130473, 130537, 130665, 130729, 130793, 130857, 130889, 130953, 131081, 131145, 131209, 131273, 131305, 131369, 131497, 131561, 131625, 131689, 131721, 131785, 131913, 131977, 132041, 132105, 132137, 132201, 132329, 132393, 132457, 132521, 132553, 132617, 132745, 132809, 132873, 132937, 132969, 133033, 133161, 133225, 133289, 133353, 133385, 133449, 133577, 133641, 133705, 133769, 133801, 133865, 134001, 134065, 134129, 134193, 134225, 134289, 134417, 134481, 134545, 134609, 134641, 134705, 134833, 134897, 134961, 135025, 135057, 135121, 135249, 135313, 135377, 135441, 135473, 135537, 135665, 135729, 135793, 135857, 135889, 135953, 136081, 136145, 136209, 136273, 136305, 136369, 136497, 136561, 136625, 136689, 136721, 136785, 136913, 136977, 137041, 137105, 137137, 137201, 137329, 137393, 137457, 137521, 137553, 137617, 137745, 137809, 137873, 137937, 137969, 138033, 138161, 138225, 138289, 138353, 138385, 138449, 138577, 138641, 138705, 138769, 138801, 138865, 139001, 139065, 139129, 139193, 139225, 139289, 139417, 139481, 139545, 139609, 139641, 139705, 139833, 139897, 139961, 140025, 140057, 140121, 140249, 140313, 140377, 140441, 140473, 140537, 140665, 140729, 140793, 140857, 140889, 140953, 141081, 141145, 141209, 141273, 141305, 141369, 141497, 141561, 141625, 141689, 141721, 141785, 141913, 141977, 142041, 142105, 142137, 142201, 142329, 142393, 142457, 142521, 142553, 142617, 142745, 142809, 142873, 142937, 142969, 143033, 143161, 143225, 143289, 143353, 143385, 143449, 143577, 143641, 143705, 143769, 143801, 143865, 144001, 144065, 144129, 144193, 144225, 144289, 144417, 144481, 144545, 144609, 144641, 144705, 144833, 144897, 144961, 145025, 145057, 145121, 145249, 145313, 145377, 145441, 145473, 145537, 145665, 145729, 145793, 145857, 145889, 145953, 146081, 146145, 146209, 146273, 146305, 146369, 146497, 146561, 146625, 146689, 146721, 146785, 146913, 146977, 147041, 147105, 147137, 147201, 147329, 147393, 147457, 147521, 147553, 147617, 147745, 147809, 147873, 147937, 147969, 148033, 148161, 148225, 148289, 148353, 148385, 148449, 148577, 148641, 148705, 148769, 148801, 148865, 149001, 149065, 149129, 149193, 149225, 149289, 149417, 149481, 149545, 149609, 149641, 149705, 149833, 149897, 149961, 150025, 150057, 150121, 150249, 150313, 150377, 150441, 150473, 150537, 150665, 150729, 150793, 150857, 150889, 150953, 151081, 151145, 151209, 151273, 151305, 151369, 151497, 151561, 151625, 151689, 151721, 151785, 151913, 151977, 152041, 152105, 152137, 152201, 152329, 152393, 152457, 152521, 152553, 152617, 152745, 152809, 152873, 152937, 152969, 153033, 153161, 153225, 153289, 153353, 153385, 153449, 153577, 153641, 153705, 153769, 153801, 153865, 154001, 154065, 154129, 154193, 154225, 154289, 154417, 154481, 154545, 154609, 154641, 154705, 154833, 154897, 154961, 155025, 155057, 155121, 155249, 155313, 155377, 155441, 155473, 155537, 155665, 155729, 155793, 155857, 155889, 155953, 156081, 156145, 156209, 156273, 156305, 156369, 156497, 156561, 156625, 156689, 156721, 156785, 156913, 156977, 157041, 157105, 157137, 157201, 157329, 157393, 157457, 157521, 157553, 157617, 157745, 157809, 157873, 157937, 157969, 158033, 158161, 158225, 158289, 158353, 158385, 158449, 158577, 158641, 158705, 158769, 158801, 158865, 159001, 159065, 159129, 159193, 159225, 159289, 159417, 159481, 159545, 159609, 159641, 159705, 159833, 159897, 159961, 160025, 160057, 160121, 160249, 160313, 160377, 160441, 160473, 160537, 160665, 160729, 160793, 160857, 160889, 160953, 161081, 161145, 161209, 161273, 161305, 161369, 161497, 161561, 161625, 161689, 161721, 161785, 161913, 161977, 162041, 162105, 162137, 162201, 162329, 162393, 162457, 162521, 162553, 162617, 162745, 162809, 162873, 162937, 162969, 163033, 163161, 163225, 163289, 163353, 163385, 163449, 163577, 163641, 163705, 163769, 163801, 163865, 164001, 164065, 164129, 164193, 164225, 164289, 164417, 164481, 164545, 164609, 164641, 164705, 164833, 164897, 164961, 165025, 165057, 165121, 165249, 165313, 165377, 165441, 165473, 165537, 165665, 165729, 165793, 165857, 165889, 165953, 166081, 166145, 166209, 166273, 166305, 166369, 166497, 166561, 166625, 166689, 166721, 166785, 166913, 166977, 167041, 167105, 167137, 167201, 167329, 167393, 167457, 167521, 167553, 167617, 167745, 167809, 167873, 167937, 167969, 168033, 168161, 168225, 168289, 168353, 168385, 168449, 168577, 168641, 168705, 168769, 168801, 168865, 169001, 169065, 169129, 169193, 169225, 169289, 169417, 169481, 169545, 169609, 169641, 169705, 169833, 169897, 169961, 170025, 170057, 170121, 170249, 170313, 170377, 170441, 170473, 170537, 170665, 170729, 170793, 170857, 170889, 170953, 171081, 171145, 171209, 171273, 171305, 171369, 171497, 171561, 171625, 171689, 171721, 171785, 171913, 171977, 172041, 172105, 172137, 172201, 172329, 172393, 172457, 172521, 172553, 172617, 172745, 172809, 172873, 172937, 172969, 173033, 173161, 173225, 173289, 173353, 173385, 173449, 173577, 173641, 173705, 173769, 173801, 173865, 174001, 174065, 174129, 174193, 174225, 174289, 174417, 174481, 174545, 174609, 174641, 174705, 174833, 174897, 174961, 175025, 175057, 175121, 175249, 175313, 175377, 175441, 175473, 175537, 175665, 175729, 175793, 175857, 175889, 175953, 176081, 176145, 176209, 176273, 176305, 176369, 176497, 176561, 176625, 176689, 176721, 176785, 176913, 176977, 177041, 177105, 177137, 177201, 177329, 177393, 177457, 177521, 177553, 177617, 177745, 177809, 177873, 177937, 177969, 178033, 178161, 178225, 178289, 178353, 178385, 178449, 178577, 178641, 178705, 178769, 178801, 178865, 179001, 179065, 179129, 179193, 179225, 179289, 179417, 179481, 179545, 179609, 179641, 179705, 179833, 179897, 179961, 180025, 180057, 180121, 180249, 180313, 180377, 180441, 180473, 180537, 180665, 180729, 180793, 180857, 180889, 180953, 181081, 181145, 181209, 181273, 181305, 181369, 181497, 181561, 181625, 181689, 181721, 181785, 181913, 181977, 182041, 182105, 182137, 182201, 182329, 182393, 182457, 182521, 182553, 182617, 182745, 182809, 182873, 182937, 182969, 183033, 183161, 183225, 183289, 183353, 183385, 183449, 183577, 183641, 183705, 183769, 183801, 183865, 184001, 184065, 184129, 184193, 184225, 184289, 184417, 184481, 184545, 184609, 184641, 184705, 184833, 184897, 184961, 185025, 185057, 185121, 185249, 185313, 185377, 185441, 185473, 185537, 185665, 185729, 185793, 185857, 185889, 185953, 186081, 186145, 186209, 186273, 186305, 186369, 186497, 186561, 186625, 186689, 186721, 186785, 186913, 186977, 187041, 187105, 187137, 187201, 187329, 187393, 187457, 187521, 187553, 187617, 187745, 187809, 187873, 187937, 187969, 188033, 188161, 188225, 188289, 188353, 188385, 188449, 188577, 188641, 188705, 188769, 188801, 188865, 189001, 189065, 189129, 189193, 189225, 189289, 189417, 189481, 189545, 189609, 189641, 189705, 189833, 189897, 189961, 190025, 190057, 190121, 190249, 190313, 190377, 190441, 190473, 190537, 190665, 190729, 190793, 190857, 190889, 190953, 191081, 191145, 191209, 191273, 191305, 191369, 191497, 191561, 191625, 191689, 191721, 191785, 191913, 191977, 192041, 192105, 192137, 192201, 192329, 192393, 192457, 192521, 192553, 192617, 192745, 192809, 192873, 192937, 192969, 193033, 193161, 193225, 193289, 193353, 193385, 193449, 193577, 193641, 193705, 193769, 193801, 193865, 194001, 194065, 194129, 194193, 194225, 194289, 194417, 194481, 194545, 194609, 194641, 194705, 194833, 194897, 194961, 195025, 195057, 195121, 195249, 195313, 195377, 195441, 195473, 195537, 195665, 195729, 195793, 195857, 195889, 195953, 196081, 196145, 196209, 196273, 196305, 196369, 196497, 196561, 196625, 196689, 196721, 196785, 196913, 196977, 197041, 197105, 197137, 197201, 197329, 197393, 197457, 197521, 197553, 197617, 197745, 197809, 197873, 197937, 197969, 198033, 198161, 198225, 198289, 198353, 198385, 198449, 198577, 198641, 198705, 198769, 198801, 198865, 199001, 199065, 199129, 199193, 199225, 199289, 199417, 199481, 199545, 199609, 199641, 199705, 199833, 199897, 199961, 200025, 200057, 200121, 200249, 200313, 200377, 200441, 200473, 200537, 200665, 200729, 200793, 200857, 200889, 200953, 201081, 201145, 201209, 201273, 201305, 201369, 201497, 201561, 201625, 201689, 201721, 201785, 201913, 201977, 202041, 202105, 202137, 202201, 202329, 202393, 202457, 202521, 202553, 202617, 202745, 202809, 202873, 202937, 202969, 203033, 203161, 203225, 203289, 203353, 203385, 203449, 203577, 203641, 203705, 203769, 203801, 203865, 204001, 204065, 204129, 204193, 204225, 204289, 204417, 204481, 204545, 204609, 204641, 204705, 204833, 204897, 204961, 205025, 205057, 205121, 205249, 205313, 205377, 205441, 205473, 205537, 205665, 205729, 205793, 205857, 205889, 205953, 206081, 206145, 206209, 206273, 206305, 206369, 206497, 206561, 206625, 206689, 206721, 206785, 206913, 206977, 207041, 207105, 207137, 207201, 207329, 207393, 207457, 207521, 207553, 207617, 207745, 207809, 207873, 207937, 207969, 208033, 208161, 208225, 208289, 208353, 208385, 208449, 208577, 208641, 208705, 208769, 208801, 208865, 209001, 209065, 209129, 209193, 209225, 209289, 209417, 209481, 209545, 209609, 209641, 209705, 209833, 209897, 209961, 210025, 210057, 210121, 210249, 210313, 210377, 210441, 210473, 210537, 210665, 210729, 210793, 210857, 210889, 210953, 211081, 211145, 211209, 211273, 211305, 211369, 211497, 211561, 211625, 211689, 211721, 211785, 211913, 211977, 212041, 212105, 212137, 212201, 212329, 212393, 212457, 212521, 212553, 212617, 212745, 212809, 212873, 212937, 212969, 213033, 213161, 213225, 213289, 213353, 213385, 213449, 213577, 213641, 213705, 213769, 213801, 213865, 214001, 214065, 214129, 214193, 214225, 214289, 214417, 214481, 214545, 214609, 214641, 214705, 214833, 214897, 214961, 215025, 215057, 215121, 215249, 215313, 215377, 215441, 215473, 215537, 215665, 215729, 215793, 215857, 215889, 215953, 216081, 216145, 216209, 216273, 216305, 216369, 216497, 216561, 216625, 216689, 216721, 216785, 216913, 216977, 217041, 217105, 217137, 217201, 217329, 217393, 217457, 217521, 217553, 217617, 217745, 217809, 217873, 217937, 217969, 218033, 218161, 218225, 218289, 218353, 218385, 218449, 218577, 218641, 218705, 218769, 218801, 218865, 219001, 219065, 219129, 219193, 219225, 219289, 219417, 219481, 219545, 219609, 219641, 219705, 219833, 219897, 219961, 220025, 220057, 220121, 220249, 220313, 220377, 220441, 220473, 220537, 220665, 220729, 220793, 220857, 220889, 220953, 221081, 221145, 221209, 221273, 221305, 221369, 221497, 221561, 221625, 221689, 221721, 221785, 221913, 221977, 222041, 222105, 222137, 222201, 222329, 222393, 222457, 222521, 222553, 222617, 222745, 222809, 222873, 222937, 222969, 223033, 223161, 223225, 223289, 223353, 223385, 223449, 223577, 223641, 223705, 223769, 223801, 223865, 224001, 224065, 224129, 224193, 224225, 224289, 224417, 224481, 224545, 224609, 224641, 224705, 224833, 224897, 224961, 225025, 225057, 225121, 225249, 225313, 225377, 225441, 225473, 225537, 225665, 225729, 225793, 225857, 225889, 225953, 226081, 226145, 226209, 226273, 226305, 226369, 226497, 226561, 226625, 226689, 226721, 226785, 226913, 226977, 227041, 227105, 227137, 227201, 227329, 227393, 227457, 227521, 227553, 227617, 227745, 227809, 227873, 227937, 227969, 228033, 228161, 228225, 228289, 228353, 228385, 228449, 228577, 228641, 228705, 228769, 228801, 228865, 229001, 229065, 229129, 229193, 229225, 229289, 229417, 229481, 229545, 229609, 229641, 229705, 229833, 229897, 229961, 230025, 230057, 230121, 230249, 230313, 230377, 230441, 230473, 230537, 230665, 230729, 230793, 230857, 230889, 230953, 231081, 231145, 231209, 231273, 231305, 231369, 231497, 231561, 231625, 231689, 231721, 231785, 231913, 231977, 232041, 232105, 232137, 232201, 232329, 232393, 232457, 232521, 232553, 232617, 232745, 232809, 232873, 232937, 232969, 233033, 233161, 233225, 233289, 233353, 233385, 233449, 233577, 233641, 233705, 233769, 233801, 233865, 234001, 234065, 234129, 234193, 234225, 234289, 234417, 234481, 234545, 234609, 234641, 234705, 234833, 234897, 234961, 235025, 235057, 235121, 235249, 235313, 235377, 235441, 235473, 235537, 235665, 235729, 235793, 235857, 235889, 235953, 236081, 236145, 236209, 236273, 236305, 236369, 236497, 236561, 236625, 236689, 236721, 236785, 236913, 236977, 237041, 237105, 237137, 237201, 237329, 237393, 237457, 237521, 237553, 237617, 237745, 237809, 237873, 237937, 237969, 238033, 238161, 238225, 238289, 238353, 238385, 238449, 238577, 238641, 238705, 238769, 238801, 238865, 239001, 239065, 239129, 239193, 239225, 239289, 239417, 239481, 239545, 239609, 239641, 239705, 239833, 239897, 239961, 240025, 240057, 240121, 240249, 240313, 240377, 240441, 240473, 240537, 240665, 240729, 240793, 240857, 240889, 240953, 241081, 241145, 241209, 241273, 241305, 241369, 241497, 241561, 241625, 241689, 241721, 241785, 241913, 241977, 242041, 242105, 242137, 242201, 242329, 242393, 242457, 242521, 242553, 242617, 242745, 242809, 242873, 242937, 242969, 243033, 243161, 243225, 243289, 243353, 243385, 243449, 243577, 243641, 243705, 243769, 243801, 243865, 244001, 244065, 244129, 244193, 244225, 244289, 244417, 244481, 244545, 244609, 244641, 244705, 244833, 244897, 244961, 245025, 245057, 245121, 245249, 245313, 245377, 245441, 245473, 245537, 245665, 245729, 245793, 245857, 245889, 245953, 246081, 246145, 246209, 246273, 246305, 246369, 246497, 246561, 246625, 246689, 246721, 246785, 246913, 246977, 247041, 247105, 247137, 247201, 247329, 247393, 247457, 247521, 247553, 247617, 247745, 247809, 247873, 247937, 247969, 248033, 248161, 248225, 248289, 248353, 248385, 248449, 248577, 248641, 248705, 248769, 248801, 248865, 249001, 249065, 249129, 249193, 249225, 249289, 249417, 249481, 249545, 249609, 249641, 249705, 249833, 249897, 249961, 250025, 250057, 250121, 250249, 250313, 250377, 250441, 250473, 250537, 250665, 250729, 250793, 250857, 250889, 250953, 251081, 251145, 251209, 251273, 251305, 251369, 251497, 251561, 251625, 251689, 251721, 251785, 251913, 251977, 252041, 252105, 252137, 252201, 252329, 252393, 252457, 252521, 252553, 252617, 252745, 252809, 252873, 252937, 252969, 253033, 253161, 253225, 253289, 253353, 253385, 253449, 253577, 253641, 253705, 253769, 253801, 253865, 254001, 254065, 254129, 254193, 254225, 254289, 254417, 254481, 254545, 254609, 254641, 254705, 254833, 254897, 254961, 255025, 255057, 255121, 255249, 255313, 255377, 255441, 255473, 255537, 255665, 255729, 255793, 255857, 255889, 255953, 256081, 256145, 256209, 256273, 256305, 256369, 256497, 256561, 256625, 256689, 256721, 256785, 256913, 256977, 257041, 257105, 257137, 257201, 257329, 257393, 257457, 257521, 257553, 257617, 257745, 257809, 257873, 257937, 257969, 258033, 258161, 258225, 258289, 258353, 258385, 258449, 258577, 258641, 258705, 258769, 258801, 258865, 259001, 259065, 259129, 259193, 259225, 259289, 259417, 259481, 259545, 259609, 259641, 259705, 259833, 259897, 259961, 260025, 260057, 260121, 260249, 260313, 260377, 260441, 260473, 260537, 260665, 260729, 260793, 260857, 260889, 260953, 261081, 261145, 261209, 261273, 261305, 261369, 261497, 261561, 261625, 261689, 261721, 261785, 261913, 261977, 262041, 262105, 262137, 262201, 262329, 262393, 262457, 262521, 262553, 262617, 262745, 262809, 262873, 262937, 262969, 263033, 263161, 263225, 263289, 263353, 263385, 263449, 263577, 263641, 263705, 263769, 263801, 263865, 264001, 264065, 264129, 264193, 264225, 264289, 264417, 264481, 264545, 264609, 264641, 264705, 264833, 264897, 264961, 265025, 265057, 265121, 265249, 265313, 265377, 265441, 265473, 265537, 265665, 265729, 265793, 265857, 265889, 265953, 266081, 266145, 266209, 266273, 266305, 266369, 266497, 266561, 266625, 266689, 266721, 266785, 266913, 266977, 267041, 267105, 267137, 267201, 267329, 267393, 267457, 267521, 267553, 267617, 267745, 267809, 267873, 267937, 267969, 268033, 268161, 268225, 268289, 268353, 268385, 268449, 268577, 268641, 268705, 268769, 268801, 268865, 269001, 269065, 269129, 269193, 269225, 269289, 269417, 269481, 269545, 269609, 269641, 269705, 269833, 269897, 269961, 270025, 270057, 270121, 270249, 270313, 270377, 270441, 270473, 270537, 270665, 270729, 270793, 270857, 270889, 270953, 271081, 271145, 271209, 271273, 271305, 271369, 271497, 271561, 271625, 271689, 271721, 271785, 271913, 271977, 272041, 272105, 272137, 272201, 272329, 272393, 272457, 272521, 272553, 272617, 272745, 272809, 272873, 272937, 272969, 273033, 273161, 273225, 273289, 273353, 273385, 273449, 273577, 273641, 273705, 273769, 273801, 273865, 274001, 274065, 274129, 274193, 274225, 274289, 274417, 274481, 274545, 274609, 274641, 274705, 274833, 274897, 274961, 275025, 275057, 275121, 275249, 275313, 275377, 275441, 275473, 275537, 275665, 275729, 275793, 275857, 275889, 275953, 276081, 276145, 276209, 276273, 276305, 276369, 276497, 276561, 276625, 276689, 276721, 276785, 276913, 276977, 277041, 277105, 277137, 277201, 277329, 277393, 277457, 277521, 277553, 277617, 277745, 277809, 277873, 277937, 277969, 278033, 278161, 278225, 278289, 278353, 278385, 278449, 278577, 278641, 278705, 278769, 278801, 278865, 279001, 279065, 279129, 279193, 279225, 279289, 279417, 279481, 279545, 279609, 279641, 279705, 279833, 279897, 279961, 280025, 280057, 280121, 280249, 280313, 280377, 280441, 280473, 280537, 280665, 280729, 280793, 280857, 280889, 280953, 281081, 281145, 281209, 281273, 281305, 281369, 281497, 281561, 281625, 281689, 281721, 281785, 281913, 281977, 282041, 282105, 282137, 282201, 282329, 282393, 282457, 282521, 282553, 282617, 282745, 282809, 282873, 282937, 282969, 283033, 283161, 283225, 283289, 283353, 283385, 283449, 283577, 283641, 283705, 283769, 283801, 283865, 284001, 284065, 284129, 284193, 284225, 284289, 284417, 284481, 284545, 284609, 284641, 284705, 284833, 284897, 284961, 285025, 285057, 285121, 285249, 285313, 285377, 285441, 285473, 285537, 285665, 285729, 285793, 285857, 285889, 285953, 286081, 286145, 286209, 286273, 286305, 286369, 286497, 286561, 286625, 286689, 286721, 286785, 286913, 286977, 287041, 287105, 287137, 287201, 287329, 287393, 287457, 287521, 287553, 287617, 287745, 287809, 287873, 287937, 287969, 288033, 288161, 288225, 288289, 288353, 288385, 288449, 288577, 288641, 288705, 288769,
Unfortunately, NO LATEX equation as well as no PYTHON CODE was successfully parsed into recursive function/equation.
Traceback (most recent call last):
  File "/ceph/grid/home/bgec/oeis/preng/oll_extract.py", line 507, in <module>
    decoded = decode_sequence_function(response, inits=inits)
              ^^^^^^^^^^^^^^^^^^^^^^^^^^^^^^^^^^^^^^^^^^^^^^^
  File "/ceph/grid/home/bgec/oeis/preng/parse_response.py", line 413, in decode_sequence_function
    raise ValueError("Could not locate a recursive sequence in the response.")
ValueError: Could not locate a recursive sequence in the response.
