test results being evaluated: data/test_cores25.tsv
csv file used: ../cores_test.csv
The sequence ID inspected: A001057
csv results file used: ../cores_test.csv
Results we are looking at now:
('Could you give me a recursive equation in a form of a Python code for the following number sequence: 0,1,-1,2,-2,3,-3,4,-4,5,-5,6,-6,7,-7,8,-8,9,-9,10,-10,11,-11,12,-12', 'Certainly, the Python code is the following: lambda a_n: -8 + n - a_n[-1]')

Experiment type: Evaluation of the results of llms.
Ground truth: [0, 1, -1, 2, -2, 3, -3, 4, -4, 5, -5, 6, -6, 7, -7, 8, -8, 9, -9, 10, -10, 11, -11, 12, -12, 13, -13, 14, -14, 15, -15, 16, -16, 17, -17, 18, -18, 19, -19, 20, -20, 21, -21, 22, -22, 23, -23, 24, -24, 25, -25, 26, -26, 27, -27, 28, -28, 29, -29, 30, -30, 31, -31, 32, -32, 33, -33, 34, -34, 35, -35, 36, -36, 37, -37, 38, -38, 39, -39, 40, -40, 41, -41, 42, -42, 43, -43, 44, -44, 45, -45, 46, -46, 47, -47, 48, -48, 49, -49, 50, -50, 51, -51, 52, -52, 53, -53, 54, -54, 55, -55, 56, -56, 57, -57, 58, -58, 59, -59, 60, -60, 61, -61, 62, -62, 63, -63, 64, -64, 65, -65, 66, -66, 67, -67, 68, -68, 69, -69, 70, -70, 71, -71, 72, -72, 73, -73, 74, -74, 75, -75, 76, -76, 77, -77, 78, -78, 79, -79, 80, -80, 81, -81, 82, -82, 83, -83, 84, -84, 85, -85, 86, -86, 87, -87, 88, -88, 89, -89, 90, -90, 91, -91, 92, -92, 93, -93, 94, -94, 95, -95, 96, -96, 97, -97, 98, -98, 99, -99, 100]
Predicted:    [0, 1, -1, 2, -2, 3, -3, 4, -4, 5, -5, 6, -6, 7, -7, 8, -8, 9, -9, 10, -10, 11, -11, 12, -12, 29, -11, 30, -10, 31, -9, 32, -8, 33, -7, 34, -6, 35, -5, 36, -4, 37, -3, 38, -2, 39, -1, 40, 0, 41, 1, 42, 2, 43, 3, 44, 4, 45, 5, 46, 6, 47, 7, 48, 8, 49, 9, 50, 10, 51, 11, 52, 12, 53, 13, 54, 14, 55, 15, 56, 16, 57, 17, 58, 18, 59, 19, 60, 20, 61, 21, 62, 22, 63, 23, 64, 24, 65, 25, 66, 26, 67, 27, 68, 28, 69, 29, 70, 30, 71, 31, 72, 32, 73, 33, 74, 34, 75, 35, 76, 36, 77, 37, 78, 38, 79, 39, 80, 40, 81, 41, 82, 42, 83, 43, 84, 44, 85, 45, 86, 46, 87, 47, 88, 48, 89, 49, 90, 50, 91, 51, 92, 52, 93, 53, 94, 54, 95, 55, 96, 56, 97, 57, 98, 58, 99, 59, 100, 60, 101, 61, 102, 62, 103, 63, 104, 64, 105, 65, 106, 66, 107, 67, 108, 68, 109, 69, 110, 70, 111, 71, 112, 72, 113, 73, 114, 74, 115, 75, 116]
len(predicted_full) = 200, len(input_sequence + seq_pred) = 200
is_manual_check: False
